1.0 0.8661666666666668 0.2555 0.0008333333333333333 0.023000000000000003 0.00016666666666666666 0.25083333333333324 0.001 0.03150000000000001 0.0 0.6614999999999999 0.5798333333333333 0.6588333333333333 0.5914999999999999 0.6644999999999999 0.5865 0.5975 0.6144999999999999 0.666 0.8411666666666666 0.22183333333333327 0.3643333333333333 0.20783333333333331 0.014833333333333336 0.0235 0.0018333333333333335 0.02383333333333334 0.01916666666666667 0.6008333333333332 0.5925 0.019499999999999997 0.011833333333333333 0.5834999999999999 0.5794999999999999 0.027166666666666672 0.023166666666666665 0.30616666666666664 0.2848333333333333 0.22366666666666662 0.04799999999999999 0.46016666666666667 0.6221666666666666 0.30550000000000005 0.3121666666666667 0.03966666666666666 0.025333333333333336 0.3375 0.25149999999999995 0.23400000000000007 0.045 0.15166666666666667 0.019833333333333335 0.5051666666666668 0.25683333333333347 0.4619999999999999 0.32266666666666666 0.7505000000000003 0.7116666666666667 0.6099999999999999 0.6029999999999999 0.47900000000000015 0.5746666666666665 0.5793333333333333 0.5803333333333334 0.004166666666666667 0.0008333333333333333 0.0011666666666666668 0.00016666666666666666 0.8636666666666665 0.8445 0.6081666666666667 0.601 0.8999999999999999 0.9058333333333333 0.5701666666666665 0.8918333333333335 0.6658333333333333 0.38666666666666666 0.5375000000000001 0.5753333333333334 0.581 0.5824999999999999 0.4911666666666668 0.5803333333333334 0.218 0.01266666666666667 0.09900000000000002 0.013000000000000001 0.1978333333333334 0.004833333333333333 
0.8661666666666668 1.0 0.2238333333333333 0.008 0.028833333333333336 0.007333333333333334 0.20133333333333328 0.008666666666666666 0.033666666666666664 0.007166666666666667 0.643 0.6358333333333333 0.6428333333333334 0.6128333333333333 0.5458333333333335 0.6421666666666667 0.6518333333333334 0.6671666666666667 0.5471666666666668 0.821 0.1886666666666667 0.309 0.18883333333333335 0.02066666666666667 0.029500000000000005 0.008333333333333333 0.029833333333333337 0.036500000000000005 0.6551666666666666 0.6474999999999999 0.025333333333333336 0.018166666666666668 0.6398333333333333 0.6351666666666665 0.03266666666666667 0.02833333333333334 0.254 0.23399999999999996 0.18600000000000005 0.035500000000000004 0.43533333333333346 0.6306666666666668 0.2691666666666666 0.27116666666666667 0.09200000000000003 0.06216666666666668 0.30533333333333335 0.23616666666666675 0.29633333333333345 0.07416666666666667 0.1825 0.038833333333333345 0.6226666666666665 0.3636666666666667 0.5158333333333335 0.3953333333333333 0.8111666666666666 0.7700000000000001 0.6573333333333332 0.6413333333333331 0.5346666666666667 0.6206666666666667 0.6356666666666667 0.6356666666666666 0.01 0.008166666666666668 0.011500000000000002 0.011166666666666668 0.8521666666666665 0.8201666666666669 0.4869999999999999 0.49900000000000005 0.7775000000000002 0.8923333333333333 0.4636666666666667 0.764166666666667 0.6823333333333335 0.4531666666666667 0.6663333333333336 0.5553333333333333 0.6369999999999999 0.6385000000000001 0.477 0.6359999999999999 0.19449999999999995 0.018 0.09000000000000002 0.018500000000000006 0.16866666666666666 0.010666666666666666 
0.2555 0.2238333333333333 1.0 0.7421666666666664 0.7650000000000001 0.7388333333333331 0.8818333333333335 0.7345 0.7721666666666668 0.7393333333333332 0.04616666666666666 0.0 0.044000000000000004 0.007000000000000002 0.45283333333333325 0.001 0.0025 0.0011666666666666668 0.44633333333333325 0.16383333333333333 0.5086666666666666 0.3393333333333333 0.9428333333333334 0.7568333333333332 0.765 0.7433333333333333 0.7661666666666668 0.7144999999999999 0.0008333333333333334 0.0008333333333333333 0.7613333333333333 0.7539999999999999 0.0 0.0 0.7695000000000001 0.7658333333333333 0.8786666666666666 0.9288333333333334 0.8831666666666668 0.7551666666666667 0.23800000000000002 0.031666666666666676 0.9126666666666666 0.8748333333333336 0.6010000000000002 0.6685000000000002 0.8401666666666666 0.8286666666666669 0.4046666666666666 0.6478333333333333 0.6936666666666667 0.6886666666666668 0.07500000000000001 0.3406666666666668 0.1356666666666667 0.3590000000000002 0.10216666666666668 0.061666666666666675 0.002 0.016166666666666666 0.08716666666666668 0.0034999999999999996 0.0 0.0 0.7461666666666666 0.7431666666666666 0.7374999999999998 0.7324999999999998 0.16766666666666674 0.16800000000000004 0.5501666666666669 0.5566666666666665 0.26966666666666667 0.23683333333333334 0.6168333333333333 0.2666666666666667 0.49550000000000005 0.4481666666666667 0.022166666666666668 0.152 0.00016666666666666666 0.00016666666666666666 0.09216666666666669 0.0 0.9486666666666669 0.7548333333333334 0.727 0.754833333333333 0.9069999999999999 0.7471666666666665 
0.0008333333333333333 0.008 0.7421666666666664 1.0 0.9755000000000001 0.9915 0.6885000000000001 0.930833333333333 0.9668333333333335 0.9911666666666668 0.0003333333333333333 0.008833333333333335 0.0003333333333333333 0.01566666666666667 0.19883333333333333 0.0018333333333333333 0.0003333333333333333 0.0005 0.19183333333333333 0.005666666666666666 0.7564999999999997 0.5826666666666667 0.7900000000000001 0.9838333333333334 0.9746666666666667 0.9970000000000002 0.9743333333333333 0.9680000000000004 0.0003333333333333333 0.0003333333333333333 0.9788333333333334 0.9865000000000002 0.0006666666666666666 0.004833333333333334 0.9708333333333331 0.975 0.6285 0.6865000000000001 0.7393333333333332 0.926833333333333 0.21583333333333332 0.0003333333333333333 0.6594999999999999 0.6271666666666665 0.7499999999999999 0.838 0.5906666666666667 0.6731666666666666 0.43416666666666665 0.869166666666667 0.6203333333333333 0.92 0.08616666666666666 0.34250000000000014 0.0876666666666667 0.43800000000000006 0.0011666666666666668 0.004 0.016166666666666666 0.11416666666666664 0.08916666666666666 0.0605 0.004 0.0055 0.9934999999999999 0.9973333333333335 0.9213333333333332 0.9111666666666665 0.0075 0.011833333333333336 0.2941666666666667 0.30583333333333335 0.013166666666666667 0.0006666666666666666 0.36150000000000004 0.010833333333333335 0.25616666666666665 0.4676666666666665 0.022333333333333334 0.08416666666666667 0.0005 0.0005 0.059500000000000004 0.0003333333333333333 0.7801666666666667 0.9861666666666666 0.8203333333333336 0.9860000000000001 0.7995 0.9933333333333336 
0.023000000000000003 0.028833333333333336 0.7650000000000001 0.9755000000000001 1.0 0.9693333333333335 0.7064999999999999 0.9141666666666661 0.9715000000000005 0.9683333333333336 0.00016666666666666666 0.0011666666666666668 0.0 0.0071666666666666675 0.22183333333333338 0.0003333333333333333 0.0 0.0 0.21466666666666664 0.014499999999999999 0.736 0.5615000000000001 0.8121666666666667 0.9835000000000004 0.9821666666666671 0.9761666666666668 0.9820000000000002 0.9478333333333333 0.0 0.0 0.9825000000000003 0.9826666666666668 0.0 0.00016666666666666666 0.9838333333333336 0.9855000000000004 0.6506666666666666 0.7096666666666667 0.7621666666666669 0.9239999999999999 0.2158333333333333 0.00016666666666666666 0.6824999999999999 0.6501666666666666 0.7354999999999998 0.8219999999999998 0.6138333333333333 0.6963333333333332 0.4254999999999999 0.8510000000000002 0.622 0.8998333333333332 0.07783333333333334 0.34083333333333343 0.08833333333333336 0.4336666666666666 0.012333333333333333 0.007666666666666667 0.008500000000000002 0.0995 0.08233333333333334 0.04750000000000001 0.0003333333333333333 0.0005 0.9788333333333337 0.9766666666666669 0.906833333333333 0.8944999999999997 0.018666666666666668 0.021666666666666664 0.31683333333333336 0.3281666666666667 0.03583333333333334 0.0225 0.3846666666666667 0.033166666666666664 0.2786666666666667 0.4716666666666665 0.022166666666666668 0.08533333333333332 0.0 0.0 0.06000000000000001 0.0 0.8023333333333333 0.9818333333333336 0.8290000000000002 0.9815000000000004 0.8206666666666664 0.9783333333333336 
0.00016666666666666666 0.007333333333333334 0.7388333333333331 0.9915 0.9693333333333335 1.0 0.6855000000000001 0.9371666666666663 0.9603333333333336 0.9946666666666668 0.005833333333333333 0.015333333333333334 0.005666666666666666 0.021833333333333337 0.19766666666666666 0.006499999999999999 0.005666666666666666 0.0051666666666666675 0.19099999999999998 0.005 0.758833333333333 0.5834999999999999 0.786 0.9781666666666666 0.9680000000000003 0.9911666666666668 0.9680000000000001 0.9625000000000002 0.005833333333333333 0.005833333333333333 0.9723333333333334 0.9805000000000003 0.006666666666666666 0.010666666666666666 0.9645 0.9688333333333335 0.6259999999999999 0.6816666666666668 0.7376666666666667 0.9206666666666663 0.22166666666666665 0.006 0.6564999999999999 0.6253333333333333 0.7563333333333333 0.8446666666666666 0.588 0.671 0.4391666666666667 0.8693333333333336 0.6224999999999999 0.9226666666666665 0.09083333333333334 0.3460000000000001 0.09350000000000003 0.441 0.0021666666666666666 0.0036666666666666666 0.022000000000000002 0.12116666666666663 0.09516666666666668 0.06716666666666665 0.009999999999999998 0.011833333333333333 0.9890000000000001 0.9916666666666668 0.9269999999999997 0.9178333333333333 0.006833333333333334 0.011166666666666668 0.29300000000000004 0.3048333333333334 0.012 0.00016666666666666666 0.35966666666666675 0.009666666666666667 0.25433333333333336 0.46816666666666656 0.028666666666666667 0.08899999999999998 0.006500000000000001 0.006500000000000001 0.06466666666666666 0.006333333333333333 0.7759999999999999 0.98 0.814166666666667 0.9795 0.7951666666666667 0.9873333333333335 
0.25083333333333324 0.20133333333333328 0.8818333333333335 0.6885000000000001 0.7064999999999999 0.6855000000000001 1.0 0.7068333333333334 0.7111666666666667 0.6873333333333335 0.11483333333333334 0.047333333333333345 0.11216666666666666 0.06333333333333334 0.4451666666666668 0.04866666666666667 0.05266666666666667 0.05116666666666667 0.44616666666666666 0.15083333333333335 0.4688333333333334 0.3336666666666667 0.8349999999999999 0.6976666666666667 0.7066666666666667 0.6880000000000002 0.706 0.6598333333333334 0.04933333333333333 0.04916666666666668 0.7040000000000001 0.696 0.04816666666666667 0.04733333333333333 0.7081666666666667 0.7045 0.8210000000000002 0.8669999999999998 0.8381666666666664 0.7063333333333333 0.28633333333333333 0.0931666666666667 0.8596666666666667 0.8478333333333333 0.6108333333333333 0.6598333333333332 0.8086666666666669 0.8095 0.4574999999999999 0.6225 0.7201666666666666 0.6598333333333334 0.11716666666666661 0.38783333333333336 0.19249999999999998 0.36383333333333334 0.08150000000000002 0.052333333333333315 0.0565 0.04933333333333332 0.15433333333333332 0.04383333333333333 0.04733333333333333 0.04716666666666667 0.6901666666666668 0.6890000000000001 0.7120000000000001 0.7095 0.15083333333333335 0.1556666666666667 0.5591666666666666 0.5556666666666668 0.27766666666666673 0.2211666666666667 0.6095000000000002 0.2776666666666668 0.44166666666666665 0.4433333333333332 0.06433333333333331 0.2083333333333333 0.04816666666666666 0.04833333333333333 0.15083333333333335 0.04766666666666666 0.8446666666666666 0.6956666666666667 0.6566666666666666 0.6958333333333333 0.8311666666666668 0.6910000000000001 
0.001 0.008666666666666666 0.7345 0.930833333333333 0.9141666666666661 0.9371666666666663 0.7068333333333334 1.0 0.9023333333333332 0.9376666666666662 0.055166666666666676 0.07500000000000004 0.05650000000000002 0.08100000000000002 0.19599999999999998 0.06483333333333335 0.06433333333333335 0.06350000000000001 0.1898333333333333 0.026833333333333334 0.7063333333333333 0.525 0.767 0.919833333333333 0.9119999999999997 0.9299999999999997 0.9131666666666663 0.9021666666666666 0.06500000000000002 0.06516666666666668 0.9153333333333329 0.9214999999999997 0.06583333333333335 0.07016666666666668 0.9101666666666663 0.913333333333333 0.6236666666666666 0.6763333333333335 0.7385 0.8644999999999999 0.2756666666666667 0.06050000000000002 0.6543333333333332 0.624 0.7888333333333335 0.892 0.5861666666666667 0.671 0.47466666666666674 0.8324999999999999 0.6373333333333334 0.8915000000000002 0.1403333333333333 0.39916666666666667 0.1431666666666667 0.49833333333333335 0.009833333333333338 0.03300000000000001 0.07866666666666669 0.17433333333333334 0.15483333333333332 0.12450000000000003 0.06883333333333336 0.07133333333333335 0.9281666666666664 0.9311666666666661 0.9570000000000001 0.9621666666666667 0.025 0.03000000000000001 0.292 0.30383333333333334 0.013000000000000003 0.0018333333333333333 0.3580000000000001 0.010833333333333332 0.2555 0.49016666666666664 0.08716666666666668 0.12683333333333338 0.06566666666666668 0.06566666666666668 0.11966666666666667 0.06550000000000002 0.7565 0.9219999999999996 0.7650000000000001 0.9204999999999995 0.7821666666666667 0.9266666666666662 
0.03150000000000001 0.033666666666666664 0.7721666666666668 0.9668333333333335 0.9715000000000005 0.9603333333333336 0.7111666666666667 0.9023333333333332 1.0 0.9608333333333335 0.0003333333333333333 0.002 0.0003333333333333333 0.0075000000000000015 0.23016666666666658 0.0008333333333333334 0.00016666666666666666 0.0005 0.22283333333333336 0.028166666666666673 0.7276666666666667 0.5549999999999999 0.8203333333333335 0.9773333333333339 0.9668333333333337 0.9678333333333335 0.9683333333333337 0.9389999999999996 0.00016666666666666666 0.0003333333333333333 0.9678333333333335 0.9738333333333338 0.0003333333333333333 0.001 0.9703333333333337 0.9726666666666672 0.656833333333333 0.7161666666666665 0.7446666666666664 0.9148333333333334 0.21066666666666667 0.0003333333333333333 0.6906666666666665 0.6583333333333333 0.7234999999999999 0.8083333333333332 0.6213333333333333 0.6843333333333333 0.4253333333333334 0.8401666666666671 0.6141666666666666 0.8899999999999997 0.07933333333333335 0.34183333333333343 0.08800000000000002 0.42016666666666663 0.007666666666666667 0.008666666666666666 0.010666666666666666 0.09466666666666669 0.08283333333333333 0.04783333333333334 0.001 0.0016666666666666668 0.9695000000000005 0.9675000000000002 0.8933333333333331 0.8815000000000002 0.032000000000000015 0.03516666666666668 0.325 0.33616666666666667 0.04450000000000001 0.029500000000000005 0.3926666666666668 0.04166666666666667 0.28633333333333333 0.4551666666666666 0.021833333333333337 0.08566666666666664 0.00016666666666666666 0.00016666666666666666 0.060500000000000005 0.0 0.8101666666666668 0.975666666666667 0.8208333333333335 0.9756666666666672 0.8225 0.9696666666666671 
0.0 0.007166666666666667 0.7393333333333332 0.9911666666666668 0.9683333333333336 0.9946666666666668 0.6873333333333335 0.9376666666666662 0.9608333333333335 1.0 0.0065000000000000014 0.01616666666666667 0.006166666666666667 0.022833333333333337 0.1978333333333333 0.0075 0.006166666666666667 0.006 0.19099999999999998 0.005833333333333334 0.761333333333333 0.5806666666666667 0.786 0.9783333333333333 0.9670000000000002 0.9900000000000001 0.9676666666666667 0.962166666666667 0.006333333333333334 0.006333333333333334 0.9716666666666667 0.980166666666667 0.007166666666666667 0.011500000000000002 0.9646666666666667 0.9690000000000002 0.6263333333333333 0.6819999999999999 0.7396666666666667 0.920833333333333 0.22199999999999995 0.006500000000000001 0.6571666666666667 0.6261666666666665 0.7558333333333331 0.8441666666666667 0.5888333333333333 0.6720000000000002 0.43866666666666665 0.8705000000000004 0.6221666666666666 0.9236666666666666 0.09166666666666665 0.3463333333333333 0.09350000000000001 0.444 0.0021666666666666666 0.004 0.022833333333333337 0.12149999999999998 0.09666666666666668 0.06749999999999998 0.010499999999999999 0.012333333333333333 0.9871666666666666 0.9910000000000001 0.9261666666666666 0.9179999999999999 0.007000000000000001 0.011333333333333336 0.29300000000000004 0.3048333333333334 0.012166666666666666 0.0 0.3598333333333334 0.009833333333333335 0.25466666666666665 0.46833333333333305 0.02866666666666667 0.08949999999999997 0.006999999999999999 0.006999999999999999 0.06516666666666666 0.006833333333333334 0.7753333333333333 0.9796666666666667 0.8143333333333335 0.9793333333333334 0.7953333333333333 0.9866666666666668 
0.6614999999999999 0.643 0.04616666666666666 0.0003333333333333333 0.00016666666666666666 0.005833333333333333 0.11483333333333334 0.055166666666666676 0.0003333333333333333 0.0065000000000000014 1.0 0.8894999999999997 0.9796666666666671 0.8999999999999997 0.3935 0.8958333333333333 0.9131666666666663 0.9031666666666665 0.3575 0.6623333333333332 0.21700000000000003 0.2783333333333333 0.01716666666666667 0.0 0.0008333333333333333 0.0005 0.001 0.0005 0.9106666666666663 0.9083333333333331 0.0008333333333333333 0.00016666666666666666 0.9006666666666665 0.8933333333333331 0.0005 0.0006666666666666666 0.08800000000000002 0.07300000000000002 0.08 0.03483333333333333 0.74 0.9408333333333332 0.06483333333333331 0.07983333333333334 0.13683333333333336 0.07533333333333334 0.08283333333333337 0.07566666666666667 0.405 0.024833333333333332 0.22366666666666668 0.024333333333333335 0.6876666666666666 0.45150000000000007 0.7211666666666667 0.4291666666666667 0.7913333333333336 0.7949999999999998 0.8763333333333333 0.7776666666666664 0.7823333333333332 0.8458333333333333 0.8938333333333331 0.8923333333333332 0.0008333333333333333 0.0006666666666666666 0.06133333333333333 0.06383333333333335 0.6331666666666664 0.5981666666666666 0.32799999999999996 0.32716666666666666 0.625166666666667 0.6876666666666668 0.2661666666666667 0.6206666666666667 0.3565 0.32799999999999996 0.8066666666666664 0.8066666666666668 0.8993333333333333 0.8991666666666666 0.8031666666666666 0.8975 0.023333333333333338 0.0003333333333333333 0.034333333333333334 0.00016666666666666666 0.05850000000000002 0.0005 
0.5798333333333333 0.6358333333333333 0.0 0.008833333333333335 0.0011666666666666668 0.015333333333333334 0.047333333333333345 0.07500000000000004 0.002 0.01616666666666667 0.8894999999999997 1.0 0.894833333333333 0.9665000000000002 0.31016666666666676 0.9836666666666667 0.9723333333333337 0.9553333333333334 0.2723333333333333 0.7206666666666669 0.22766666666666674 0.2761666666666666 0.0 0.0036666666666666666 0.0016666666666666666 0.00816666666666667 0.0021666666666666666 0.00866666666666667 0.9681666666666671 0.9771666666666671 0.0023333333333333335 0.003666666666666667 0.9851666666666667 0.9925000000000002 0.0018333333333333335 0.0026666666666666666 0.015000000000000003 0.0023333333333333335 0.009500000000000001 0.006833333333333334 0.7081666666666669 0.9329999999999999 0.0 0.002833333333333333 0.1648333333333334 0.10433333333333335 0.0023333333333333335 0.008166666666666668 0.38049999999999984 0.025 0.16450000000000004 0.0315 0.7466666666666667 0.4826666666666666 0.6771666666666667 0.5021666666666667 0.813833333333333 0.8503333333333336 0.9376666666666668 0.8638333333333332 0.8091666666666666 0.9425000000000003 0.9903333333333335 0.9905000000000003 0.008833333333333335 0.009333333333333334 0.08100000000000002 0.0935 0.6865000000000001 0.6508333333333332 0.2335 0.2616666666666666 0.5379999999999999 0.6685000000000002 0.18033333333333332 0.5250000000000001 0.3393333333333334 0.3760000000000001 0.8924999999999998 0.7143333333333334 0.9878333333333335 0.9860000000000002 0.7799999999999997 0.9866666666666668 0.0 0.0055 0.016000000000000004 0.005333333333333333 0.0003333333333333333 0.0085 
0.6588333333333333 0.6428333333333334 0.044000000000000004 0.0003333333333333333 0.0 0.005666666666666666 0.11216666666666666 0.05650000000000002 0.0003333333333333333 0.006166666666666667 0.9796666666666671 0.894833333333333 1.0 0.9029999999999997 0.3893333333333333 0.9021666666666666 0.918833333333333 0.9078333333333332 0.35483333333333333 0.6646666666666665 0.21800000000000008 0.27866666666666673 0.016666666666666666 0.0 0.0006666666666666666 0.0005 0.0008333333333333334 0.0006666666666666666 0.9146666666666663 0.9139999999999995 0.0006666666666666666 0.00016666666666666666 0.9056666666666665 0.8989999999999998 0.0008333333333333333 0.0005 0.08483333333333336 0.0706666666666667 0.07683333333333335 0.034999999999999996 0.7403333333333333 0.9451666666666667 0.06216666666666664 0.0765 0.138 0.07766666666666666 0.07933333333333334 0.07233333333333333 0.4035000000000001 0.024 0.22083333333333324 0.024333333333333335 0.6895000000000002 0.451 0.7278333333333333 0.4326666666666668 0.7900000000000001 0.7983333333333331 0.8769999999999999 0.7816666666666667 0.7843333333333332 0.851 0.9001666666666663 0.8979999999999998 0.0008333333333333333 0.0006666666666666666 0.062333333333333345 0.065 0.6356666666666666 0.5998333333333331 0.32366666666666666 0.32366666666666666 0.6185 0.6851666666666665 0.2615 0.6153333333333333 0.354 0.3275 0.812333333333333 0.8063333333333333 0.9046666666666664 0.9054999999999996 0.8091666666666667 0.9034999999999996 0.022166666666666668 0.0 0.0345 0.0 0.05666666666666667 0.0003333333333333333 
0.5914999999999999 0.6128333333333333 0.007000000000000002 0.01566666666666667 0.0071666666666666675 0.021833333333333337 0.06333333333333334 0.08100000000000002 0.0075000000000000015 0.022833333333333337 0.8999999999999997 0.9665000000000002 0.9029999999999997 1.0 0.3181666666666667 0.9538333333333335 0.9443333333333337 0.9266666666666669 0.2815 0.6941666666666664 0.22966666666666666 0.27166666666666656 0.0036666666666666666 0.008666666666666668 0.007000000000000002 0.014666666666666668 0.007500000000000002 0.015333333333333336 0.9395000000000003 0.9485000000000003 0.007833333333333336 0.008666666666666668 0.9566666666666669 0.9616666666666667 0.007000000000000002 0.008000000000000002 0.03516666666666667 0.01983333333333334 0.028666666666666667 0.01766666666666667 0.7201666666666666 0.9340000000000002 0.01316666666666667 0.021000000000000005 0.1698333333333334 0.11000000000000001 0.018333333333333337 0.023833333333333342 0.38199999999999995 0.033999999999999996 0.17783333333333334 0.042333333333333334 0.7178333333333334 0.45949999999999996 0.6849999999999998 0.4848333333333334 0.786 0.8218333333333332 0.9085000000000001 0.8395000000000001 0.8223333333333332 0.9233333333333337 0.9598333333333335 0.9616666666666669 0.015333333333333336 0.01616666666666667 0.08500000000000002 0.09883333333333334 0.6595 0.6238333333333332 0.24666666666666665 0.25549999999999995 0.5479999999999999 0.6483333333333333 0.19333333333333338 0.5388333333333334 0.32666666666666655 0.3603333333333332 0.8651666666666665 0.7221666666666667 0.9600000000000003 0.9575 0.7856666666666665 0.9585000000000001 0.004333333333333333 0.011000000000000001 0.024499999999999997 0.010666666666666668 0.01666666666666667 0.01516666666666667 
0.6644999999999999 0.5458333333333335 0.45283333333333325 0.19883333333333333 0.22183333333333338 0.19766666666666666 0.4451666666666668 0.19599999999999998 0.23016666666666658 0.1978333333333333 0.3935 0.31016666666666676 0.3893333333333333 0.3181666666666667 1.0 0.31600000000000006 0.3263333333333334 0.3426666666666667 0.9350000000000002 0.574 0.41033333333333344 0.5428333333333334 0.40666666666666673 0.21366666666666667 0.2223333333333333 0.2 0.22283333333333324 0.20016666666666666 0.3301666666666667 0.3215 0.21816666666666662 0.2101666666666667 0.31250000000000006 0.3096666666666667 0.22616666666666663 0.22216666666666662 0.5218333333333334 0.4886666666666667 0.42233333333333334 0.2628333333333333 0.20566666666666666 0.35433333333333317 0.49416666666666664 0.4871666666666667 0.212 0.1988333333333333 0.5136666666666668 0.4274999999999999 0.3903333333333333 0.23066666666666655 0.3140000000000001 0.20066666666666666 0.36516666666666664 0.4088333333333335 0.38050000000000006 0.022333333333333334 0.43433333333333346 0.39550000000000013 0.3396666666666667 0.3348333333333333 0.19266666666666665 0.3060000000000001 0.3088333333333334 0.31000000000000005 0.2028333333333334 0.19933333333333336 0.19833333333333333 0.19699999999999995 0.5518333333333334 0.5483333333333333 0.8254999999999998 0.8188333333333334 0.6518333333333334 0.633 0.6458333333333335 0.6535000000000001 0.36599999999999994 0.12400000000000003 0.21783333333333327 0.4828333333333334 0.3100000000000001 0.31083333333333335 0.4983333333333333 0.30900000000000005 0.4163333333333334 0.21150000000000002 0.3723333333333332 0.2115 0.3945 0.20383333333333334 
0.5865 0.6421666666666667 0.001 0.0018333333333333333 0.0003333333333333333 0.006499999999999999 0.04866666666666667 0.06483333333333335 0.0008333333333333334 0.0075 0.8958333333333333 0.9836666666666667 0.9021666666666666 0.9538333333333335 0.31600000000000006 1.0 0.9793333333333336 0.9673333333333334 0.27816666666666656 0.7264999999999999 0.2205 0.2718333333333333 0.0003333333333333333 0.0006666666666666666 0.00016666666666666666 0.002 0.0006666666666666666 0.002 0.9758333333333339 0.9838333333333337 0.00016666666666666666 0.0006666666666666666 0.9901666666666668 0.9878333333333335 0.0003333333333333333 0.0005 0.016333333333333335 0.002833333333333333 0.009000000000000001 0.006333333333333333 0.7130000000000003 0.9350000000000002 0.0011666666666666668 0.0035000000000000005 0.15266666666666673 0.09400000000000003 0.004333333333333333 0.0075000000000000015 0.37316666666666654 0.017166666666666674 0.15616666666666668 0.023333333333333338 0.7493333333333334 0.4949999999999999 0.6794999999999999 0.5055000000000001 0.8229999999999998 0.8591666666666669 0.9366666666666668 0.8545000000000001 0.7988333333333333 0.9296666666666669 0.9890000000000002 0.9868333333333336 0.0023333333333333335 0.0021666666666666666 0.07216666666666667 0.08350000000000005 0.6921666666666667 0.6558333333333333 0.23950000000000002 0.26799999999999996 0.5441666666666667 0.6750000000000002 0.1861666666666667 0.5305000000000001 0.3438333333333333 0.3708333333333334 0.895833333333333 0.7220000000000003 0.9891666666666669 0.9896666666666669 0.7849999999999997 0.9893333333333336 0.0003333333333333333 0.0011666666666666668 0.014333333333333339 0.0011666666666666668 0.00016666666666666666 0.0018333333333333333 
0.5975 0.6518333333333334 0.0025 0.0003333333333333333 0.0 0.005666666666666666 0.05266666666666667 0.06433333333333335 0.00016666666666666666 0.006166666666666667 0.9131666666666663 0.9723333333333337 0.918833333333333 0.9443333333333337 0.3263333333333334 0.9793333333333336 1.0 0.9743333333333336 0.2888333333333334 0.7273333333333334 0.21950000000000003 0.2801666666666667 0.0005 0.0 0.0 0.0005 0.0 0.0005 0.9865000000000004 0.9908333333333337 0.0 0.0 0.983166666666667 0.9765000000000005 0.0 0.0 0.01933333333333334 0.007000000000000001 0.012666666666666668 0.006833333333333333 0.7168333333333333 0.9350000000000002 0.005 0.0095 0.1483333333333334 0.09300000000000001 0.013333333333333332 0.012666666666666668 0.38799999999999985 0.01716666666666667 0.16250000000000003 0.02183333333333334 0.7503333333333336 0.5001666666666668 0.6798333333333332 0.5015000000000001 0.8329999999999999 0.8636666666666667 0.9383333333333331 0.8493333333333334 0.7895000000000002 0.9170000000000003 0.9763333333333335 0.9755000000000004 0.0008333333333333333 0.0006666666666666666 0.07183333333333333 0.08233333333333338 0.6940000000000001 0.6571666666666668 0.2508333333333333 0.2786666666666666 0.5553333333333333 0.6855 0.19666666666666668 0.5421666666666668 0.3525 0.376 0.8894999999999998 0.7390000000000001 0.9825000000000003 0.9820000000000002 0.7831666666666665 0.980666666666667 0.0003333333333333333 0.0 0.014000000000000004 0.0 0.0018333333333333335 0.0003333333333333333 
0.6144999999999999 0.6671666666666667 0.0011666666666666668 0.0005 0.0 0.0051666666666666675 0.05116666666666667 0.06350000000000001 0.0005 0.006 0.9031666666666665 0.9553333333333334 0.9078333333333332 0.9266666666666669 0.3426666666666667 0.9673333333333334 0.9743333333333336 1.0 0.30600000000000005 0.7496666666666669 0.21933333333333332 0.29566666666666663 0.0006666666666666666 0.0 0.0 0.0006666666666666666 0.0 0.0006666666666666666 0.980166666666667 0.9758333333333336 0.0 0.0 0.9671666666666668 0.9605000000000001 0.0 0.0 0.018833333333333334 0.004999999999999999 0.010333333333333335 0.005833333333333333 0.6978333333333333 0.9116666666666666 0.0055000000000000005 0.009333333333333336 0.13966666666666672 0.0915 0.019333333333333334 0.011500000000000002 0.3925 0.02 0.15383333333333332 0.022000000000000006 0.77 0.5195000000000001 0.6581666666666668 0.504 0.847 0.8853333333333331 0.9516666666666664 0.8511666666666667 0.7715000000000001 0.9010000000000001 0.9603333333333335 0.9591666666666666 0.001 0.0008333333333333333 0.07100000000000001 0.08200000000000003 0.7166666666666667 0.6805000000000001 0.26699999999999996 0.29566666666666674 0.5713333333333332 0.7018333333333334 0.21350000000000005 0.5583333333333333 0.36783333333333323 0.37400000000000005 0.8731666666666669 0.7353333333333335 0.9658333333333333 0.9656666666666669 0.7614999999999997 0.9643333333333334 0.0003333333333333333 0.0 0.013833333333333338 0.00016666666666666666 0.0006666666666666666 0.0003333333333333333 
0.666 0.5471666666666668 0.44633333333333325 0.19183333333333333 0.21466666666666664 0.19099999999999998 0.44616666666666666 0.1898333333333333 0.22283333333333336 0.19099999999999998 0.3575 0.2723333333333333 0.35483333333333333 0.2815 0.9350000000000002 0.27816666666666656 0.2888333333333334 0.30600000000000005 1.0 0.5399999999999998 0.4110000000000001 0.5648333333333333 0.39933333333333343 0.20616666666666664 0.21533333333333332 0.1925 0.21533333333333327 0.20683333333333326 0.29233333333333333 0.2843333333333333 0.21099999999999994 0.20316666666666666 0.275 0.27216666666666667 0.21866666666666668 0.21466666666666662 0.5135000000000001 0.4825000000000001 0.4176666666666666 0.2553333333333334 0.19100000000000006 0.3171666666666666 0.5021666666666668 0.5013333333333335 0.2296666666666666 0.21333333333333335 0.5330000000000001 0.44850000000000007 0.4169999999999998 0.24966666666666662 0.3393333333333334 0.20999999999999994 0.3666666666666667 0.4115 0.38150000000000006 0.04033333333333334 0.43299999999999983 0.39433333333333337 0.30900000000000005 0.29600000000000004 0.18300000000000005 0.26816666666666666 0.27166666666666667 0.2725 0.19566666666666666 0.1923333333333333 0.19233333333333336 0.19083333333333333 0.5536666666666669 0.5798333333333332 0.8360000000000001 0.8218333333333335 0.6586666666666668 0.5985 0.667 0.6625 0.38749999999999996 0.14583333333333331 0.217 0.4775000000000002 0.2724999999999999 0.27366666666666667 0.4601666666666668 0.2711666666666666 0.4088333333333333 0.2041666666666667 0.36400000000000005 0.20416666666666664 0.3883333333333334 0.19649999999999998 
0.8411666666666666 0.821 0.16383333333333333 0.005666666666666666 0.014499999999999999 0.005 0.15083333333333335 0.026833333333333334 0.028166666666666673 0.005833333333333334 0.6623333333333332 0.7206666666666669 0.6646666666666665 0.6941666666666664 0.574 0.7264999999999999 0.7273333333333334 0.7496666666666669 0.5399999999999998 1.0 0.21866666666666668 0.3549999999999999 0.153 0.015000000000000003 0.012 0.006 0.01316666666666667 0.005833333333333334 0.7383333333333334 0.7296666666666667 0.011166666666666667 0.011000000000000001 0.7213333333333333 0.7206666666666667 0.017 0.01466666666666667 0.18866666666666668 0.16983333333333334 0.11183333333333334 0.012166666666666668 0.4891666666666667 0.6651666666666668 0.18066666666666664 0.18 0.05149999999999998 0.04466666666666667 0.19899999999999995 0.11833333333333335 0.22583333333333336 0.023 0.05549999999999998 0.01516666666666667 0.5934999999999999 0.33616666666666667 0.4126666666666667 0.40266666666666673 0.7673333333333332 0.8 0.7470000000000002 0.7403333333333335 0.5373333333333332 0.7010000000000001 0.721 0.7221666666666667 0.0085 0.005833333333333334 0.036500000000000005 0.045 0.9470000000000002 0.92 0.5021666666666668 0.53 0.804666666666667 0.8811666666666664 0.44283333333333325 0.7915000000000001 0.5883333333333334 0.3921666666666668 0.6266666666666668 0.5055000000000001 0.7184999999999998 0.7196666666666666 0.5229999999999998 0.7201666666666665 0.15483333333333335 0.014000000000000002 0.0645 0.014333333333333335 0.10400000000000001 0.009000000000000001 
0.22183333333333327 0.1886666666666667 0.5086666666666666 0.7564999999999997 0.736 0.758833333333333 0.4688333333333334 0.7063333333333333 0.7276666666666667 0.761333333333333 0.21700000000000003 0.22766666666666674 0.21800000000000008 0.22966666666666666 0.41033333333333344 0.2205 0.21950000000000003 0.21933333333333332 0.4110000000000001 0.21866666666666668 1.0 0.8038333333333333 0.5551666666666667 0.7446666666666664 0.7351666666666664 0.7571666666666664 0.7353333333333333 0.7721666666666662 0.21983333333333335 0.21966666666666668 0.7396666666666666 0.7476666666666664 0.21966666666666668 0.22283333333333338 0.7324999999999998 0.7361666666666664 0.3953333333333333 0.4521666666666666 0.5095000000000001 0.6883333333333335 0.23499999999999996 0.21833333333333335 0.4718333333333334 0.44999999999999996 0.6186666666666667 0.6880000000000002 0.44333333333333336 0.5215 0.5226666666666666 0.7263333333333334 0.4806666666666667 0.7436666666666666 0.259 0.44116666666666676 0.20383333333333337 0.28733333333333333 0.22299999999999995 0.22616666666666663 0.2328333333333334 0.33416666666666667 0.12983333333333336 0.275 0.22266666666666673 0.22500000000000006 0.7541666666666664 0.7566666666666663 0.6960000000000001 0.6863333333333336 0.22816666666666666 0.2311666666666666 0.4753333333333334 0.51 0.21 0.2125 0.3441666666666666 0.20466666666666658 0.10866666666666663 0.31366666666666676 0.1636666666666667 0.30866666666666664 0.21983333333333335 0.22000000000000003 0.27649999999999997 0.21983333333333335 0.5449999999999999 0.7468333333333331 0.5813333333333334 0.7468333333333332 0.5641666666666668 0.7539999999999997 
0.3643333333333333 0.309 0.3393333333333333 0.5826666666666667 0.5615000000000001 0.5834999999999999 0.3336666666666667 0.525 0.5549999999999999 0.5806666666666667 0.2783333333333333 0.2761666666666666 0.27866666666666673 0.27166666666666656 0.5428333333333334 0.2718333333333333 0.2801666666666667 0.29566666666666663 0.5648333333333333 0.3549999999999999 0.8038333333333333 1.0 0.38366666666666677 0.569 0.5608333333333334 0.5826666666666667 0.5600000000000002 0.5993333333333332 0.28833333333333333 0.2791666666666666 0.565 0.573 0.2706666666666667 0.2716666666666666 0.5570000000000003 0.5606666666666666 0.23250000000000004 0.29400000000000004 0.3348333333333332 0.5131666666666667 0.13300000000000003 0.2605 0.33133333333333326 0.3335 0.5135000000000001 0.5216666666666667 0.36316666666666664 0.3791666666666666 0.5636666666666666 0.5856666666666668 0.36016666666666675 0.5753333333333334 0.35749999999999993 0.5235 0.25400000000000006 0.12816666666666668 0.32266666666666666 0.3283333333333333 0.3141666666666666 0.3964999999999999 0.15549999999999997 0.32266666666666666 0.27149999999999996 0.2739999999999999 0.5804999999999999 0.5833333333333334 0.5163333333333334 0.5070000000000001 0.3748333333333332 0.40033333333333326 0.6139999999999999 0.649 0.34616666666666673 0.3333333333333332 0.42450000000000004 0.343 0.125 0.17716666666666664 0.22016666666666673 0.38016666666666665 0.2676666666666666 0.2693333333333333 0.32199999999999995 0.2681666666666666 0.37566666666666665 0.5714999999999999 0.4063333333333333 0.5710000000000001 0.3903333333333333 0.579 
0.20783333333333331 0.18883333333333335 0.9428333333333334 0.7900000000000001 0.8121666666666667 0.786 0.8349999999999999 0.767 0.8203333333333335 0.786 0.01716666666666667 0.0 0.016666666666666666 0.0036666666666666666 0.40666666666666673 0.0003333333333333333 0.0005 0.0006666666666666666 0.39933333333333343 0.153 0.5551666666666667 0.38366666666666677 1.0 0.8053333333333333 0.8131666666666668 0.7915000000000001 0.8140000000000002 0.7633333333333334 0.00016666666666666666 0.0003333333333333333 0.8098333333333335 0.8021666666666668 0.0 0.0 0.817666666666667 0.8139999999999997 0.8321666666666665 0.8908333333333335 0.8438333333333332 0.7783333333333331 0.21849999999999992 0.011000000000000001 0.8646666666666668 0.8271666666666665 0.6299999999999998 0.6948333333333333 0.7906666666666666 0.7861666666666665 0.40599999999999986 0.6848333333333332 0.6576666666666666 0.7290000000000001 0.07533333333333334 0.3416666666666668 0.10900000000000003 0.3656666666666667 0.08200000000000002 0.05266666666666667 0.0031666666666666666 0.022333333333333334 0.0815 0.007666666666666667 0.0 0.0 0.7950000000000002 0.7910000000000003 0.7680000000000001 0.7595000000000001 0.15716666666666662 0.1575 0.5013333333333331 0.5116666666666666 0.22083333333333333 0.19766666666666663 0.5693333333333332 0.21800000000000005 0.4578333333333333 0.42883333333333334 0.022666666666666665 0.11800000000000002 0.00016666666666666666 0.00016666666666666666 0.07516666666666665 0.0 0.973833333333334 0.8029999999999999 0.7625 0.8026666666666665 0.8948333333333329 0.7953333333333334 
0.014833333333333336 0.02066666666666667 0.7568333333333332 0.9838333333333334 0.9835000000000004 0.9781666666666666 0.6976666666666667 0.919833333333333 0.9773333333333339 0.9783333333333333 0.0 0.0036666666666666666 0.0 0.008666666666666668 0.21366666666666667 0.0006666666666666666 0.0 0.0 0.20616666666666664 0.015000000000000003 0.7446666666666664 0.569 0.8053333333333333 1.0 0.9801666666666669 0.9848333333333334 0.982 0.9563333333333337 0.0 0.0 0.9828333333333333 0.9915000000000002 0.0 0.0018333333333333333 0.9843333333333334 0.9876666666666669 0.6425 0.7008333333333335 0.7533333333333333 0.931833333333333 0.21533333333333327 0.00016666666666666666 0.6736666666666667 0.6413333333333331 0.7391666666666665 0.825333333333333 0.605 0.6851666666666665 0.42650000000000005 0.8558333333333337 0.6170000000000001 0.9065000000000001 0.08066666666666666 0.34216666666666673 0.08800000000000001 0.4353333333333333 0.0055 0.006833333333333333 0.011666666666666665 0.10266666666666666 0.084 0.051 0.002 0.002833333333333333 0.986666666666667 0.9835000000000003 0.9098333333333332 0.8988333333333333 0.018500000000000006 0.021500000000000005 0.3078333333333334 0.31983333333333336 0.027000000000000003 0.014500000000000002 0.3753333333333334 0.0245 0.27066666666666667 0.46649999999999975 0.022166666666666668 0.08483333333333333 0.0 0.0 0.060166666666666674 0.0 0.7951666666666667 0.9926666666666668 0.834166666666667 0.9933333333333334 0.8148333333333336 0.9863333333333337 
0.0235 0.029500000000000005 0.765 0.9746666666666667 0.9821666666666671 0.9680000000000003 0.7066666666666667 0.9119999999999997 0.9668333333333337 0.9670000000000002 0.0008333333333333333 0.0016666666666666666 0.0006666666666666666 0.007000000000000002 0.2223333333333333 0.00016666666666666666 0.0 0.0 0.21533333333333332 0.012 0.7351666666666664 0.5608333333333334 0.8131666666666668 0.9801666666666669 1.0 0.9755000000000003 0.9911666666666669 0.9465 0.0 0.0 0.992 0.9836666666666666 0.0 0.0005 0.9875000000000003 0.9888333333333336 0.6509999999999999 0.7093333333333333 0.7623333333333333 0.929833333333333 0.21649999999999994 0.0008333333333333334 0.6828333333333333 0.6508333333333334 0.7349999999999999 0.8208333333333333 0.6144999999999999 0.6961666666666666 0.42283333333333334 0.8476666666666668 0.627 0.8970000000000001 0.07716666666666665 0.34166666666666684 0.09016666666666667 0.43416666666666665 0.012000000000000002 0.007666666666666667 0.007833333333333335 0.10066666666666667 0.0815 0.04566666666666666 0.0008333333333333333 0.001 0.9738333333333334 0.9739999999999999 0.9059999999999998 0.8931666666666667 0.016166666666666666 0.017666666666666667 0.3171666666666667 0.32866666666666666 0.036500000000000005 0.02283333333333333 0.3851666666666666 0.03383333333333334 0.2791666666666666 0.4766666666666665 0.022000000000000002 0.09083333333333332 0.0 0.0 0.06066666666666667 0.0 0.8029999999999998 0.9788333333333334 0.8310000000000002 0.9785 0.8196666666666667 0.9733333333333337 
