1.0 0.5513333333333335 0.4470000000000002 0.2863333333333333 0.0315 0.2538333333333333 0.24916666666666668 0.32099999999999995 0.22666666666666668 0.23850000000000007 0.38916666666666666 0.37483333333333335 0.3669999999999998 0.40349999999999997 0.5049999999999999 0.20916666666666667 0.6830000000000002 0.3520000000000001 0.7685000000000002 0.5426666666666669 0.0115 0.05549999999999998 0.42650000000000005 0.353 0.27233333333333315 0.2421666666666667 0.011166666666666668 0.018000000000000002 0.3733333333333333 0.3016666666666667 0.36699999999999994 0.4351666666666667 0.1335 0.07333333333333336 0.29266666666666674 0.31799999999999995 0.08600000000000003 0.08650000000000002 0.08850000000000004 0.0915 0.09399999999999999 0.04783333333333333 0.4106666666666667 0.4379999999999999 0.3895 0.3758333333333333 0.3906666666666668 0.41383333333333316 0.42716666666666664 0.556 0.4371666666666668 0.4805000000000001 0.4983333333333334 0.5568333333333334 0.1255 0.474 0.4588333333333334 0.3023333333333333 0.31483333333333335 0.32100000000000006 0.34099999999999986 0.3606666666666666 0.2889999999999999 0.17033333333333342 0.30616666666666664 0.3741666666666665 0.033833333333333326 0.033999999999999996 0.43866666666666665 0.2143333333333333 0.23283333333333328 0.2608333333333333 0.42700000000000005 0.42166666666666663 0.3788333333333334 0.35383333333333333 0.7576666666666667 0.6585 0.5571666666666666 0.29400000000000004 0.24899999999999992 0.25016666666666665 0.18866666666666665 0.19849999999999995 0.11049999999999999 0.3083333333333334 0.04933333333333333 0.06133333333333334 0.19399999999999992 0.2975 
0.5513333333333335 1.0 0.4125000000000001 0.07466666666666667 0.3848333333333334 0.04966666666666666 0.19299999999999995 0.047166666666666676 0.21783333333333327 0.011333333333333332 0.07700000000000001 0.10066666666666667 0.07016666666666665 0.04533333333333333 0.2593333333333334 0.007166666666666667 0.36016666666666663 0.7276666666666667 0.6916666666666665 0.9821666666666669 0.19033333333333335 0.4470000000000001 0.26716666666666666 0.061500000000000006 0.18766666666666665 0.22449999999999992 0.2648333333333333 0.23633333333333326 0.42533333333333345 0.3990000000000002 0.7440000000000001 0.41533333333333333 0.5661666666666668 0.5123333333333333 0.1881666666666667 0.12099999999999994 0.001 0.0018333333333333335 0.0015000000000000002 0.0006666666666666666 0.1996666666666667 0.03816666666666666 0.5834999999999999 0.8393333333333335 0.7863333333333329 0.801333333333333 0.4483333333333333 0.37883333333333324 0.8551666666666666 0.6609999999999998 0.8676666666666668 0.8858333333333331 0.8778333333333336 0.9064999999999998 0.11083333333333335 0.38983333333333337 0.5279999999999999 0.6916666666666668 0.1486666666666667 0.14583333333333331 0.11983333333333338 0.103 0.42399999999999993 0.4861666666666667 0.11750000000000002 0.06483333333333333 0.45916666666666667 0.4610000000000001 0.8788333333333336 0.6539999999999999 0.6568333333333334 0.6896666666666669 0.7076666666666666 0.7034999999999999 0.7968333333333333 0.7839999999999999 0.3743333333333333 0.28900000000000003 0.5486666666666667 0.20049999999999998 0.35233333333333333 0.4765 0.1955 0.3118333333333333 0.33649999999999997 0.4083333333333334 0.03700000000000001 0.01633333333333333 0.0 0.046999999999999986 
0.4470000000000002 0.4125000000000001 1.0 0.5348333333333334 0.33933333333333343 0.39400000000000013 0.7038333333333335 0.49883333333333324 0.6851666666666668 0.43999999999999984 0.49383333333333346 0.4798333333333333 0.5573333333333333 0.47116666666666673 0.5725000000000001 0.4173333333333333 0.5636666666666668 0.42983333333333335 0.6473333333333333 0.4175000000000001 0.04150000000000001 0.3621666666666668 0.6731666666666668 0.3781666666666667 0.5146666666666667 0.30166666666666664 0.04999999999999999 0.027166666666666662 0.17916666666666667 0.17450000000000002 0.48383333333333345 0.6168333333333333 0.4919999999999999 0.41466666666666663 0.5883333333333333 0.5216666666666666 0.08016666666666668 0.07866666666666668 0.08033333333333335 0.09833333333333336 0.05550000000000001 0.019333333333333334 0.204 0.47083333333333344 0.43383333333333335 0.44316666666666665 0.21583333333333335 0.2396666666666666 0.4618333333333334 0.6586666666666666 0.4568333333333333 0.4388333333333334 0.3751666666666666 0.38116666666666665 0.09283333333333335 0.2645 0.1875 0.5053333333333332 0.591 0.5868333333333335 0.5686666666666668 0.542 0.16999999999999996 0.3453333333333333 0.6398333333333333 0.5428333333333334 0.4599999999999999 0.4593333333333333 0.4679999999999999 0.5436666666666666 0.5458333333333332 0.5473333333333333 0.4266666666666667 0.4136666666666667 0.4750000000000001 0.4906666666666667 0.32099999999999995 0.366 0.4131666666666667 0.21016666666666667 0.15683333333333335 0.34916666666666674 0.10583333333333332 0.11683333333333336 0.2563333333333333 0.07899999999999999 0.01916666666666667 0.03366666666666667 0.39349999999999985 0.48599999999999993 
0.2863333333333333 0.07466666666666667 0.5348333333333334 1.0 0.5066666666666667 0.7733333333333335 0.821 0.9270000000000002 0.8183333333333336 0.8503333333333335 0.7123333333333332 0.8213333333333331 0.8638333333333332 0.8481666666666667 0.5823333333333331 0.7696666666666665 0.3754999999999999 0.09733333333333336 0.3295000000000002 0.07750000000000001 0.29950000000000004 0.541 0.4523333333333332 0.6136666666666666 0.4515 0.3725 0.19316666666666663 0.2245 0.0375 0.08966666666666669 0.07849999999999997 0.3964999999999997 0.4294999999999998 0.5315 0.5185 0.5763333333333334 0.2845000000000001 0.2913333333333334 0.28600000000000003 0.30300000000000016 0.16349999999999998 0.21833333333333335 0.09016666666666667 0.08316666666666667 0.10566666666666666 0.12899999999999998 0.10233333333333329 0.14766666666666667 0.09550000000000003 0.29783333333333334 0.08583333333333334 0.06066666666666667 0.08683333333333333 0.1038333333333333 0.10183333333333332 0.15399999999999994 0.08683333333333336 0.33849999999999997 0.8623333333333332 0.8609999999999998 0.872 0.897 0.256 0.5223333333333334 0.8249999999999998 0.8619999999999998 0.5315000000000001 0.5346666666666666 0.1675 0.36883333333333346 0.327 0.32349999999999995 0.08866666666666666 0.08816666666666668 0.07683333333333332 0.09666666666666668 0.3646666666666667 0.49566666666666653 0.18683333333333332 0.17216666666666666 0.09016666666666667 0.3016666666666667 0.09999999999999998 0.09216666666666667 0.20366666666666663 0.22133333333333333 0.21833333333333335 0.2321666666666667 0.7118333333333333 0.7751666666666667 
0.0315 0.3848333333333334 0.33933333333333343 0.5066666666666667 1.0 0.5466666666666666 0.5783333333333333 0.4978333333333334 0.6215 0.5158333333333333 0.37799999999999995 0.4428333333333334 0.5231666666666669 0.4761666666666667 0.2633333333333333 0.4608333333333334 0.061833333333333323 0.3808333333333333 0.11266666666666664 0.38883333333333325 0.5018333333333335 0.8605000000000002 0.21349999999999997 0.19483333333333339 0.33583333333333326 0.44283333333333325 0.5134999999999998 0.4921666666666667 0.18366666666666667 0.17583333333333337 0.3951666666666667 0.22899999999999993 0.7450000000000001 0.8345 0.38083333333333336 0.38849999999999996 0.2323333333333333 0.24050000000000005 0.23416666666666663 0.2334999999999999 0.28583333333333333 0.26316666666666666 0.25249999999999995 0.4103333333333333 0.4358333333333335 0.42966666666666664 0.1465 0.099 0.40416666666666673 0.22383333333333333 0.412 0.38650000000000007 0.3504999999999999 0.3388333333333333 0.1285 0.069 0.1865 0.6113333333333333 0.5275 0.5161666666666667 0.5130000000000002 0.5045000000000002 0.4161666666666667 0.7488333333333332 0.5668333333333334 0.5321666666666669 0.8496666666666663 0.8488333333333331 0.47916666666666663 0.6821666666666666 0.6473333333333333 0.6356666666666667 0.2934999999999999 0.2853333333333333 0.4049999999999999 0.4141666666666668 0.10716666666666665 0.18650000000000005 0.22799999999999998 0.07133333333333336 0.183 0.3406666666666667 0.1476666666666667 0.19833333333333328 0.4905 0.3319999999999999 0.2635 0.24283333333333332 0.42366666666666675 0.4433333333333332 
0.2538333333333333 0.04966666666666666 0.39400000000000013 0.7733333333333335 0.5466666666666666 1.0 0.6696666666666666 0.7946666666666666 0.6649999999999997 0.8888333333333334 0.5941666666666666 0.6845000000000002 0.7333333333333333 0.7671666666666666 0.6296666666666668 0.8341666666666668 0.2818333333333334 0.05999999999999997 0.2325 0.04966666666666666 0.4523333333333335 0.4755000000000001 0.32266666666666666 0.5116666666666669 0.3481666666666668 0.35283333333333333 0.3550000000000001 0.38583333333333336 0.22949999999999995 0.23633333333333337 0.04650000000000001 0.281 0.36399999999999993 0.45783333333333337 0.39449999999999996 0.43766666666666665 0.3683333333333334 0.37566666666666654 0.36983333333333335 0.38099999999999995 0.31333333333333324 0.3431666666666667 0.22416666666666668 0.05916666666666666 0.08399999999999995 0.09549999999999999 0.22316666666666665 0.24000000000000005 0.06516666666666666 0.1851666666666667 0.044500000000000005 0.03966666666666668 0.059499999999999977 0.06266666666666663 0.2225 0.22650000000000006 0.24050000000000002 0.27833333333333327 0.7305000000000003 0.7281666666666666 0.7416666666666667 0.7464999999999999 0.2631666666666667 0.4739999999999999 0.6881666666666666 0.7425 0.4671666666666667 0.4686666666666667 0.10416666666666669 0.29833333333333334 0.25966666666666666 0.25566666666666665 0.067 0.06716666666666668 0.042333333333333334 0.04999999999999999 0.32516666666666666 0.40916666666666657 0.17583333333333329 0.2505 0.2386666666666667 0.21400000000000002 0.229 0.24233333333333337 0.1701666666666667 0.2414999999999999 0.34083333333333327 0.3396666666666666 0.7793333333333335 0.8391666666666667 
0.24916666666666668 0.19299999999999995 0.7038333333333335 0.821 0.5783333333333333 0.6696666666666666 1.0 0.7853333333333332 0.9328333333333336 0.7191666666666666 0.7198333333333334 0.7645000000000001 0.8375 0.7541666666666665 0.46699999999999997 0.6580000000000001 0.37733333333333335 0.22183333333333327 0.4484999999999999 0.19733333333333333 0.20466666666666666 0.6043333333333336 0.5634999999999999 0.4675000000000001 0.5879999999999999 0.43116666666666675 0.15650000000000003 0.14900000000000005 0.006666666666666666 0.002 0.2428333333333333 0.5149999999999999 0.5838333333333334 0.6473333333333335 0.6555000000000001 0.6495000000000002 0.19133333333333333 0.19766666666666668 0.19250000000000003 0.20916666666666667 0.07166666666666666 0.12483333333333332 0.0045000000000000005 0.24450000000000002 0.2655 0.28766666666666674 0.019000000000000003 0.06383333333333335 0.24866666666666665 0.44966666666666655 0.2426666666666666 0.21333333333333332 0.15883333333333333 0.153 0.014500000000000004 0.07000000000000002 0.007833333333333333 0.4235000000000001 0.8813333333333334 0.8736666666666665 0.8583333333333333 0.8318333333333331 0.25966666666666677 0.5638333333333333 0.9016666666666668 0.8235000000000002 0.6891666666666666 0.6889999999999997 0.28983333333333333 0.4894999999999999 0.48599999999999993 0.4671666666666666 0.1956666666666667 0.18799999999999997 0.2361666666666666 0.25333333333333324 0.32650000000000007 0.4366666666666666 0.22133333333333335 0.08233333333333333 0.0006666666666666666 0.27416666666666656 0.009833333333333335 0.0021666666666666666 0.32916666666666666 0.09383333333333332 0.12433333333333334 0.13883333333333334 0.6183333333333334 0.6621666666666667 
0.32099999999999995 0.047166666666666676 0.49883333333333324 0.9270000000000002 0.4978333333333334 0.7946666666666666 0.7853333333333332 1.0 0.7816666666666667 0.85 0.7171666666666668 0.8149999999999998 0.8681666666666669 0.8915000000000001 0.5793333333333331 0.7671666666666664 0.37966666666666676 0.06233333333333333 0.30616666666666675 0.04883333333333334 0.2935 0.5141666666666667 0.4341666666666666 0.6218333333333332 0.4255 0.3691666666666668 0.18783333333333332 0.22183333333333322 0.055333333333333304 0.08483333333333333 0.043833333333333335 0.3583333333333333 0.39399999999999996 0.496 0.49649999999999994 0.5663333333333334 0.278 0.28483333333333344 0.27949999999999986 0.29650000000000004 0.15799999999999995 0.2118333333333333 0.08549999999999999 0.05166666666666668 0.07533333333333331 0.09499999999999996 0.09799999999999998 0.14299999999999996 0.06283333333333334 0.264 0.051166666666666666 0.032333333333333325 0.06149999999999997 0.07699999999999997 0.09583333333333334 0.1495 0.10599999999999998 0.3018333333333334 0.8325000000000001 0.8328333333333334 0.8499999999999995 0.8773333333333331 0.2581666666666666 0.49749999999999994 0.8118333333333334 0.8750000000000001 0.4953333333333333 0.498 0.1323333333333333 0.33399999999999996 0.2925 0.2881666666666667 0.05316666666666667 0.056333333333333346 0.04266666666666667 0.06150000000000003 0.39516666666666667 0.5243333333333332 0.19033333333333335 0.1673333333333333 0.08549999999999999 0.2625 0.09466666666666665 0.08683333333333332 0.18816666666666662 0.23699999999999996 0.21183333333333326 0.22566666666666665 0.7071666666666667 0.7851666666666667 
0.22666666666666668 0.21783333333333327 0.6851666666666668 0.8183333333333336 0.6215 0.6649999999999997 0.9328333333333336 0.7816666666666667 1.0 0.7173333333333332 0.672 0.7548333333333332 0.8213333333333332 0.7526666666666665 0.4656666666666668 0.6535000000000001 0.3311666666666666 0.21466666666666662 0.42883333333333323 0.22283333333333327 0.20149999999999996 0.6463333333333332 0.5230000000000001 0.47016666666666673 0.5711666666666665 0.39683333333333337 0.16350000000000006 0.15266666666666667 0.005333333333333333 0.003 0.2421666666666667 0.4808333333333332 0.5748333333333333 0.6703333333333334 0.6246666666666667 0.6121666666666666 0.18716666666666665 0.1935 0.18833333333333335 0.20516666666666666 0.07083333333333332 0.12099999999999998 0.007000000000000001 0.24966666666666662 0.27216666666666667 0.2915 0.021500000000000005 0.06666666666666667 0.2558333333333333 0.4556666666666666 0.2483333333333333 0.21949999999999995 0.18066666666666667 0.1811666666666666 0.01966666666666667 0.07250000000000001 0.0055 0.45183333333333325 0.8691666666666668 0.8586666666666669 0.8435000000000002 0.8253333333333335 0.22966666666666666 0.5865 0.8624999999999998 0.8183333333333331 0.6789999999999999 0.6808333333333332 0.32233333333333325 0.5286666666666668 0.4846666666666667 0.4731666666666666 0.18266666666666673 0.17883333333333332 0.23266666666666663 0.24966666666666654 0.3003333333333334 0.4241666666666667 0.17250000000000004 0.08466666666666667 0.002833333333333333 0.2821666666666666 0.011833333333333338 0.0045 0.3403333333333333 0.10733333333333334 0.12050000000000001 0.135 0.6094999999999999 0.6613333333333334 
0.23850000000000007 0.011333333333333332 0.43999999999999984 0.8503333333333335 0.5158333333333333 0.8888333333333334 0.7191666666666666 0.85 0.7173333333333332 1.0 0.6096666666666668 0.7010000000000001 0.7531666666666668 0.7841666666666667 0.6860000000000003 0.9036666666666666 0.283 0.009166666666666668 0.2691666666666667 0.011833333333333333 0.4378333333333334 0.44133333333333324 0.36033333333333334 0.5784999999999999 0.38533333333333336 0.30383333333333334 0.3261666666666667 0.3575 0.15999999999999995 0.22283333333333324 0.006999999999999999 0.30216666666666664 0.33433333333333337 0.43133333333333335 0.4369999999999999 0.48283333333333334 0.4225000000000001 0.42916666666666664 0.42383333333333334 0.4409999999999998 0.3005000000000001 0.35633333333333334 0.21699999999999992 0.021 0.046166666666666654 0.05783333333333331 0.2226666666666666 0.2695 0.02683333333333334 0.22466666666666663 0.0075 0.0023333333333333335 0.03866666666666668 0.049666666666666644 0.23799999999999996 0.28449999999999986 0.19100000000000006 0.23816666666666667 0.7491666666666664 0.7436666666666666 0.7560000000000001 0.7631666666666668 0.18166666666666667 0.4163333333333331 0.7293333333333334 0.7648333333333334 0.4366666666666667 0.4398333333333333 0.07500000000000001 0.27083333333333326 0.23066666666666663 0.22650000000000003 0.010000000000000002 0.010000000000000002 0.003666666666666667 0.0125 0.321 0.42 0.10150000000000002 0.3085 0.22616666666666657 0.22766666666666674 0.23683333333333326 0.2284999999999999 0.17233333333333334 0.25033333333333335 0.35600000000000004 0.37 0.8484999999999998 0.8825000000000002 
0.38916666666666666 0.07700000000000001 0.49383333333333346 0.7123333333333332 0.37799999999999995 0.5941666666666666 0.7198333333333334 0.7171666666666668 0.672 0.6096666666666668 1.0 0.8298333333333335 0.8343333333333333 0.7545000000000003 0.393 0.5456666666666666 0.6193333333333333 0.2605 0.34850000000000003 0.07833333333333335 0.17933333333333337 0.3963333333333334 0.5333333333333335 0.5185 0.5271666666666668 0.4518333333333333 0.1441666666666667 0.15733333333333338 0.16899999999999998 0.11533333333333334 0.2373333333333333 0.5539999999999999 0.36150000000000015 0.3960000000000001 0.5986666666666667 0.6528333333333333 0.19766666666666663 0.2088333333333333 0.19650000000000006 0.21416666666666667 0.12683333333333335 0.129 0.015833333333333335 0.14466666666666664 0.16883333333333334 0.1678333333333333 0.02833333333333334 0.07266666666666666 0.12916666666666665 0.33433333333333337 0.1185 0.10833333333333327 0.06666666666666667 0.07133333333333333 0.013333333333333338 0.07933333333333333 0.0815 0.22099999999999997 0.7403333333333335 0.7465 0.7678333333333335 0.7739999999999998 0.3906666666666667 0.4108333333333332 0.787 0.804166666666667 0.4471666666666666 0.4470000000000001 0.14350000000000002 0.23066666666666666 0.28166666666666673 0.2446666666666667 0.2498333333333334 0.24616666666666667 0.22866666666666677 0.2360000000000001 0.46716666666666684 0.5796666666666667 0.4273333333333332 0.08633333333333333 0.07799999999999999 0.23366666666666663 0.010833333333333335 0.0045 0.26850000000000007 0.1421666666666667 0.12833333333333333 0.14183333333333334 0.5156666666666666 0.5660000000000001 
0.37483333333333335 0.10066666666666667 0.4798333333333333 0.8213333333333331 0.4428333333333334 0.6845000000000002 0.7645000000000001 0.8149999999999998 0.7548333333333332 0.7010000000000001 0.8298333333333335 1.0 0.8625 0.8543333333333334 0.456 0.6168333333333333 0.5109999999999998 0.19333333333333333 0.3525 0.1015 0.19249999999999998 0.5075 0.45199999999999996 0.5381666666666668 0.449 0.3778333333333333 0.1348333333333333 0.15350000000000003 0.12699999999999995 0.059 0.1348333333333333 0.47266666666666657 0.38016666666666643 0.4836666666666666 0.519 0.58 0.19833333333333333 0.21183333333333337 0.19916666666666663 0.21683333333333338 0.11650000000000003 0.13166666666666668 0.006 0.08883333333333335 0.10850000000000001 0.13916666666666663 0.018500000000000006 0.06283333333333334 0.10866666666666665 0.3150000000000001 0.0995 0.07316666666666667 0.07316666666666666 0.07966666666666666 0.012833333333333337 0.06983333333333333 0.05816666666666666 0.3231666666666666 0.8728333333333331 0.8765 0.8956666666666666 0.9138333333333333 0.3798333333333334 0.5346666666666668 0.7676666666666668 0.8516666666666666 0.4778333333333332 0.48133333333333317 0.17766666666666667 0.32066666666666666 0.27849999999999997 0.2835000000000001 0.19133333333333333 0.19366666666666668 0.13999999999999999 0.16566666666666663 0.4626666666666668 0.5966666666666667 0.30999999999999994 0.08449999999999999 0.05299999999999999 0.2923333333333334 0.010833333333333337 0.0034999999999999996 0.20266666666666672 0.1433333333333333 0.13099999999999998 0.14466666666666667 0.5663333333333332 0.655 
0.3669999999999998 0.07016666666666665 0.5573333333333333 0.8638333333333332 0.5231666666666669 0.7333333333333333 0.8375 0.8681666666666669 0.8213333333333332 0.7531666666666668 0.8343333333333333 0.8625 1.0 0.9005000000000001 0.5001666666666665 0.6755000000000001 0.46983333333333344 0.11633333333333332 0.3351666666666668 0.0745 0.20700000000000002 0.5428333333333335 0.512 0.5395 0.49950000000000006 0.43333333333333335 0.14216666666666666 0.15583333333333338 0.053166666666666675 0.0006666666666666666 0.10416666666666666 0.4236666666666666 0.43949999999999984 0.5343333333333333 0.5751666666666666 0.6390000000000001 0.19183333333333333 0.19849999999999998 0.1931666666666667 0.21033333333333334 0.0725 0.12566666666666665 0.00016666666666666666 0.1085 0.1335 0.13833333333333336 0.012833333333333334 0.057166666666666685 0.10266666666666664 0.30750000000000005 0.09383333333333335 0.07333333333333332 0.05449999999999997 0.06483333333333333 0.011500000000000002 0.06416666666666666 0.04416666666666666 0.34633333333333327 0.8831666666666668 0.8905000000000001 0.9088333333333335 0.9226666666666667 0.32000000000000006 0.5493333333333333 0.8901666666666667 0.9451666666666669 0.5466666666666666 0.5488333333333334 0.16883333333333334 0.3728333333333334 0.34616666666666673 0.3331666666666667 0.11033333333333331 0.10366666666666666 0.09433333333333334 0.10549999999999997 0.4401666666666667 0.5691666666666666 0.27766666666666673 0.08199999999999999 0.0 0.21483333333333335 0.009000000000000001 0.0021666666666666666 0.25166666666666676 0.13716666666666666 0.12566666666666668 0.13933333333333334 0.6203333333333334 0.7084999999999999 
0.40349999999999997 0.04533333333333333 0.47116666666666673 0.8481666666666667 0.4761666666666667 0.7671666666666666 0.7541666666666665 0.8915000000000001 0.7526666666666665 0.7841666666666667 0.7545000000000003 0.8543333333333334 0.9005000000000001 1.0 0.5366666666666666 0.7070000000000003 0.43350000000000016 0.06283333333333331 0.30266666666666675 0.0425 0.22833333333333333 0.49233333333333335 0.4308333333333333 0.5993333333333333 0.4198333333333334 0.3803333333333333 0.144 0.166 0.0845 0.02583333333333333 0.02633333333333333 0.35883333333333334 0.3621666666666667 0.46599999999999986 0.49133333333333334 0.5695000000000002 0.21383333333333343 0.22066666666666668 0.21533333333333332 0.2323333333333334 0.09416666666666662 0.14766666666666667 0.02533333333333333 0.03916666666666667 0.06449999999999999 0.07533333333333331 0.03766666666666667 0.08333333333333331 0.04716666666666665 0.24816666666666662 0.030833333333333338 0.01983333333333334 0.03466666666666667 0.04999999999999999 0.032833333333333325 0.08966666666666669 0.07983333333333334 0.30116666666666664 0.8530000000000001 0.8578333333333333 0.8785000000000001 0.9069999999999997 0.31133333333333346 0.512 0.8094999999999999 0.9106666666666671 0.463 0.46549999999999975 0.11499999999999996 0.30400000000000005 0.26249999999999996 0.2628333333333333 0.068 0.06916666666666667 0.020833333333333336 0.03683333333333333 0.47850000000000015 0.6041666666666667 0.23366666666666663 0.10333333333333332 0.02133333333333333 0.1821666666666667 0.03049999999999999 0.023333333333333327 0.18666666666666668 0.19399999999999995 0.14766666666666664 0.16149999999999998 0.6409999999999999 0.7395 
0.5049999999999999 0.2593333333333334 0.5725000000000001 0.5823333333333331 0.2633333333333333 0.6296666666666668 0.46699999999999997 0.5793333333333331 0.4656666666666668 0.6860000000000003 0.393 0.456 0.5001666666666665 0.5366666666666666 1.0 0.6606666666666665 0.5138333333333334 0.22166666666666676 0.5253333333333332 0.2591666666666667 0.2515 0.1996666666666667 0.4235 0.47200000000000003 0.25999999999999995 0.16516666666666666 0.19866666666666663 0.22066666666666657 0.39333333333333337 0.44049999999999995 0.22099999999999997 0.35350000000000004 0.18150000000000005 0.21116666666666664 0.30633333333333324 0.34000000000000014 0.2925 0.29100000000000004 0.2926666666666667 0.31083333333333324 0.29583333333333334 0.23149999999999993 0.42533333333333323 0.20950000000000008 0.156 0.1575 0.4056666666666664 0.4196666666666667 0.20083333333333336 0.38933333333333336 0.20250000000000007 0.21416666666666667 0.2445 0.2955 0.3085 0.4883333333333333 0.44483333333333325 0.3943333333333333 0.49499999999999994 0.49616666666666676 0.5003333333333333 0.5064999999999998 0.13566666666666666 0.2501666666666667 0.47850000000000015 0.5086666666666665 0.18266666666666664 0.1821666666666667 0.31116666666666665 0.36450000000000005 0.32333333333333336 0.3593333333333334 0.23216666666666658 0.2286666666666667 0.22000000000000003 0.225 0.3484999999999999 0.4193333333333334 0.3368333333333334 0.48150000000000004 0.4273333333333333 0.36216666666666675 0.3643333333333334 0.38716666666666677 0.053166666666666654 0.18799999999999997 0.23199999999999993 0.2458333333333333 0.6073333333333333 0.7371666666666666 
0.20916666666666667 0.007166666666666667 0.4173333333333333 0.7696666666666665 0.4608333333333334 0.8341666666666668 0.6580000000000001 0.7671666666666664 0.6535000000000001 0.9036666666666666 0.5456666666666666 0.6168333333333333 0.6755000000000001 0.7070000000000003 0.6606666666666665 1.0 0.2523333333333333 0.004666666666666667 0.251 0.007333333333333335 0.5121666666666667 0.37833333333333335 0.33083333333333337 0.5256666666666667 0.37516666666666665 0.2818333333333333 0.3886666666666666 0.4223333333333333 0.23233333333333334 0.30483333333333335 0.006666666666666667 0.29150000000000004 0.31083333333333335 0.38100000000000006 0.41166666666666674 0.4270000000000001 0.4981666666666667 0.505166666666667 0.4998333333333336 0.5163333333333333 0.37816666666666665 0.4321666666666668 0.2811666666666666 0.023999999999999994 0.04916666666666665 0.06066666666666665 0.28383333333333327 0.3315000000000001 0.029833333333333333 0.22383333333333325 0.004999999999999999 0.0045 0.04033333333333333 0.04716666666666665 0.3184999999999999 0.3546666666666667 0.2593333333333333 0.18866666666666665 0.6705000000000001 0.6706666666666667 0.6748333333333335 0.6811666666666667 0.18616666666666667 0.3608333333333333 0.6629999999999999 0.6776666666666666 0.3943333333333334 0.3965000000000001 0.04516666666666667 0.22083333333333333 0.19333333333333344 0.18616666666666667 0.006666666666666667 0.006500000000000001 0.0023333333333333335 0.009166666666666668 0.28966666666666663 0.347 0.07600000000000001 0.3895000000000002 0.3066666666666666 0.20750000000000005 0.31616666666666665 0.30933333333333324 0.20133333333333334 0.2688333333333333 0.43199999999999994 0.4458333333333334 0.9143333333333332 0.824 
0.6830000000000002 0.36016666666666663 0.5636666666666668 0.3754999999999999 0.061833333333333323 0.2818333333333334 0.37733333333333335 0.37966666666666676 0.3311666666666666 0.283 0.6193333333333333 0.5109999999999998 0.46983333333333344 0.43350000000000016 0.5138333333333334 0.2523333333333333 1.0 0.5916666666666669 0.6138333333333333 0.35466666666666663 0.0026666666666666666 0.09783333333333337 0.5451666666666667 0.3726666666666667 0.4013333333333333 0.28266666666666673 0.007833333333333333 0.014166666666666668 0.4894999999999999 0.4133333333333333 0.5115000000000001 0.6433333333333334 0.2023333333333333 0.1296666666666667 0.4416666666666667 0.44066666666666676 0.07183333333333333 0.07566666666666665 0.06966666666666668 0.08816666666666668 0.136 0.008333333333333333 0.23616666666666677 0.3088333333333333 0.2593333333333333 0.24716666666666665 0.20883333333333332 0.20716666666666658 0.2823333333333333 0.4746666666666666 0.31616666666666665 0.33 0.28550000000000003 0.33766666666666656 0.07566666666666666 0.2854999999999999 0.3741666666666666 0.3559999999999999 0.42083333333333345 0.42666666666666686 0.44583333333333336 0.45033333333333336 0.3996666666666666 0.2263333333333333 0.42700000000000005 0.4511666666666669 0.11783333333333333 0.11616666666666667 0.34600000000000003 0.2645 0.33549999999999996 0.34016666666666673 0.5794999999999999 0.5818333333333333 0.5246666666666665 0.5291666666666666 0.5505000000000001 0.5905 0.7739999999999999 0.2893333333333334 0.3231666666666666 0.375 0.1505 0.19399999999999998 0.13316666666666663 0.11800000000000002 0.008166666666666668 0.021666666666666664 0.23966666666666658 0.3395 
0.3520000000000001 0.7276666666666667 0.42983333333333335 0.09733333333333336 0.3808333333333333 0.05999999999999997 0.22183333333333327 0.06233333333333333 0.21466666666666662 0.009166666666666668 0.2605 0.19333333333333333 0.11633333333333332 0.06283333333333331 0.22166666666666676 0.004666666666666667 0.5916666666666669 1.0 0.44550000000000023 0.7241666666666666 0.19800000000000004 0.44883333333333325 0.3073333333333333 0.05349999999999998 0.23616666666666664 0.2541666666666666 0.26916666666666667 0.247 0.5588333333333333 0.5183333333333335 0.8381666666666667 0.5543333333333333 0.5885000000000001 0.5146666666666666 0.2565 0.1753333333333333 0.013666666666666667 0.019833333333333335 0.012166666666666668 0.012000000000000002 0.2615 0.048833333333333326 0.4068333333333334 0.6573333333333332 0.6021666666666667 0.6153333333333333 0.2776666666666666 0.19299999999999998 0.6543333333333333 0.473 0.6851666666666667 0.6876666666666665 0.6336666666666667 0.6523333333333333 0.11033333333333337 0.21300000000000005 0.4575000000000001 0.7298333333333332 0.1911666666666667 0.18883333333333327 0.16950000000000004 0.1426666666666667 0.5548333333333333 0.5325 0.15749999999999997 0.09700000000000003 0.49516666666666675 0.49516666666666664 0.7206666666666668 0.6479999999999998 0.7160000000000001 0.7266666666666667 0.8533333333333333 0.8493333333333335 0.8916666666666668 0.9083333333333333 0.22016666666666665 0.2255 0.7653333333333336 0.21849999999999994 0.44750000000000006 0.5808333333333333 0.20800000000000002 0.3278333333333333 0.3538333333333334 0.24266666666666672 0.046833333333333324 0.025833333333333333 0.0015 0.04366666666666666 
0.7685000000000002 0.6916666666666665 0.6473333333333333 0.3295000000000002 0.11266666666666664 0.2325 0.4484999999999999 0.30616666666666675 0.42883333333333323 0.2691666666666667 0.34850000000000003 0.3525 0.3351666666666668 0.30266666666666675 0.5253333333333332 0.251 0.6138333333333333 0.44550000000000023 1.0 0.6923333333333335 0.0 0.17083333333333336 0.5284999999999997 0.32349999999999995 0.41416666666666674 0.24216666666666664 0.02316666666666667 0.007833333333333333 0.2993333333333333 0.2811666666666666 0.5041666666666665 0.5609999999999999 0.29316666666666663 0.2331666666666667 0.4261666666666667 0.3828333333333333 0.067 0.0655 0.06683333333333334 0.08500000000000003 0.07816666666666666 0.005666666666666668 0.4046666666666667 0.5801666666666668 0.5268333333333334 0.5394999999999999 0.3720000000000001 0.3848333333333332 0.5955000000000001 0.7733333333333335 0.604 0.636 0.6273333333333333 0.6633333333333334 0.08616666666666667 0.45333333333333314 0.39283333333333315 0.3974999999999999 0.3958333333333335 0.39166666666666683 0.3680000000000001 0.35416666666666674 0.20516666666666672 0.2115 0.3838333333333333 0.3263333333333333 0.19033333333333333 0.1916666666666666 0.6011666666666667 0.3813333333333334 0.38433333333333336 0.41300000000000003 0.4958333333333334 0.4908333333333333 0.5268333333333332 0.5093333333333334 0.5961666666666665 0.5275 0.46400000000000013 0.2785 0.23199999999999996 0.3231666666666666 0.14516666666666667 0.18449999999999997 0.1795 0.23983333333333332 0.006166666666666667 0.02 0.23899999999999996 0.3136666666666667 
0.5426666666666669 0.9821666666666669 0.4175000000000001 0.07750000000000001 0.38883333333333325 0.04966666666666666 0.19733333333333333 0.04883333333333334 0.22283333333333327 0.011833333333333333 0.07833333333333335 0.1015 0.0745 0.0425 0.2591666666666667 0.007333333333333335 0.35466666666666663 0.7241666666666666 0.6923333333333335 1.0 0.191 0.45166666666666655 0.27183333333333337 0.06349999999999997 0.19083333333333333 0.22766666666666657 0.2658333333333333 0.23716666666666658 0.41916666666666663 0.3925000000000001 0.7426666666666668 0.41233333333333344 0.5688333333333336 0.5168333333333333 0.19083333333333338 0.1245 0.0006666666666666666 0.0015 0.0011666666666666668 0.0005 0.19783333333333336 0.038 0.5890000000000001 0.8483333333333334 0.7956666666666663 0.8113333333333332 0.4545 0.38499999999999984 0.8651666666666668 0.6705000000000001 0.8773333333333333 0.8938333333333331 0.8818333333333335 0.9079999999999998 0.11416666666666671 0.3951666666666667 0.5223333333333333 0.6898333333333333 0.15016666666666667 0.14733333333333334 0.12166666666666667 0.10433333333333332 0.4203333333333334 0.4868333333333334 0.1216666666666667 0.06816666666666665 0.4631666666666668 0.46500000000000014 0.8845000000000002 0.6601666666666667 0.6586666666666667 0.6930000000000001 0.7033333333333333 0.6969999999999998 0.7946666666666666 0.7833333333333335 0.3676666666666666 0.2858333333333334 0.5438333333333333 0.19716666666666666 0.3476666666666667 0.4753333333333332 0.19300000000000003 0.3091666666666667 0.3400000000000001 0.4111666666666667 0.03650000000000001 0.016 0.0 0.05033333333333332 
0.0115 0.19033333333333335 0.04150000000000001 0.29950000000000004 0.5018333333333335 0.4523333333333335 0.20466666666666666 0.2935 0.20149999999999996 0.4378333333333334 0.17933333333333337 0.19249999999999998 0.20700000000000002 0.22833333333333333 0.2515 0.5121666666666667 0.0026666666666666666 0.19800000000000004 0.0 0.191 1.0 0.44966666666666666 0.18683333333333332 0.37 0.3586666666666666 0.5115 0.8288333333333334 0.8638333333333331 0.42016666666666663 0.48816666666666686 0.1868333333333333 0.08483333333333334 0.38033333333333325 0.39399999999999996 0.2803333333333333 0.2871666666666666 0.7204999999999998 0.7266666666666666 0.7248333333333333 0.7234999999999999 0.7426666666666668 0.755 0.5256666666666665 0.191 0.2083333333333333 0.2001666666666667 0.42749999999999994 0.3621666666666665 0.1901666666666667 0.012333333333333333 0.18933333333333333 0.18450000000000005 0.22649999999999995 0.20999999999999996 0.6159999999999999 0.3558333333333333 0.45266666666666666 0.22716666666666657 0.21283333333333337 0.20650000000000004 0.21133333333333337 0.20900000000000005 0.4718333333333333 0.37999999999999995 0.21033333333333337 0.21116666666666667 0.41283333333333333 0.41266666666666674 0.19333333333333333 0.24233333333333326 0.24883333333333332 0.23533333333333334 0.16100000000000006 0.16016666666666665 0.19050000000000003 0.19233333333333336 0.10033333333333333 0.09766666666666665 0.16149999999999998 0.5421666666666668 0.5864999999999999 0.32266666666666666 0.6301666666666665 0.6706666666666666 0.5115000000000002 0.5518333333333334 0.7531666666666665 0.7323333333333332 0.5810000000000002 0.3496666666666666 
0.05549999999999998 0.4470000000000001 0.3621666666666668 0.541 0.8605000000000002 0.4755000000000001 0.6043333333333336 0.5141666666666667 0.6463333333333332 0.44133333333333324 0.3963333333333334 0.5075 0.5428333333333335 0.49233333333333335 0.1996666666666667 0.37833333333333335 0.09783333333333337 0.44883333333333325 0.17083333333333336 0.45166666666666655 0.44966666666666666 1.0 0.1988333333333333 0.18516666666666662 0.3514999999999999 0.4496666666666668 0.4503333333333333 0.43483333333333335 0.13183333333333333 0.10833333333333334 0.4353333333333332 0.2546666666666667 0.8031666666666666 0.8928333333333334 0.4031666666666666 0.4048333333333333 0.18 0.18866666666666668 0.18133333333333332 0.18099999999999997 0.23200000000000004 0.21150000000000002 0.18716666666666665 0.43599999999999994 0.4501666666666666 0.4608333333333334 0.08016666666666669 0.025666666666666664 0.4498333333333332 0.2703333333333333 0.4638333333333334 0.4329999999999998 0.4046666666666666 0.38799999999999996 0.07333333333333332 0.0021666666666666666 0.13833333333333336 0.6884999999999999 0.597 0.5866666666666664 0.5826666666666667 0.5746666666666667 0.47133333333333327 0.8378333333333337 0.5503333333333335 0.539 0.8813333333333333 0.8816666666666667 0.5455 0.7475 0.6966666666666668 0.7071666666666664 0.35883333333333334 0.35600000000000004 0.4536666666666666 0.47666666666666674 0.1341666666666667 0.22533333333333336 0.2545 0.0005 0.1133333333333333 0.4031666666666666 0.0866666666666667 0.12683333333333335 0.5005000000000002 0.3468333333333333 0.21016666666666667 0.18916666666666665 0.3356666666666666 0.3721666666666666 
0.42650000000000005 0.26716666666666666 0.6731666666666668 0.4523333333333332 0.21349999999999997 0.32266666666666666 0.5634999999999999 0.4341666666666666 0.5230000000000001 0.36033333333333334 0.5333333333333335 0.45199999999999996 0.512 0.4308333333333333 0.4235 0.33083333333333337 0.5451666666666667 0.3073333333333333 0.5284999999999997 0.27183333333333337 0.18683333333333332 0.1988333333333333 1.0 0.6499999999999997 0.7286666666666666 0.5791666666666667 0.2626666666666667 0.24100000000000002 0.12416666666666666 0.11900000000000004 0.34333333333333327 0.5213333333333331 0.2743333333333333 0.23650000000000002 0.6938333333333334 0.6799999999999998 0.29783333333333334 0.2886666666666666 0.29916666666666664 0.3168333333333334 0.1826666666666667 0.23916666666666672 0.11999999999999998 0.3313333333333333 0.3203333333333333 0.31666666666666676 0.1491666666666667 0.16583333333333336 0.31450000000000006 0.516 0.3058333333333334 0.2925000000000001 0.23216666666666672 0.24816666666666667 0.25916666666666666 0.1796666666666667 0.13349999999999995 0.26183333333333336 0.4738333333333334 0.47083333333333316 0.4681666666666666 0.45599999999999996 0.3161666666666666 0.18150000000000002 0.5916666666666666 0.5023333333333333 0.28400000000000003 0.2851666666666667 0.3078333333333334 0.295 0.3103333333333333 0.30166666666666664 0.28800000000000003 0.27433333333333326 0.325 0.3295 0.37 0.42033333333333345 0.3863333333333333 0.36700000000000005 0.20349999999999993 0.255 0.2793333333333333 0.28116666666666673 0.4606666666666667 0.13016666666666665 0.2395 0.25350000000000006 0.35616666666666674 0.3819999999999999 
0.353 0.061500000000000006 0.3781666666666667 0.6136666666666666 0.19483333333333339 0.5116666666666669 0.4675000000000001 0.6218333333333332 0.47016666666666673 0.5784999999999999 0.5185 0.5381666666666668 0.5395 0.5993333333333333 0.47200000000000003 0.5256666666666667 0.3726666666666667 0.05349999999999998 0.32349999999999995 0.06349999999999997 0.37 0.18516666666666662 0.6499999999999997 1.0 0.6028333333333333 0.5638333333333336 0.3940000000000001 0.4101666666666667 0.08899999999999998 0.14383333333333334 0.05116666666666665 0.30333333333333334 0.11966666666666669 0.16583333333333328 0.5429999999999999 0.6138333333333333 0.48433333333333345 0.47600000000000003 0.4873333333333333 0.5046666666666666 0.3253333333333333 0.42650000000000005 0.16833333333333336 0.09933333333333332 0.1298333333333333 0.13149999999999998 0.19333333333333336 0.22750000000000004 0.10300000000000001 0.3021666666666667 0.08666666666666663 0.071 0.11283333333333331 0.10533333333333332 0.3808333333333334 0.23483333333333337 0.15099999999999997 0.08833333333333336 0.4970000000000001 0.49550000000000005 0.5066666666666666 0.5308333333333334 0.3283333333333333 0.17116666666666663 0.5148333333333335 0.5623333333333332 0.17850000000000002 0.18200000000000002 0.09983333333333334 0.10216666666666666 0.0693333333333333 0.07066666666666666 0.0515 0.05016666666666666 0.03966666666666666 0.044000000000000004 0.4003333333333333 0.48716666666666664 0.191 0.4166666666666666 0.2331666666666666 0.18100000000000005 0.3505 0.3401666666666667 0.3853333333333333 0.3499999999999999 0.42766666666666675 0.4421666666666668 0.5384999999999998 0.5559999999999998 
