1.0 0.8880000000000001 0.16833333333333336 0.18566666666666667 0.39233333333333326 0.23599999999999993 0.5075000000000001 0.3794999999999999 0.38933333333333325 0.6416666666666666 0.7981666666666665 0.8043333333333332 0.7996666666666666 0.6444999999999999 0.5936666666666666 0.6995 0.6956666666666664 0.8354999999999998 0.2998333333333334 0.381 0.3615 0.4138333333333335 0.08066666666666666 0.11800000000000001 0.08750000000000004 0.08066666666666668 0.19033333333333333 0.3146666666666666 0.5386666666666666 0.5353333333333334 0.5318333333333334 0.1875 0.5606666666666666 0.5743333333333333 0.12566666666666668 0.1265 0.12749999999999997 0.16466666666666668 0.09633333333333333 0.09683333333333334 0.4908333333333331 0.4755 0.1418333333333333 0.13216666666666665 0.06883333333333333 0.08733333333333332 0.13566666666666666 0.14499999999999993 0.06316666666666665 0.07333333333333332 0.06016666666666666 0.36849999999999994 0.10083333333333334 0.23516666666666672 0.043500000000000004 0.05516666666666665 0.9105 0.8175 0.7806666666666666 0.7801666666666667 0.7819999999999997 0.7808333333333334 0.7818333333333333 0.7824999999999999 0.22316666666666665 0.19699999999999993 0.3281666666666666 0.32799999999999996 0.6431666666666668 0.8011666666666666 0.1666666666666667 0.5383333333333336 0.7216666666666667 0.5486666666666666 0.8453333333333336 0.7094999999999999 0.5701666666666666 0.5920000000000001 0.6291666666666665 0.6728333333333333 0.6036666666666668 0.5981666666666666 0.5783333333333335 0.5488333333333333 0.12733333333333333 0.12116666666666666 0.11216666666666666 0.09716666666666667 0.4793333333333334 0.32916666666666666 
0.8880000000000001 1.0 0.2328333333333334 0.1285 0.4811666666666666 0.32266666666666666 0.44666666666666655 0.3238333333333333 0.47600000000000003 0.6593333333333332 0.7621666666666665 0.7556666666666665 0.7731666666666667 0.6796666666666669 0.6823333333333332 0.6558333333333333 0.6278333333333334 0.7611666666666664 0.2393333333333333 0.32066666666666666 0.40333333333333327 0.48833333333333334 0.1588333333333333 0.14600000000000002 0.11866666666666666 0.1103333333333333 0.22266666666666665 0.4011666666666667 0.4760000000000001 0.4726666666666667 0.4645 0.16766666666666669 0.5011666666666666 0.5148333333333333 0.13366666666666668 0.13383333333333333 0.16283333333333339 0.19949999999999996 0.11250000000000002 0.12649999999999995 0.5213333333333334 0.5454999999999999 0.18216666666666673 0.19683333333333336 0.10483333333333332 0.14766666666666672 0.17249999999999996 0.19233333333333336 0.14333333333333337 0.1566666666666667 0.13416666666666666 0.42033333333333317 0.16583333333333328 0.30066666666666664 0.11549999999999995 0.12533333333333327 0.8683333333333333 0.7499999999999999 0.7188333333333332 0.7194999999999999 0.7210000000000001 0.7210000000000001 0.722 0.7225000000000001 0.25100000000000006 0.21483333333333338 0.2659999999999999 0.26633333333333337 0.6453333333333334 0.7375 0.22583333333333339 0.623 0.6533333333333334 0.4788333333333334 0.8094999999999999 0.6213333333333333 0.6301666666666668 0.5823333333333333 0.5708333333333334 0.6039999999999999 0.5419999999999998 0.5596666666666668 0.5765 0.4868333333333334 0.13316666666666668 0.13450000000000004 0.14266666666666664 0.1103333333333333 0.5126666666666665 0.296 
0.16833333333333336 0.2328333333333334 1.0 0.5559999999999997 0.5406666666666665 0.6028333333333333 0.2658333333333333 0.37649999999999983 0.5208333333333335 0.2093333333333333 0.07583333333333332 0.06799999999999998 0.08666666666666664 0.2171666666666666 0.32050000000000006 0.025 0.007000000000000001 0.05916666666666668 0.4913333333333334 0.3965000000000001 0.5518333333333333 0.3765 0.8663333333333334 0.8884999999999998 0.8536666666666668 0.8456666666666672 0.7249999999999999 0.5629999999999998 0.0021666666666666666 0.0011666666666666668 0.16833333333333333 0.5893333333333335 0.12116666666666666 0.10616666666666666 0.8491666666666668 0.8481666666666667 0.8926666666666666 0.6511666666666664 0.7585000000000002 0.7810000000000001 0.418 0.3556666666666668 0.9049999999999997 0.9133333333333333 0.8220000000000002 0.8234999999999996 0.9034999999999996 0.9178333333333332 0.8276666666666668 0.8671666666666669 0.8103333333333331 0.46516666666666645 0.8390000000000002 0.8131666666666664 0.8260000000000002 0.8296666666666668 0.17800000000000005 0.062333333333333324 0.03983333333333334 0.03933333333333334 0.03950000000000001 0.03933333333333334 0.03933333333333334 0.03950000000000001 0.5778333333333334 0.5303333333333332 0.4401666666666666 0.4418333333333333 0.2565 0.05600000000000001 0.6411666666666668 0.4154999999999999 0.09216666666666669 0.08833333333333333 0.11699999999999998 0.11899999999999997 0.3568333333333333 0.27149999999999996 0.03950000000000001 0.0065000000000000014 0.0025 0.06383333333333333 0.055333333333333325 0.0105 0.8448333333333337 0.8336666666666668 0.714666666666667 0.7286666666666666 0.3445 0.45900000000000013 
0.18566666666666667 0.1285 0.5559999999999997 1.0 0.37200000000000005 0.5183333333333333 0.6616666666666668 0.7473333333333332 0.37199999999999994 0.2095 0.27483333333333326 0.30316666666666664 0.23133333333333336 0.18116666666666667 0.1691666666666667 0.22883333333333336 0.20466666666666666 0.22700000000000004 0.8373333333333334 0.764166666666667 0.20116666666666666 0.13783333333333336 0.5281666666666666 0.5361666666666666 0.5851666666666667 0.5903333333333335 0.3853333333333331 0.3561666666666667 0.31183333333333335 0.3101666666666667 0.4176666666666666 0.6431666666666664 0.5451666666666668 0.5310000000000001 0.5416666666666665 0.5438333333333333 0.5316666666666667 0.3748333333333332 0.5018333333333332 0.49933333333333324 0.13399999999999998 0.11833333333333336 0.5348333333333332 0.5345 0.5355000000000001 0.5371666666666666 0.5343333333333332 0.5344999999999999 0.5341666666666665 0.5341666666666666 0.5563333333333332 0.48366666666666647 0.5459999999999998 0.46000000000000013 0.5343333333333332 0.5383333333333332 0.14800000000000005 0.3151666666666667 0.39416666666666667 0.3953333333333333 0.3935 0.3949999999999999 0.3943333333333333 0.39416666666666667 0.6118333333333335 0.6883333333333332 0.8029999999999998 0.8036666666666668 0.18783333333333332 0.3739999999999999 0.46050000000000013 0.16883333333333334 0.21466666666666667 0.2911666666666666 0.18166666666666667 0.18816666666666668 0.17383333333333337 0.16849999999999998 0.13583333333333333 0.1705 0.3096666666666666 0.16149999999999998 0.1638333333333333 0.31516666666666665 0.5431666666666666 0.5813333333333334 0.4396666666666666 0.49416666666666664 0.36916666666666664 0.6931666666666666 
0.39233333333333326 0.4811666666666666 0.5406666666666665 0.37200000000000005 1.0 0.8011666666666666 0.3878333333333335 0.2706666666666667 0.9385000000000003 0.6466666666666666 0.4866666666666667 0.4465000000000001 0.5233333333333335 0.6555000000000001 0.7443333333333334 0.375 0.25 0.34849999999999987 0.29266666666666674 0.20566666666666664 0.3985 0.5295000000000001 0.5771666666666667 0.446 0.4383333333333333 0.4353333333333333 0.5106666666666667 0.8578333333333336 0.11433333333333331 0.11100000000000002 0.08316666666666665 0.2876666666666667 0.18033333333333332 0.1865 0.4031666666666668 0.4003333333333334 0.4531666666666667 0.4266666666666668 0.4145 0.43633333333333335 0.48949999999999994 0.4903333333333334 0.46583333333333327 0.5015000000000002 0.43566666666666665 0.4711666666666666 0.4593333333333331 0.4798333333333334 0.5668333333333334 0.5774999999999999 0.5465000000000001 0.8191666666666667 0.5223333333333333 0.5364999999999999 0.5509999999999999 0.5533333333333332 0.3723333333333333 0.35783333333333334 0.38483333333333325 0.38349999999999995 0.38416666666666666 0.38499999999999995 0.38583333333333336 0.38383333333333325 0.6333333333333334 0.5870000000000001 0.21066666666666659 0.2131666666666666 0.5335 0.36583333333333334 0.45849999999999985 0.7656666666666665 0.2323333333333333 0.08333333333333334 0.44299999999999995 0.14866666666666664 0.22816666666666674 0.18549999999999997 0.16433333333333336 0.21166666666666667 0.18099999999999997 0.21916666666666662 0.299 0.12516666666666673 0.3976666666666668 0.43566666666666665 0.4498333333333334 0.3993333333333333 0.6788333333333331 0.629 
0.23599999999999993 0.32266666666666666 0.6028333333333333 0.5183333333333333 0.8011666666666666 1.0 0.4893333333333334 0.4216666666666667 0.8316666666666663 0.5275 0.3355 0.2931666666666667 0.3881666666666666 0.5313333333333333 0.6146666666666668 0.23966666666666664 0.11900000000000004 0.19533333333333336 0.40166666666666656 0.32433333333333336 0.32449999999999996 0.3916666666666667 0.6428333333333335 0.5138333333333334 0.5093333333333334 0.5048333333333334 0.4833333333333333 0.7648333333333334 0.032 0.028999999999999995 0.05366666666666666 0.32916666666666666 0.22516666666666665 0.22366666666666668 0.4715 0.4693333333333334 0.5191666666666666 0.42216666666666675 0.47016666666666673 0.4928333333333334 0.33133333333333326 0.35466666666666663 0.5339999999999999 0.5696666666666668 0.5055000000000002 0.557 0.5273333333333332 0.5478333333333332 0.6888333333333333 0.6501666666666667 0.6719999999999999 0.7280000000000001 0.6444999999999999 0.5815 0.6516666666666667 0.6636666666666664 0.2231666666666666 0.20483333333333337 0.23283333333333328 0.23316666666666663 0.23283333333333328 0.23383333333333325 0.23216666666666658 0.23149999999999996 0.7189999999999998 0.7331666666666663 0.33849999999999997 0.3418333333333334 0.3943333333333336 0.2101666666666666 0.4914999999999998 0.5784999999999999 0.13649999999999995 0.025999999999999995 0.29583333333333334 0.04233333333333333 0.1881666666666667 0.15483333333333335 0.09516666666666664 0.0965 0.06616666666666668 0.07916666666666666 0.19933333333333333 0.04483333333333332 0.4656666666666666 0.5055000000000001 0.48866666666666675 0.4553333333333333 0.49399999999999994 0.6320000000000002 
0.5075000000000001 0.44666666666666655 0.2658333333333333 0.6616666666666668 0.3878333333333335 0.4893333333333334 1.0 0.781666666666667 0.3908333333333333 0.3886666666666667 0.5966666666666668 0.6250000000000001 0.5561666666666665 0.37133333333333324 0.2956666666666667 0.5261666666666666 0.48349999999999993 0.5501666666666665 0.7464999999999999 0.7771666666666665 0.05050000000000002 0.08733333333333332 0.2278333333333333 0.2238333333333333 0.27283333333333326 0.2773333333333332 0.19299999999999998 0.36083333333333334 0.5021666666666669 0.4983333333333334 0.5091666666666667 0.4221666666666667 0.6718333333333334 0.6716666666666667 0.22449999999999995 0.22466666666666663 0.22283333333333333 0.14949999999999997 0.21916666666666668 0.2195 0.12016666666666664 0.12300000000000004 0.22399999999999995 0.22416666666666665 0.22383333333333333 0.22599999999999998 0.22399999999999998 0.22333333333333333 0.2241666666666666 0.22366666666666662 0.24566666666666662 0.501 0.23533333333333328 0.24083333333333332 0.22399999999999995 0.22749999999999995 0.458 0.6396666666666667 0.7216666666666667 0.7213333333333335 0.7205000000000001 0.7225000000000001 0.7191666666666668 0.7191666666666668 0.5726666666666665 0.6126666666666667 0.7776666666666666 0.7761666666666666 0.2913333333333334 0.6979999999999998 0.22333333333333336 0.21216666666666661 0.42300000000000004 0.43833333333333335 0.48833333333333334 0.38499999999999995 0.26116666666666666 0.2815000000000001 0.34600000000000003 0.41400000000000003 0.5351666666666667 0.3748333333333333 0.37449999999999994 0.5095 0.22349999999999998 0.26249999999999996 0.21799999999999997 0.2198333333333333 0.37766666666666665 0.689 
0.3794999999999999 0.3238333333333333 0.37649999999999983 0.7473333333333332 0.2706666666666667 0.4216666666666667 0.781666666666667 1.0 0.2718333333333333 0.30283333333333323 0.5090000000000002 0.5306666666666665 0.47033333333333316 0.2851666666666667 0.2108333333333333 0.4528333333333335 0.38766666666666666 0.41950000000000004 0.8068333333333334 0.8761666666666668 0.08700000000000001 0.09333333333333332 0.3766666666666667 0.34416666666666657 0.37416666666666676 0.3758333333333333 0.20683333333333323 0.25166666666666665 0.4465000000000001 0.44466666666666677 0.541 0.47700000000000004 0.6958333333333333 0.6793333333333336 0.342 0.3426666666666667 0.33733333333333326 0.1978333333333333 0.31199999999999994 0.3123333333333333 0.053499999999999985 0.08216666666666667 0.34199999999999997 0.3464999999999999 0.3411666666666666 0.347 0.3414999999999999 0.34133333333333327 0.3851666666666667 0.3815 0.40700000000000003 0.3028333333333334 0.36883333333333335 0.2743333333333333 0.38483333333333347 0.38283333333333336 0.3431666666666667 0.48133333333333317 0.5471666666666666 0.5475 0.5465 0.5485000000000001 0.5463333333333334 0.546 0.4259999999999999 0.5196666666666665 0.8673333333333332 0.8673333333333333 0.15416666666666662 0.5260000000000001 0.3598333333333333 0.12383333333333328 0.3981666666666667 0.4333333333333334 0.4155 0.3648333333333332 0.33383333333333326 0.3513333333333334 0.3141666666666667 0.3510000000000001 0.4471666666666668 0.3023333333333334 0.3808333333333334 0.4501666666666669 0.34133333333333327 0.37983333333333325 0.2605 0.30149999999999993 0.182 0.5018333333333334 
0.38933333333333325 0.47600000000000003 0.5208333333333335 0.37199999999999994 0.9385000000000003 0.8316666666666663 0.3908333333333333 0.2718333333333333 1.0 0.6731666666666668 0.48649999999999993 0.44433333333333336 0.5383333333333333 0.679 0.7676666666666664 0.37083333333333335 0.23999999999999996 0.3475 0.29416666666666663 0.20800000000000002 0.36166666666666664 0.5028333333333332 0.5593333333333333 0.4254999999999998 0.4181666666666667 0.4148333333333335 0.48200000000000026 0.8461666666666668 0.10450000000000001 0.10099999999999998 0.07266666666666666 0.2733333333333334 0.16666666666666669 0.17233333333333334 0.3825 0.37983333333333325 0.4323333333333333 0.4065000000000001 0.3938333333333333 0.4155 0.4529999999999999 0.46133333333333326 0.4450000000000001 0.4818333333333334 0.41583333333333333 0.4613333333333335 0.4385000000000002 0.4598333333333334 0.5943333333333333 0.5608333333333332 0.5736666666666669 0.8556666666666668 0.5505 0.5401666666666667 0.5631666666666667 0.5741666666666666 0.37199999999999994 0.3566666666666666 0.38416666666666666 0.38283333333333336 0.38366666666666677 0.3840000000000002 0.3840000000000001 0.3826666666666667 0.6113333333333333 0.5996666666666668 0.20999999999999994 0.21266666666666656 0.546 0.3625 0.4598333333333332 0.7363333333333333 0.22083333333333333 0.07333333333333332 0.44299999999999984 0.13783333333333328 0.20033333333333328 0.18533333333333327 0.1586666666666667 0.21033333333333332 0.17116666666666666 0.18650000000000005 0.2961666666666667 0.11566666666666667 0.3771666666666667 0.41516666666666674 0.4286666666666666 0.37883333333333324 0.6538333333333334 0.6443333333333336 
0.6416666666666666 0.6593333333333332 0.2093333333333333 0.2095 0.6466666666666666 0.5275 0.3886666666666667 0.30283333333333323 0.6731666666666668 1.0 0.7643333333333336 0.725 0.8091666666666667 0.9433333333333335 0.8480000000000001 0.6496666666666667 0.5186666666666665 0.6249999999999999 0.1928333333333334 0.25550000000000006 0.3558333333333333 0.5253333333333332 0.2505 0.13416666666666668 0.1263333333333333 0.1255 0.19566666666666666 0.5313333333333332 0.38383333333333325 0.3808333333333332 0.34866666666666674 0.10883333333333337 0.43566666666666676 0.451 0.1465 0.149 0.13366666666666668 0.201 0.13883333333333334 0.12633333333333333 0.4916666666666667 0.5163333333333331 0.1393333333333333 0.17166666666666663 0.12649999999999997 0.15733333333333335 0.1335 0.15183333333333335 0.2895 0.25016666666666665 0.2866666666666666 0.5873333333333334 0.2528333333333333 0.23333333333333336 0.26166666666666677 0.27083333333333326 0.6153333333333332 0.6350000000000001 0.6578333333333335 0.6584999999999998 0.6595 0.6593333333333331 0.6594999999999999 0.6596666666666665 0.38016666666666665 0.4090000000000002 0.2036666666666666 0.20416666666666672 0.7039999999999996 0.6393333333333333 0.3071666666666667 0.7319999999999998 0.47733333333333333 0.353 0.6961666666666667 0.41333333333333344 0.3693333333333333 0.41199999999999987 0.4061666666666666 0.49000000000000016 0.4506666666666666 0.42066666666666674 0.5311666666666666 0.39599999999999996 0.14783333333333332 0.18416666666666665 0.14499999999999996 0.1505 0.6508333333333333 0.4868333333333335 
0.7981666666666665 0.7621666666666665 0.07583333333333332 0.27483333333333326 0.4866666666666667 0.3355 0.5966666666666668 0.5090000000000002 0.48649999999999993 0.7643333333333336 1.0 0.9381666666666669 0.938 0.7520000000000002 0.681666666666667 0.8484999999999997 0.7299999999999999 0.815833333333333 0.38916666666666666 0.47050000000000003 0.2366666666666666 0.384 0.099 0.014333333333333333 0.005166666666666666 0.004333333333333333 0.08066666666666666 0.3739999999999999 0.604 0.6 0.5688333333333333 0.168 0.6513333333333332 0.6663333333333332 0.009333333333333334 0.010333333333333335 0.012666666666666668 0.08383333333333332 0.01 0.01 0.3816666666666667 0.3981666666666666 0.01666666666666667 0.04249999999999999 0.0016666666666666668 0.01566666666666667 0.012666666666666666 0.02216666666666667 0.10799999999999998 0.10000000000000002 0.12783333333333327 0.4216666666666666 0.09733333333333331 0.0951666666666667 0.10183333333333332 0.09666666666666666 0.7645000000000002 0.8440000000000001 0.8706666666666668 0.8701666666666668 0.8718333333333333 0.8700000000000001 0.8731666666666666 0.8716666666666667 0.22999999999999995 0.25949999999999995 0.4159999999999999 0.4168333333333333 0.5576666666666665 0.8526666666666667 0.22033333333333335 0.5803333333333333 0.6460000000000002 0.5716666666666664 0.8456666666666667 0.6236666666666668 0.47350000000000003 0.537 0.5528333333333335 0.6640000000000001 0.6695000000000002 0.5764999999999998 0.7116666666666666 0.6148333333333332 0.0095 0.04583333333333332 0.024000000000000004 0.011999999999999997 0.5009999999999999 0.4173333333333336 
0.8043333333333332 0.7556666666666665 0.06799999999999998 0.30316666666666664 0.4465000000000001 0.2931666666666667 0.6250000000000001 0.5306666666666665 0.44433333333333336 0.725 0.9381666666666669 1.0 0.8975000000000003 0.7125 0.6368333333333331 0.8263333333333334 0.7533333333333335 0.8410000000000001 0.4168333333333336 0.49833333333333324 0.23549999999999993 0.3888333333333333 0.0676666666666667 0.013666666666666669 0.012833333333333334 0.011833333333333333 0.08049999999999997 0.34166666666666673 0.6318333333333332 0.6285000000000001 0.5959999999999998 0.18716666666666668 0.6796666666666665 0.6944999999999999 0.013666666666666667 0.013333333333333334 0.011666666666666667 0.08316666666666667 0.010499999999999999 0.010499999999999999 0.38166666666666665 0.3961666666666667 0.020166666666666666 0.026000000000000006 0.017166666666666663 0.027500000000000004 0.016 0.017166666666666667 0.06466666666666668 0.06316666666666669 0.08733333333333336 0.4109999999999999 0.056333333333333326 0.08616666666666671 0.06433333333333334 0.06100000000000001 0.7661666666666668 0.8755000000000002 0.899333333333333 0.8993333333333331 0.9011666666666663 0.8991666666666664 0.901833333333333 0.9026666666666664 0.24333333333333335 0.2781666666666667 0.4441666666666666 0.44483333333333325 0.5715000000000001 0.8828333333333335 0.2298333333333333 0.5456666666666666 0.6606666666666667 0.5991666666666666 0.8240000000000002 0.6328333333333332 0.45250000000000007 0.4973333333333332 0.5700000000000002 0.6858333333333333 0.6968333333333332 0.5833333333333335 0.6758333333333334 0.6423333333333333 0.013166666666666669 0.04633333333333332 0.024333333333333332 0.012500000000000002 0.5166666666666666 0.44716666666666655 
0.7996666666666666 0.7731666666666667 0.08666666666666664 0.23133333333333336 0.5233333333333335 0.3881666666666666 0.5561666666666665 0.47033333333333316 0.5383333333333333 0.8091666666666667 0.938 0.8975000000000003 1.0 0.8025 0.7291666666666664 0.8191666666666666 0.6903333333333335 0.7864999999999998 0.3455 0.4270000000000001 0.23550000000000004 0.4043333333333332 0.1255 0.010166666666666666 0.0036666666666666666 0.0031666666666666666 0.072 0.40583333333333316 0.5568333333333332 0.5533333333333332 0.5216666666666667 0.15716666666666668 0.6064999999999999 0.6211666666666668 0.0021666666666666666 0.0026666666666666666 0.008833333333333337 0.07649999999999998 0.002833333333333333 0.0031666666666666666 0.3723333333333334 0.3999999999999999 0.016833333333333336 0.04883333333333332 0.0025 0.03233333333333333 0.010000000000000002 0.028333333333333325 0.15499999999999997 0.12483333333333332 0.17250000000000004 0.4441666666666667 0.133 0.10883333333333335 0.13166666666666665 0.13733333333333328 0.7708333333333335 0.8061666666666666 0.8293333333333334 0.8298333333333335 0.8305000000000001 0.8296666666666668 0.8325 0.831 0.23366666666666672 0.26066666666666666 0.3726666666666666 0.3731666666666667 0.5856666666666667 0.8124999999999999 0.21099999999999997 0.6094999999999999 0.6368333333333335 0.5254999999999999 0.8568333333333331 0.5758333333333332 0.48383333333333334 0.5579999999999999 0.5586666666666666 0.6439999999999999 0.623 0.5681666666666666 0.6966666666666665 0.5671666666666665 0.0018333333333333335 0.038166666666666675 0.018333333333333333 0.0045 0.5071666666666667 0.3793333333333333 
0.6444999999999999 0.6796666666666669 0.2171666666666666 0.18116666666666667 0.6555000000000001 0.5313333333333333 0.37133333333333324 0.2851666666666667 0.679 0.9433333333333335 0.7520000000000002 0.7125 0.8025 1.0 0.8648333333333332 0.6345 0.5061666666666667 0.6153333333333336 0.1715 0.2401666666666667 0.36399999999999993 0.5331666666666667 0.25799999999999995 0.137 0.12833333333333335 0.12716666666666668 0.20066666666666663 0.5374999999999998 0.37083333333333324 0.36766666666666664 0.33583333333333343 0.11816666666666668 0.42083333333333334 0.43583333333333324 0.15483333333333332 0.15783333333333338 0.1385 0.20616666666666666 0.14650000000000002 0.13083333333333333 0.5003333333333332 0.5251666666666668 0.145 0.17899999999999994 0.13049999999999998 0.1625 0.13900000000000004 0.1586666666666667 0.2966666666666665 0.2585 0.28216666666666657 0.5755000000000001 0.2545 0.23716666666666672 0.26683333333333326 0.27766666666666656 0.6240000000000002 0.6188333333333333 0.6428333333333334 0.6415000000000001 0.6441666666666666 0.6426666666666668 0.6445000000000001 0.644 0.38666666666666677 0.3985000000000001 0.18766666666666665 0.1881666666666666 0.7171666666666668 0.6256666666666667 0.30499999999999994 0.741 0.4801666666666668 0.34016666666666673 0.6995000000000001 0.4043333333333334 0.39466666666666655 0.43550000000000005 0.4108333333333333 0.4789999999999999 0.43699999999999983 0.4346666666666666 0.5371666666666665 0.38116666666666665 0.15616666666666668 0.19299999999999998 0.1495 0.15899999999999997 0.6613333333333332 0.4525 
0.5936666666666666 0.6823333333333332 0.32050000000000006 0.1691666666666667 0.7443333333333334 0.6146666666666668 0.2956666666666667 0.2108333333333333 0.7676666666666664 0.8480000000000001 0.681666666666667 0.6368333333333331 0.7291666666666664 0.8648333333333332 1.0 0.5856666666666667 0.4575 0.5511666666666667 0.1175 0.17016666666666663 0.4721666666666667 0.6409999999999999 0.35900000000000004 0.22400000000000003 0.21716666666666667 0.21400000000000005 0.2956666666666667 0.6421666666666667 0.3261666666666666 0.32283333333333336 0.2815 0.12500000000000003 0.35116666666666674 0.36566666666666686 0.18150000000000002 0.1788333333333334 0.2315 0.2976666666666667 0.20316666666666666 0.22516666666666668 0.5901666666666668 0.6356666666666668 0.24416666666666664 0.28116666666666673 0.21450000000000005 0.262 0.2375000000000001 0.26 0.3978333333333333 0.3613333333333333 0.379 0.6443333333333332 0.3578333333333334 0.3438333333333333 0.3613333333333332 0.3730000000000001 0.5758333333333333 0.5553333333333333 0.5683333333333331 0.5681666666666665 0.5703333333333334 0.5681666666666666 0.5706666666666664 0.5703333333333332 0.39 0.3858333333333334 0.11550000000000002 0.11583333333333332 0.6833333333333332 0.5613333333333334 0.4035 0.8436666666666665 0.4341666666666665 0.2850000000000001 0.6530000000000002 0.3506666666666668 0.4038333333333334 0.4020000000000001 0.3806666666666667 0.4311666666666667 0.3926666666666668 0.3953333333333333 0.5193333333333333 0.3368333333333332 0.1765 0.20583333333333345 0.24100000000000005 0.18916666666666665 0.6683333333333334 0.42999999999999994 
0.6995 0.6558333333333333 0.025 0.22883333333333336 0.375 0.23966666666666664 0.5261666666666666 0.4528333333333335 0.37083333333333335 0.6496666666666667 0.8484999999999997 0.8263333333333334 0.8191666666666666 0.6345 0.5856666666666667 1.0 0.8323333333333335 0.7466666666666666 0.3258333333333333 0.41416666666666674 0.23283333333333325 0.4068333333333334 0.08516666666666667 0.005666666666666666 0.006833333333333334 0.007000000000000001 0.0718333333333333 0.37583333333333335 0.7298333333333332 0.7268333333333333 0.5983333333333334 0.19016666666666665 0.6075 0.6228333333333333 0.0 0.0005 0.001 0.17466666666666672 0.09716666666666668 0.0976666666666667 0.41716666666666663 0.4838333333333333 0.002 0.022166666666666664 0.0 0.007000000000000002 0.001 0.004666666666666666 0.09533333333333335 0.08316666666666668 0.11716666666666668 0.3376666666666667 0.07766666666666666 0.07266666666666664 0.09216666666666669 0.08750000000000002 0.6981666666666668 0.7734999999999999 0.7888333333333332 0.7894999999999998 0.7909999999999998 0.7894999999999999 0.7921666666666664 0.7924999999999999 0.15066666666666667 0.18083333333333332 0.37533333333333346 0.3745000000000001 0.4875 0.7856666666666666 0.21600000000000003 0.5149999999999999 0.6021666666666667 0.6098333333333333 0.7601666666666665 0.6650000000000001 0.4541666666666668 0.5223333333333333 0.6575 0.7639999999999999 0.7955 0.6835000000000002 0.8168333333333335 0.7401666666666668 0.0 0.0034999999999999996 0.11233333333333333 0.09950000000000003 0.4159999999999999 0.3393333333333333 
0.6956666666666664 0.6278333333333334 0.007000000000000001 0.20466666666666666 0.25 0.11900000000000004 0.48349999999999993 0.38766666666666666 0.23999999999999996 0.5186666666666665 0.7299999999999999 0.7533333333333335 0.6903333333333335 0.5061666666666667 0.4575 0.8323333333333335 1.0 0.8346666666666668 0.30150000000000005 0.38983333333333337 0.24683333333333335 0.44816666666666655 0.004333333333333333 0.0018333333333333335 0.0021666666666666666 0.0025 0.08283333333333333 0.26600000000000007 0.753 0.7495 0.5921666666666667 0.18050000000000005 0.5821666666666667 0.5981666666666665 0.015166666666666667 0.008833333333333335 0.0023333333333333335 0.20666666666666664 0.12299999999999998 0.12383333333333332 0.445 0.5225 0.013666666666666667 0.0055 0.09183333333333335 0.0983333333333333 0.005833333333333333 0.0036666666666666666 0.0 0.0 0.020333333333333335 0.2608333333333334 0.011166666666666667 0.07216666666666666 0.0 0.0 0.6898333333333333 0.7878333333333332 0.7396666666666666 0.7406666666666666 0.7410000000000001 0.740166666666667 0.7436666666666667 0.7430000000000001 0.12499999999999999 0.13583333333333333 0.3551666666666666 0.35416666666666674 0.5673333333333334 0.7406666666666666 0.1881666666666667 0.40050000000000024 0.7138333333333331 0.6809999999999999 0.6956666666666663 0.7103333333333333 0.4413333333333334 0.4866666666666665 0.807333333333333 0.9141666666666669 0.8201666666666668 0.7835 0.7518333333333332 0.7646666666666667 0.013333333333333334 0.006 0.1433333333333333 0.12683333333333335 0.36916666666666664 0.28916666666666674 
0.8354999999999998 0.7611666666666664 0.05916666666666668 0.22700000000000004 0.34849999999999987 0.19533333333333336 0.5501666666666665 0.41950000000000004 0.3475 0.6249999999999999 0.815833333333333 0.8410000000000001 0.7864999999999998 0.6153333333333336 0.5511666666666667 0.7466666666666666 0.8346666666666668 1.0 0.34099999999999997 0.4226666666666668 0.2606666666666666 0.43000000000000005 0.04033333333333335 0.03500000000000001 0.03466666666666668 0.03500000000000001 0.10266666666666667 0.2745000000000001 0.5918333333333333 0.5883333333333336 0.5868333333333331 0.1963333333333333 0.6028333333333332 0.6180000000000001 0.04849999999999999 0.04216666666666668 0.03500000000000002 0.07166666666666666 0.004333333333333333 0.004333333333333333 0.4071666666666666 0.39716666666666667 0.046833333333333324 0.03850000000000003 0.12583333333333335 0.1346666666666667 0.03900000000000002 0.03733333333333336 0.034666666666666686 0.03300000000000001 0.04766666666666665 0.3640000000000001 0.04283333333333334 0.1198333333333333 0.03366666666666668 0.03483333333333335 0.8103333333333335 0.9005000000000001 0.824 0.8253333333333334 0.8264999999999999 0.8251666666666668 0.8265 0.8266666666666669 0.20450000000000002 0.2043333333333333 0.36983333333333335 0.37 0.7070000000000002 0.8434999999999999 0.19766666666666663 0.5133333333333334 0.7969999999999997 0.6463333333333332 0.8230000000000001 0.6679999999999998 0.46366666666666667 0.5061666666666668 0.6846666666666665 0.7986666666666667 0.6608333333333333 0.6445000000000001 0.5998333333333332 0.6048333333333332 0.04666666666666666 0.02416666666666667 0.0185 0.006500000000000001 0.4718333333333333 0.37266666666666665 
0.2998333333333334 0.2393333333333333 0.4913333333333334 0.8373333333333334 0.29266666666666674 0.40166666666666656 0.7464999999999999 0.8068333333333334 0.29416666666666663 0.1928333333333334 0.38916666666666666 0.4168333333333336 0.3455 0.1715 0.1175 0.3258333333333333 0.30150000000000005 0.34099999999999997 1.0 0.8894999999999998 0.12016666666666667 0.05983333333333331 0.4501666666666666 0.4585 0.5078333333333336 0.5123333333333333 0.29516666666666663 0.26266666666666677 0.41133333333333333 0.4106666666666666 0.5123333333333331 0.6273333333333335 0.6088333333333334 0.5921666666666665 0.4586666666666667 0.4593333333333334 0.45449999999999996 0.30833333333333324 0.43016666666666675 0.4303333333333334 0.04633333333333332 0.038166666666666675 0.4585000000000001 0.4581666666666667 0.45799999999999996 0.461 0.45783333333333337 0.458 0.4591666666666668 0.4581666666666667 0.4796666666666667 0.4013333333333333 0.4691666666666666 0.3803333333333333 0.4583333333333334 0.4616666666666667 0.254 0.42916666666666664 0.5081666666666665 0.5074999999999998 0.5071666666666664 0.5076666666666665 0.5076666666666665 0.5068333333333332 0.5021666666666667 0.571 0.9015 0.9035000000000002 0.15100000000000002 0.4883333333333333 0.39833333333333343 0.10400000000000001 0.32350000000000007 0.38599999999999995 0.2976666666666667 0.28450000000000003 0.25649999999999995 0.2636666666666667 0.23400000000000007 0.26783333333333326 0.4086666666666666 0.25433333333333324 0.26283333333333325 0.4151666666666667 0.45833333333333337 0.49733333333333335 0.36583333333333334 0.4168333333333333 0.2871666666666666 0.6066666666666665 
0.381 0.32066666666666666 0.3965000000000001 0.764166666666667 0.20566666666666664 0.32433333333333336 0.7771666666666665 0.8761666666666668 0.20800000000000002 0.25550000000000006 0.47050000000000003 0.49833333333333324 0.4270000000000001 0.2401666666666667 0.17016666666666663 0.41416666666666674 0.38983333333333337 0.4226666666666668 0.8894999999999998 1.0 0.10099999999999998 0.06616666666666667 0.35966666666666663 0.3678333333333333 0.4173333333333334 0.4216666666666666 0.20550000000000002 0.17500000000000007 0.4998333333333334 0.4986666666666668 0.5986666666666667 0.5593333333333335 0.7110000000000004 0.6951666666666667 0.3686666666666667 0.3693333333333333 0.36466666666666664 0.23566666666666666 0.3415000000000001 0.3425 0.05616666666666667 0.07650000000000003 0.36883333333333335 0.36816666666666664 0.36816666666666664 0.3716666666666667 0.36816666666666664 0.36766666666666664 0.36849999999999994 0.36816666666666664 0.3903333333333333 0.3153333333333333 0.3791666666666667 0.29050000000000004 0.3681666666666667 0.37133333333333335 0.33799999999999997 0.5109999999999999 0.5898333333333333 0.5903333333333332 0.5888333333333332 0.5896666666666666 0.5899999999999999 0.5889999999999999 0.4134999999999999 0.4885000000000001 0.9338333333333334 0.9348333333333333 0.15499999999999997 0.57 0.3501666666666667 0.08066666666666666 0.4128333333333332 0.47350000000000003 0.3790000000000001 0.3720000000000001 0.3343333333333333 0.3506666666666667 0.3215 0.3558333333333332 0.49633333333333346 0.3313333333333333 0.35 0.5030000000000001 0.3683333333333333 0.4068333333333332 0.27799999999999997 0.3286666666666666 0.2156666666666667 0.5151666666666667 
0.3615 0.40333333333333327 0.5518333333333333 0.20116666666666666 0.3985 0.32449999999999996 0.05050000000000002 0.08700000000000001 0.36166666666666664 0.3558333333333333 0.2366666666666666 0.23549999999999993 0.23550000000000004 0.36399999999999993 0.4721666666666667 0.23283333333333325 0.24683333333333335 0.2606666666666666 0.12016666666666667 0.10099999999999998 1.0 0.6993333333333335 0.5271666666666667 0.5989999999999998 0.5624999999999999 0.5535 0.7333333333333333 0.3765 0.341 0.3413333333333333 0.46916666666666657 0.4158333333333332 0.29883333333333345 0.30883333333333335 0.5601666666666666 0.561 0.6188333333333333 0.5923333333333333 0.4685 0.48900000000000005 0.7500000000000001 0.6578333333333332 0.6086666666666666 0.5900000000000001 0.5176666666666668 0.504 0.6171666666666666 0.6136666666666667 0.4801666666666668 0.5191666666666666 0.46316666666666684 0.33999999999999986 0.5016666666666666 0.5808333333333335 0.49183333333333334 0.4866666666666668 0.38933333333333325 0.2481666666666667 0.21916666666666665 0.2198333333333333 0.22000000000000003 0.21966666666666665 0.22166666666666668 0.2223333333333333 0.31916666666666665 0.25666666666666665 0.1003333333333333 0.09799999999999998 0.44866666666666677 0.24066666666666658 0.5939999999999999 0.6065 0.3881666666666667 0.4620000000000001 0.3076666666666667 0.4871666666666667 0.6608333333333333 0.6186666666666667 0.3321666666666668 0.2776666666666667 0.2938333333333334 0.3598333333333333 0.3314999999999999 0.31999999999999995 0.5559999999999999 0.5271666666666666 0.5171666666666667 0.4606666666666667 0.4638333333333334 0.20433333333333337 
0.4138333333333335 0.48833333333333334 0.3765 0.13783333333333336 0.5295000000000001 0.3916666666666667 0.08733333333333332 0.09333333333333332 0.5028333333333332 0.5253333333333332 0.384 0.3888333333333333 0.4043333333333332 0.5331666666666667 0.6409999999999999 0.4068333333333334 0.44816666666666655 0.43000000000000005 0.05983333333333331 0.06616666666666667 0.6993333333333335 1.0 0.4281666666666667 0.3456666666666667 0.34600000000000003 0.34283333333333343 0.48966666666666675 0.5078333333333332 0.41783333333333333 0.4168333333333333 0.37683333333333335 0.2586666666666667 0.2831666666666667 0.29466666666666663 0.3188333333333333 0.31066666666666665 0.35966666666666675 0.4555 0.3155 0.33849999999999997 0.7290000000000001 0.7368333333333336 0.3813333333333333 0.3893333333333333 0.3963333333333334 0.4466666666666669 0.3671666666666667 0.38116666666666643 0.41016666666666657 0.42850000000000016 0.39299999999999996 0.41800000000000004 0.3671666666666665 0.44 0.3903333333333333 0.3913333333333334 0.4624999999999999 0.3911666666666667 0.3270000000000001 0.32799999999999996 0.32800000000000007 0.32699999999999996 0.33016666666666666 0.3306666666666667 0.2926666666666667 0.25383333333333336 0.03866666666666667 0.037000000000000005 0.6064999999999999 0.3486666666666668 0.5329999999999998 0.7350000000000001 0.5196666666666667 0.4603333333333333 0.49033333333333323 0.4976666666666666 0.5049999999999999 0.4716666666666666 0.49183333333333346 0.47599999999999987 0.4211666666666667 0.5008333333333334 0.4963333333333332 0.4038333333333333 0.312 0.27266666666666667 0.38233333333333336 0.30983333333333335 0.5175000000000001 0.267 
0.08066666666666666 0.1588333333333333 0.8663333333333334 0.5281666666666666 0.5771666666666667 0.6428333333333335 0.2278333333333333 0.3766666666666667 0.5593333333333333 0.2505 0.099 0.0676666666666667 0.1255 0.25799999999999995 0.35900000000000004 0.08516666666666667 0.004333333333333333 0.04033333333333335 0.4501666666666666 0.35966666666666663 0.5271666666666667 0.4281666666666667 1.0 0.8619999999999999 0.8464999999999999 0.8451666666666664 0.7053333333333334 0.6236666666666666 0.0026666666666666666 0.0021666666666666666 0.20216666666666666 0.6285000000000002 0.09566666666666668 0.084 0.818 0.8156666666666667 0.8658333333333335 0.5933333333333333 0.694 0.714 0.37383333333333335 0.3171666666666667 0.8811666666666667 0.9129999999999999 0.8428333333333333 0.8561666666666667 0.8734999999999998 0.8950000000000001 0.9346666666666665 0.9691666666666668 0.9163333333333334 0.4496666666666666 0.8935000000000001 0.8093333333333333 0.9334999999999997 0.9309999999999999 0.14366666666666672 0.03300000000000001 0.007833333333333333 0.007833333333333333 0.007666666666666667 0.0075 0.007666666666666667 0.007666666666666667 0.5186666666666665 0.49816666666666665 0.4156666666666667 0.41650000000000004 0.24466666666666673 0.025500000000000012 0.732 0.49266666666666675 0.0751666666666667 0.11916666666666668 0.14766666666666667 0.07683333333333334 0.3426666666666668 0.303 0.03683333333333335 0.004999999999999999 0.0031666666666666666 0.05533333333333333 0.12383333333333336 0.011000000000000001 0.8144999999999999 0.7778333333333336 0.6485000000000001 0.6624999999999999 0.31183333333333335 0.42283333333333334 
0.11800000000000001 0.14600000000000002 0.8884999999999998 0.5361666666666666 0.446 0.5138333333333334 0.2238333333333333 0.34416666666666657 0.4254999999999998 0.13416666666666668 0.014333333333333333 0.013666666666666669 0.010166666666666666 0.137 0.22400000000000003 0.005666666666666666 0.0018333333333333335 0.03500000000000001 0.4585 0.3678333333333333 0.5989999999999998 0.3456666666666667 0.8619999999999999 1.0 0.9380000000000004 0.9349999999999998 0.8170000000000002 0.49883333333333324 0.0003333333333333333 0.0 0.20099999999999998 0.6720000000000002 0.09483333333333334 0.08216666666666667 0.944666666666667 0.9450000000000003 0.9731666666666667 0.7060000000000001 0.8258333333333335 0.844666666666667 0.49116666666666675 0.3438333333333332 0.9533333333333337 0.9261666666666664 0.9003333333333329 0.8358333333333333 0.965166666666667 0.9460000000000001 0.8166666666666668 0.8574999999999997 0.8021666666666668 0.42249999999999976 0.838 0.8128333333333334 0.8566666666666667 0.8399999999999997 0.1451666666666667 0.026333333333333337 0.0003333333333333333 0.00016666666666666666 0.0 0.00016666666666666666 0.00016666666666666666 0.0 0.5771666666666667 0.5218333333333334 0.42416666666666664 0.42500000000000016 0.22233333333333327 0.018000000000000002 0.6395000000000001 0.366 0.058666666666666666 0.11833333333333335 0.04933333333333333 0.15333333333333332 0.34033333333333354 0.27599999999999997 0.013666666666666669 0.0016666666666666666 0.0 0.09366666666666669 0.018833333333333334 0.009 0.9410000000000003 0.9120000000000004 0.7750000000000001 0.7969999999999999 0.34516666666666673 0.4194999999999999 
