1.0 0.8326666666666668 0.0 0.0 0.16283333333333336 0.09683333333333335 0.003333333333333333 0.19416666666666668 0.1441666666666667 0.2751666666666667 0.7586666666666669 0.7181666666666666 0.7158333333333333 0.016 0.2903333333333333 0.0 0.7586666666666667 0.8316666666666666 0.22366666666666657 0.23933333333333337 0.0 0.004166666666666667 0.0 0.0 0.0 0.0 0.0 0.0 0.7371666666666665 0.7413333333333333 0.0 0.0 0.7989999999999999 0.6015 0.0 0.00016666666666666666 0.614 0.5113333333333333 0.1961666666666666 0.044833333333333336 0.4154999999999999 0.32566666666666677 0.198 0.39166666666666666 0.3941666666666665 0.281 0.49116666666666675 0.5308333333333334 0.6989999999999997 0.7493333333333334 0.6366666666666667 0.46950000000000003 0.6998333333333332 0.7076666666666667 0.6288333333333334 0.7551666666666665 0.8311666666666665 0.8226666666666665 0.6914999999999998 0.8783333333333332 0.7334999999999998 0.6488333333333333 0.9136666666666663 0.8776666666666667 0.00016666666666666666 0.21450000000000002 0.36750000000000005 0.0 0.6056666666666666 0.6523333333333332 0.055833333333333304 0.35566666666666663 0.7354999999999999 0.8878333333333334 0.839 0.887833333333333 0.6630000000000001 0.5501666666666667 0.6986666666666668 0.7839999999999998 0.7561666666666668 0.7846666666666667 0.43133333333333346 0.6365000000000001 0.0 0.0 0.05500000000000002 0.15916666666666665 0.0005 0.09599999999999997 
0.8326666666666668 1.0 0.0 0.0 0.1671666666666666 0.09999999999999998 0.0025 0.21050000000000005 0.21833333333333335 0.2853333333333333 0.7234999999999999 0.7206666666666667 0.7186666666666666 0.03066666666666668 0.37416666666666665 0.0 0.6195 0.6978333333333334 0.1993333333333333 0.19400000000000003 0.0 0.0045000000000000005 0.0 0.0 0.0 0.0 0.0 0.0 0.6211666666666669 0.6053333333333332 0.0 0.0 0.6613333333333332 0.597 0.0 0.0013333333333333333 0.6353333333333334 0.4695000000000002 0.3041666666666667 0.13966666666666666 0.39466666666666667 0.3460000000000001 0.2371666666666666 0.48400000000000004 0.5093333333333333 0.3471666666666667 0.5840000000000002 0.6353333333333333 0.8083333333333331 0.8613333333333334 0.6611666666666666 0.47266666666666673 0.8190000000000002 0.8246666666666667 0.6883333333333332 0.8718333333333333 0.7210000000000001 0.9603333333333336 0.8141666666666666 0.7783333333333333 0.7511666666666669 0.7491666666666664 0.7856666666666665 0.7688333333333333 0.00016666666666666666 0.2341666666666667 0.4100000000000001 0.0 0.7163333333333333 0.7761666666666668 0.05599999999999999 0.36066666666666664 0.5998333333333332 0.775 0.7286666666666666 0.7723333333333333 0.7258333333333333 0.534 0.5791666666666668 0.6506666666666667 0.6191666666666666 0.6495000000000003 0.5635 0.7311666666666666 0.00016666666666666666 0.0 0.1678333333333333 0.061499999999999985 0.008 0.222 
0.0 0.0 1.0 0.9993333333333334 0.7421666666666666 0.8393333333333334 0.993 0.5495 0.5261666666666667 0.5276666666666666 0.0 0.0 0.0 0.8776666666666667 0.49116666666666653 0.9993333333333334 0.0 0.0 0.682 0.6275000000000002 0.9993333333333334 0.9905000000000002 0.9993333333333334 0.9990000000000001 0.9991666666666668 0.9993333333333334 0.9995 0.9991666666666668 0.012666666666666666 0.0 0.9990000000000001 0.9996666666666667 0.0 0.16033333333333333 0.9961666666666666 0.9405000000000002 0.030666666666666665 0.16166666666666668 0.6571666666666667 0.7901666666666665 0.3908333333333333 0.32116666666666677 0.5333333333333333 0.23633333333333337 0.2595 0.4483333333333333 0.08600000000000003 0.09733333333333338 0.0016666666666666668 0.0 0.018 0.18800000000000006 0.0 0.0 0.012833333333333332 0.0 0.0 0.0 0.0 0.0 0.0013333333333333333 0.0011666666666666668 0.0 0.0 0.9815 0.5059999999999999 0.43399999999999994 0.9881666666666667 0.018333333333333333 0.0026666666666666666 0.9065000000000002 0.5171666666666669 0.05649999999999999 0.0 0.0325 0.0 0.0 0.19133333333333336 0.08933333333333335 0.0 0.0 0.0 0.32666666666666666 0.0015 0.9856666666666668 0.9983333333333333 0.784833333333333 0.815166666666667 0.9556666666666669 0.6775 
0.0 0.0 0.9993333333333334 1.0 0.7421666666666669 0.8386666666666666 0.9930000000000001 0.5491666666666667 0.5258333333333334 0.5275 0.0 0.0 0.0 0.8779999999999998 0.49133333333333323 0.9993333333333334 0.0 0.0 0.682 0.6273333333333335 0.9993333333333334 0.9905000000000002 0.9990000000000001 0.9993333333333334 0.9995 0.9996666666666667 0.9995 0.9995 0.012666666666666666 0.0 0.9990000000000001 0.9993333333333334 0.0 0.16033333333333333 0.9961666666666666 0.9408333333333335 0.0305 0.16183333333333333 0.6575 0.7901666666666665 0.3908333333333333 0.32150000000000006 0.5335000000000002 0.2366666666666667 0.2593333333333333 0.4485 0.08583333333333337 0.09733333333333338 0.0016666666666666668 0.0 0.018 0.18800000000000006 0.0 0.0 0.012833333333333332 0.0 0.0 0.0 0.0 0.0 0.0013333333333333333 0.0011666666666666668 0.0 0.0 0.9818333333333333 0.5056666666666666 0.4343333333333333 0.9885 0.018333333333333333 0.002833333333333333 0.9065000000000003 0.5171666666666668 0.05649999999999999 0.0 0.0325 0.0 0.0 0.19133333333333336 0.08933333333333335 0.0 0.0 0.0 0.32733333333333325 0.0015 0.9863333333333334 0.998 0.7851666666666663 0.8155000000000004 0.9560000000000004 0.6778333333333333 
0.16283333333333336 0.1671666666666666 0.7421666666666666 0.7421666666666669 1.0 0.8836666666666663 0.7416666666666668 0.6533333333333334 0.5588333333333333 0.7761666666666664 0.23316666666666674 0.2385 0.2396666666666667 0.6253333333333333 0.2408333333333333 0.7421666666666666 0.031 0.059000000000000004 0.8521666666666667 0.5715 0.7418333333333336 0.7446666666666668 0.7415 0.7418333333333333 0.7416666666666667 0.7421666666666669 0.7416666666666667 0.7416666666666667 0.04333333333333335 0.0285 0.7411666666666668 0.7418333333333333 0.03183333333333334 0.19483333333333333 0.7433333333333334 0.688 0.10583333333333333 0.10200000000000001 0.4116666666666666 0.5395 0.505 0.18866666666666668 0.5165000000000002 0.20566666666666675 0.46699999999999997 0.6918333333333334 0.11349999999999999 0.13016666666666668 0.1986666666666666 0.19733333333333333 0.2415 0.39750000000000013 0.2006666666666667 0.20050000000000012 0.20900000000000002 0.14550000000000002 0.04033333333333334 0.1733333333333333 0.22383333333333333 0.199 0.23483333333333334 0.2521666666666667 0.1735 0.19366666666666663 0.7293333333333335 0.6461666666666666 0.6743333333333332 0.7360000000000001 0.06283333333333332 0.050666666666666665 0.8320000000000002 0.762 0.09300000000000001 0.16116666666666668 0.22349999999999998 0.19166666666666668 0.12216666666666667 0.21833333333333335 0.11600000000000002 0.02866666666666667 0.030166666666666665 0.028500000000000004 0.07916666666666666 0.029833333333333337 0.7331666666666667 0.7431666666666668 0.5315000000000001 0.5596666666666668 0.7121666666666664 0.42816666666666664 
0.09683333333333335 0.09999999999999998 0.8393333333333334 0.8386666666666666 0.8836666666666663 1.0 0.8391666666666667 0.6871666666666667 0.5951666666666665 0.6861666666666666 0.13716666666666666 0.1421666666666667 0.14250000000000002 0.7223333333333335 0.34199999999999986 0.8386666666666668 0.004666666666666667 0.015000000000000003 0.8168333333333334 0.6056666666666669 0.839 0.8303333333333335 0.8390000000000001 0.8386666666666666 0.8391666666666666 0.8390000000000001 0.8388333333333332 0.8391666666666666 0.0165 0.004 0.8383333333333332 0.839 0.006666666666666666 0.17783333333333332 0.8415 0.7978333333333332 0.050666666666666645 0.10083333333333334 0.5075 0.6528333333333332 0.43816666666666676 0.225 0.5040000000000001 0.23633333333333334 0.3941666666666668 0.6043333333333333 0.09983333333333334 0.11216666666666672 0.12650000000000003 0.124 0.15983333333333333 0.32250000000000006 0.12766666666666668 0.12816666666666662 0.13633333333333333 0.08633333333333332 0.008666666666666666 0.10516666666666659 0.1433333333333333 0.11783333333333333 0.1481666666666667 0.15966666666666668 0.10283333333333329 0.11449999999999999 0.8428333333333333 0.6533333333333334 0.5846666666666667 0.8478333333333334 0.024666666666666674 0.012833333333333334 0.9205000000000001 0.6571666666666667 0.0653333333333333 0.091 0.1436666666666667 0.11416666666666667 0.06733333333333333 0.18550000000000005 0.092 0.004166666666666667 0.005333333333333333 0.004666666666666666 0.17833333333333334 0.0055 0.8456666666666667 0.8406666666666667 0.6449999999999999 0.6626666666666665 0.8213333333333332 0.5351666666666667 
0.003333333333333333 0.0025 0.993 0.9930000000000001 0.7416666666666668 0.8391666666666667 1.0 0.552 0.5281666666666667 0.5293333333333333 0.004333333333333333 0.004666666666666666 0.004833333333333333 0.8779999999999998 0.4919999999999999 0.9923333333333335 0.0031666666666666666 0.003333333333333333 0.6776666666666666 0.6213333333333335 0.9930000000000001 0.9838333333333334 0.9926666666666668 0.9933333333333334 0.9931666666666668 0.9930000000000001 0.9928333333333335 0.9931666666666668 0.014333333333333333 0.0031666666666666666 0.9923333333333333 0.9926666666666667 0.002833333333333333 0.1595 0.9941666666666669 0.9388333333333334 0.032499999999999994 0.162 0.6561666666666665 0.7888333333333333 0.39049999999999996 0.3216666666666667 0.5343333333333333 0.23850000000000002 0.26049999999999995 0.4489999999999999 0.08600000000000003 0.09883333333333338 0.002833333333333333 0.0011666666666666668 0.019166666666666665 0.18983333333333338 0.0005 0.0016666666666666666 0.013999999999999999 0.0005 0.003333333333333333 0.0023333333333333335 0.001 0.0025 0.0025 0.004166666666666667 0.003333333333333333 0.003333333333333333 0.98 0.509 0.43366666666666664 0.9863333333333334 0.02066666666666667 0.0051666666666666675 0.9048333333333336 0.5161666666666668 0.05966666666666666 0.002833333333333333 0.035166666666666666 0.0034999999999999996 0.0008333333333333333 0.18783333333333338 0.09183333333333332 0.0031666666666666666 0.0031666666666666666 0.0031666666666666666 0.3281666666666666 0.0036666666666666666 0.9838333333333334 0.9946666666666667 0.7824999999999998 0.8130000000000005 0.9553333333333337 0.6808333333333333 
0.19416666666666668 0.21050000000000005 0.5495 0.5491666666666667 0.6533333333333334 0.6871666666666667 0.552 1.0 0.7633333333333333 0.8228333333333332 0.3533333333333333 0.36399999999999993 0.3676666666666666 0.5291666666666667 0.3653333333333333 0.5493333333333333 0.04416666666666667 0.11183333333333331 0.5830000000000001 0.5021666666666668 0.5491666666666667 0.5405 0.5493333333333333 0.5491666666666667 0.5491666666666667 0.5493333333333333 0.5491666666666667 0.5491666666666667 0.043833333333333335 0.032499999999999994 0.5488333333333334 0.5491666666666667 0.09983333333333333 0.2506666666666667 0.5518333333333334 0.5940000000000001 0.09033333333333332 0.13016666666666662 0.30433333333333334 0.47066666666666684 0.3901666666666667 0.47850000000000004 0.6618333333333335 0.48999999999999994 0.604 0.6369999999999999 0.11666666666666663 0.09416666666666666 0.3448333333333333 0.30916666666666665 0.3998333333333333 0.5416666666666665 0.34149999999999997 0.34166666666666673 0.3868333333333333 0.24766666666666662 0.09183333333333334 0.22150000000000006 0.35283333333333333 0.2708333333333334 0.3656666666666667 0.40983333333333344 0.21 0.2595 0.5623333333333335 0.9391666666666668 0.38766666666666666 0.56 0.018333333333333333 0.07133333333333332 0.621 0.43283333333333324 0.14216666666666666 0.22633333333333336 0.2883333333333333 0.24883333333333332 0.313 0.12883333333333333 0.04633333333333333 0.08616666666666667 0.04333333333333333 0.08299999999999999 0.11899999999999998 0.018000000000000002 0.5611666666666667 0.5506666666666667 0.4459999999999998 0.44616666666666677 0.5863333333333334 0.43566666666666687 
0.1441666666666667 0.21833333333333335 0.5261666666666667 0.5258333333333334 0.5588333333333333 0.5951666666666665 0.5281666666666667 0.7633333333333333 1.0 0.6814999999999999 0.2426666666666667 0.25616666666666654 0.2576666666666667 0.4496666666666665 0.49199999999999994 0.526 0.046499999999999986 0.08133333333333333 0.4839999999999998 0.42716666666666675 0.5258333333333334 0.5171666666666667 0.526 0.5258333333333334 0.5258333333333334 0.526 0.5258333333333334 0.5258333333333334 0.05966666666666665 0.05266666666666664 0.5255000000000001 0.5258333333333334 0.069 0.24416666666666667 0.5288333333333334 0.5485 0.09350000000000001 0.23799999999999993 0.3848333333333332 0.5473333333333334 0.36633333333333334 0.4926666666666666 0.6143333333333336 0.51 0.6033333333333332 0.5786666666666667 0.2125 0.18750000000000008 0.3395 0.3118333333333333 0.3628333333333334 0.5031666666666667 0.3561666666666667 0.35033333333333333 0.33449999999999996 0.2608333333333333 0.08816666666666667 0.23216666666666674 0.3588333333333334 0.20600000000000004 0.33716666666666667 0.39149999999999996 0.1485 0.19116666666666668 0.5435 0.7726666666666665 0.3193333333333333 0.5365 0.14100000000000001 0.18099999999999997 0.5359999999999999 0.3716666666666666 0.11733333333333333 0.16266666666666665 0.22066666666666668 0.18250000000000002 0.26266666666666666 0.13183333333333333 0.07266666666666667 0.06133333333333333 0.04916666666666665 0.05983333333333332 0.27516666666666667 0.12766666666666668 0.5368333333333333 0.5273333333333333 0.5305 0.43633333333333324 0.5653333333333334 0.5615 
0.2751666666666667 0.2853333333333333 0.5276666666666666 0.5275 0.7761666666666664 0.6861666666666666 0.5293333333333333 0.8228333333333332 0.6814999999999999 1.0 0.3718333333333333 0.3778333333333332 0.384 0.4165 0.2731666666666667 0.5276666666666666 0.08349999999999999 0.16833333333333336 0.6628333333333333 0.5058333333333334 0.5273333333333333 0.5313333333333333 0.5276666666666666 0.5275 0.5275 0.5276666666666666 0.5275 0.5275 0.08566666666666667 0.06899999999999999 0.5273333333333333 0.5276666666666666 0.13749999999999998 0.36083333333333345 0.5301666666666667 0.48849999999999993 0.11799999999999997 0.12466666666666666 0.22133333333333333 0.358 0.5303333333333334 0.3561666666666667 0.6768333333333336 0.3866666666666667 0.6656666666666667 0.7535000000000001 0.12233333333333332 0.11316666666666667 0.3979999999999999 0.38283333333333336 0.44549999999999995 0.5938333333333334 0.3981666666666666 0.39716666666666656 0.40350000000000014 0.3158333333333333 0.1365 0.2974999999999999 0.42383333333333334 0.3505 0.4394999999999997 0.45766666666666667 0.29166666666666674 0.3395 0.5381666666666667 0.8273333333333335 0.5156666666666665 0.5373333333333333 0.0693333333333333 0.11583333333333329 0.6181666666666664 0.5856666666666668 0.18266666666666664 0.30149999999999993 0.3670000000000001 0.32949999999999996 0.3163333333333333 0.22266666666666665 0.09216666666666667 0.12216666666666663 0.08133333333333331 0.11816666666666667 0.03816666666666666 0.051833333333333315 0.5355 0.5288333333333334 0.3478333333333332 0.35416666666666663 0.5445 0.3424999999999999 
0.7586666666666669 0.7234999999999999 0.0 0.0 0.23316666666666674 0.13716666666666666 0.004333333333333333 0.3533333333333333 0.2426666666666667 0.3718333333333333 1.0 0.9423333333333334 0.9401666666666667 0.10983333333333334 0.23800000000000002 0.0 0.5670000000000001 0.6501666666666668 0.2693333333333333 0.13583333333333336 0.0 0.004166666666666667 0.0 0.0 0.0 0.0 0.0 0.0 0.5823333333333331 0.5501666666666668 0.0 0.0 0.6090000000000001 0.5185000000000002 0.0 0.04333333333333333 0.609 0.36233333333333334 0.14483333333333331 0.041166666666666664 0.36066666666666664 0.42466666666666675 0.26633333333333337 0.4743333333333335 0.41216666666666674 0.35416666666666663 0.42133333333333334 0.4504999999999999 0.7243333333333334 0.7200000000000003 0.7156666666666668 0.48866666666666675 0.7188333333333332 0.7244999999999999 0.7508333333333332 0.6559999999999999 0.6050000000000001 0.7246666666666667 0.7331666666666665 0.7879999999999999 0.7476666666666667 0.7586666666666669 0.7726666666666668 0.7933333333333334 0.0005 0.37166666666666665 0.43550000000000005 0.0005 0.46833333333333343 0.5173333333333334 0.07966666666666668 0.4280000000000001 0.5506666666666665 0.7611666666666668 0.7453333333333333 0.7908333333333333 0.7168333333333332 0.44949999999999996 0.5263333333333334 0.6013333333333333 0.5641666666666666 0.5980000000000001 0.38416666666666666 0.49183333333333346 0.0025 0.0 0.024500000000000008 0.04433333333333334 0.009166666666666667 0.05966666666666664 
0.7181666666666666 0.7206666666666667 0.0 0.0 0.2385 0.1421666666666667 0.004666666666666666 0.36399999999999993 0.25616666666666654 0.3778333333333332 0.9423333333333334 1.0 0.9735000000000004 0.11716666666666663 0.22950000000000004 0.0 0.5245000000000001 0.6093333333333335 0.2666666666666666 0.11833333333333337 0.0 0.004166666666666667 0.0 0.0 0.0 0.0 0.0 0.0 0.5443333333333333 0.5111666666666668 0.0 0.0 0.5661666666666666 0.5088333333333335 0.0 0.047333333333333324 0.623 0.3366666666666668 0.15049999999999997 0.054166666666666675 0.3638333333333334 0.4371666666666667 0.2773333333333333 0.48916666666666664 0.42516666666666664 0.37183333333333335 0.4290000000000001 0.45549999999999996 0.7335 0.72 0.7195000000000001 0.48333333333333334 0.7271666666666667 0.7328333333333333 0.7701666666666668 0.6601666666666667 0.5683333333333335 0.7269999999999999 0.7423333333333332 0.7498333333333334 0.7511666666666664 0.779 0.7298333333333333 0.7535 0.0018333333333333335 0.3829999999999998 0.44983333333333325 0.0015 0.4700000000000001 0.5204999999999999 0.08433333333333336 0.4345000000000001 0.5080000000000001 0.7211666666666666 0.7063333333333333 0.7541666666666664 0.7286666666666665 0.4365000000000001 0.489 0.5581666666666666 0.5219999999999999 0.5544999999999999 0.39333333333333337 0.4878333333333331 0.0036666666666666666 0.0 0.03483333333333335 0.019333333333333334 0.011666666666666667 0.06916666666666665 
0.7158333333333333 0.7186666666666666 0.0 0.0 0.2396666666666667 0.14250000000000002 0.004833333333333333 0.3676666666666666 0.2576666666666667 0.384 0.9401666666666667 0.9735000000000004 1.0 0.11799999999999995 0.22716666666666668 0.0 0.5195 0.6046666666666666 0.26699999999999996 0.11883333333333335 0.0 0.004333333333333333 0.0 0.0 0.0 0.0 0.0 0.0 0.5371666666666666 0.5035000000000001 0.0 0.0 0.5625 0.5121666666666667 0.0 0.04733333333333332 0.6228333333333331 0.33149999999999996 0.1501666666666667 0.05433333333333334 0.3628333333333334 0.44283333333333325 0.2833333333333334 0.49399999999999994 0.4315 0.37383333333333335 0.429 0.4566666666666667 0.7361666666666667 0.7235000000000003 0.7240000000000001 0.4866666666666668 0.7304999999999999 0.7358333333333333 0.7725000000000003 0.661333333333333 0.5665000000000001 0.7251666666666665 0.7449999999999999 0.7496666666666667 0.7541666666666665 0.7845000000000002 0.7260000000000001 0.7541666666666664 0.0018333333333333333 0.3873333333333335 0.4508333333333332 0.0015000000000000002 0.46766666666666656 0.5170000000000001 0.08483333333333336 0.4351666666666668 0.5026666666666667 0.7211666666666665 0.7060000000000001 0.7528333333333334 0.7296666666666666 0.4333333333333334 0.48133333333333317 0.5535 0.5169999999999999 0.5518333333333335 0.39000000000000007 0.4818333333333334 0.003666666666666667 0.0 0.03533333333333335 0.01816666666666667 0.01216666666666667 0.06683333333333333 
0.016 0.03066666666666668 0.8776666666666667 0.8779999999999998 0.6253333333333333 0.7223333333333335 0.8779999999999998 0.5291666666666667 0.4496666666666665 0.4165 0.10983333333333334 0.11716666666666663 0.11799999999999995 1.0 0.4976666666666664 0.8776666666666665 0.008 0.008166666666666666 0.5974999999999998 0.5415000000000002 0.8776666666666667 0.8684999999999999 0.8773333333333332 0.8776666666666665 0.8774999999999998 0.8776666666666665 0.8778333333333331 0.8774999999999998 0.0335 0.007166666666666666 0.8773333333333332 0.8773333333333332 0.007166666666666667 0.05000000000000001 0.8776666666666665 0.8784999999999996 0.1198333333333333 0.17016666666666666 0.677666666666667 0.8146666666666665 0.28833333333333333 0.34550000000000003 0.5115000000000001 0.28783333333333333 0.29900000000000004 0.44299999999999995 0.1336666666666667 0.13883333333333336 0.047333333333333345 0.03433333333333335 0.07049999999999998 0.22650000000000003 0.03933333333333335 0.04283333333333334 0.11616666666666667 0.03483333333333335 0.009333333333333334 0.030500000000000013 0.03566666666666668 0.005166666666666666 0.03633333333333334 0.05333333333333334 0.008166666666666666 0.008833333333333334 0.8644999999999999 0.48383333333333334 0.4143333333333335 0.8716666666666665 0.04949999999999998 0.033500000000000016 0.7888333333333334 0.4016666666666667 0.06366666666666666 0.005666666666666666 0.037 0.006666666666666666 0.08800000000000002 0.1366666666666667 0.05283333333333332 0.006499999999999999 0.008 0.006833333333333333 0.3566666666666666 0.029999999999999995 0.8719999999999999 0.8783333333333333 0.8075 0.8110000000000004 0.8508333333333334 0.7058333333333334 
0.2903333333333333 0.37416666666666665 0.49116666666666653 0.49133333333333323 0.2408333333333333 0.34199999999999986 0.4919999999999999 0.3653333333333333 0.49199999999999994 0.2731666666666667 0.23800000000000002 0.22950000000000004 0.22716666666666668 0.4976666666666664 1.0 0.49166666666666664 0.2788333333333333 0.28216666666666657 0.308 0.3503333333333332 0.4909999999999999 0.48283333333333317 0.49133333333333323 0.4911666666666666 0.4911666666666666 0.49149999999999994 0.4911666666666666 0.4911666666666666 0.27749999999999997 0.28833333333333333 0.4906666666666666 0.49116666666666653 0.27599999999999997 0.19133333333333333 0.49133333333333323 0.49333333333333323 0.23216666666666666 0.4425000000000001 0.5588333333333333 0.5978333333333332 0.1323333333333333 0.4688333333333333 0.45216666666666666 0.4355000000000001 0.34600000000000014 0.28099999999999997 0.21949999999999995 0.2621666666666666 0.295 0.32483333333333325 0.1865 0.25683333333333325 0.317 0.30933333333333335 0.20450000000000007 0.32966666666666666 0.3083333333333332 0.38316666666666654 0.3265 0.2943333333333333 0.2688333333333333 0.2956666666666667 0.28733333333333333 0.2873333333333333 0.49149999999999994 0.3555 0.11233333333333335 0.49149999999999994 0.38516666666666666 0.38249999999999995 0.40016666666666656 0.19833333333333333 0.31299999999999983 0.28716666666666674 0.28916666666666674 0.28933333333333333 0.24483333333333326 0.23733333333333337 0.23083333333333328 0.2834999999999999 0.2826666666666667 0.2838333333333332 0.6913333333333336 0.38150000000000006 0.49133333333333323 0.4909999999999999 0.6301666666666665 0.5756666666666667 0.4978333333333333 0.723 
0.0 0.0 0.9993333333333334 0.9993333333333334 0.7421666666666666 0.8386666666666668 0.9923333333333335 0.5493333333333333 0.526 0.5276666666666666 0.0 0.0 0.0 0.8776666666666665 0.49166666666666664 1.0 0.0 0.0 0.6815000000000001 0.6273333333333335 0.9990000000000001 0.9908333333333335 0.9993333333333334 0.9990000000000001 0.9988333333333334 0.9993333333333334 0.9995 0.9988333333333334 0.012666666666666666 0.0 0.9990000000000001 0.9993333333333334 0.0 0.16033333333333333 0.9958333333333335 0.9401666666666669 0.0305 0.16183333333333333 0.6568333333333333 0.7898333333333332 0.39099999999999996 0.3213333333333334 0.5336666666666668 0.23650000000000002 0.2595 0.44866666666666666 0.0856666666666667 0.09700000000000004 0.0016666666666666668 0.0 0.018 0.18800000000000006 0.0 0.0 0.012833333333333332 0.0 0.0 0.0 0.0 0.0 0.0013333333333333333 0.0011666666666666668 0.0 0.0 0.9811666666666667 0.5058333333333332 0.4341666666666666 0.9885000000000003 0.018000000000000002 0.0026666666666666666 0.9065000000000002 0.5171666666666669 0.05649999999999999 0.0 0.0325 0.0 0.0 0.19150000000000003 0.08933333333333335 0.0 0.0 0.0 0.3271666666666666 0.0015 0.9860000000000002 0.9976666666666667 0.784833333333333 0.8151666666666673 0.9558333333333335 0.6776666666666666 
0.7586666666666667 0.6195 0.0 0.0 0.031 0.004666666666666667 0.0031666666666666666 0.04416666666666667 0.046499999999999986 0.08349999999999999 0.5670000000000001 0.5245000000000001 0.5195 0.008 0.2788333333333333 0.0 1.0 0.9096666666666664 0.11133333333333338 0.3338333333333334 0.0 0.008333333333333333 0.0 0.0 0.0 0.0 0.0 0.0 0.9393333333333335 0.9756666666666668 0.0 0.0 0.935 0.6726666666666667 0.0 0.0 0.655 0.6611666666666668 0.1535 0.0036666666666666666 0.41050000000000003 0.30150000000000005 0.07749999999999999 0.2401666666666666 0.1625 0.08383333333333332 0.5855 0.6083333333333334 0.47333333333333344 0.5151666666666668 0.44516666666666665 0.2875 0.4676666666666665 0.47416666666666685 0.4308333333333334 0.5658333333333334 0.8871666666666667 0.5990000000000001 0.45583333333333337 0.7099999999999999 0.5008333333333335 0.4156666666666668 0.788333333333333 0.7376666666666667 0.0 0.045500000000000006 0.21050000000000002 0.0 0.7148333333333337 0.706 0.005666666666666666 0.2213333333333333 0.8921666666666667 0.7761666666666664 0.6980000000000001 0.7478333333333333 0.5559999999999999 0.7101666666666668 0.8980000000000001 0.9470000000000002 0.9866666666666668 0.9506666666666662 0.4303333333333333 0.7856666666666665 0.0 0.0 0.010333333333333337 0.16283333333333336 0.0003333333333333333 0.08183333333333331 
0.8316666666666666 0.6978333333333334 0.0 0.0 0.059000000000000004 0.015000000000000003 0.003333333333333333 0.11183333333333331 0.08133333333333333 0.16833333333333336 0.6501666666666668 0.6093333333333335 0.6046666666666666 0.008166666666666666 0.28216666666666657 0.0 0.9096666666666664 1.0 0.13100000000000003 0.3346666666666666 0.0 0.006333333333333334 0.0 0.0 0.0 0.0 0.0 0.0 0.8588333333333336 0.8938333333333334 0.0 0.0 0.9483333333333337 0.6986666666666665 0.0 0.0 0.6370000000000001 0.6033333333333334 0.1526666666666667 0.0036666666666666666 0.41566666666666685 0.3443333333333334 0.13999999999999993 0.3041666666666667 0.24766666666666673 0.14433333333333334 0.5526666666666665 0.5871666666666666 0.5595 0.6016666666666668 0.5318333333333334 0.37433333333333324 0.5543333333333333 0.5603333333333335 0.5145 0.6413333333333333 0.9058333333333334 0.6819999999999999 0.5426666666666666 0.7948333333333332 0.5876666666666668 0.5025000000000001 0.867 0.8231666666666664 0.0 0.11849999999999998 0.241 0.0 0.6533333333333333 0.7030000000000001 0.00916666666666667 0.25016666666666665 0.8871666666666667 0.86 0.7835000000000001 0.8333333333333331 0.6261666666666668 0.6653333333333333 0.8293333333333333 0.9410000000000004 0.9071666666666665 0.9386666666666669 0.3925 0.7006666666666667 0.0 0.0 0.010333333333333337 0.16283333333333336 0.0003333333333333333 0.05149999999999998 
0.22366666666666657 0.1993333333333333 0.682 0.682 0.8521666666666667 0.8168333333333334 0.6776666666666666 0.5830000000000001 0.4839999999999998 0.6628333333333333 0.2693333333333333 0.2666666666666666 0.26699999999999996 0.5974999999999998 0.308 0.6815000000000001 0.11133333333333338 0.13100000000000003 1.0 0.6460000000000002 0.682 0.6763333333333332 0.6821666666666667 0.682 0.6821666666666667 0.6821666666666667 0.6818333333333334 0.6821666666666667 0.1235 0.10783333333333335 0.6818333333333334 0.682 0.11116666666666665 0.2015 0.679 0.6251666666666666 0.13766666666666663 0.1311666666666667 0.4018333333333334 0.508 0.42550000000000004 0.17249999999999996 0.4216666666666668 0.22033333333333335 0.3988333333333334 0.6130000000000002 0.1383333333333333 0.17200000000000004 0.21916666666666665 0.22433333333333333 0.24233333333333326 0.36466666666666675 0.22699999999999995 0.22466666666666657 0.20616666666666675 0.177 0.11466666666666668 0.2051666666666666 0.24933333333333327 0.25933333333333325 0.268 0.2748333333333333 0.2396666666666667 0.25616666666666665 0.6643333333333333 0.5743333333333334 0.6246666666666667 0.6709999999999999 0.10033333333333332 0.0895 0.7675 0.7339999999999999 0.16599999999999998 0.22750000000000006 0.26466666666666666 0.2555 0.156 0.27133333333333337 0.18216666666666673 0.10800000000000003 0.11100000000000002 0.10750000000000001 0.14766666666666672 0.07883333333333334 0.669 0.6808333333333333 0.5044999999999998 0.5695 0.6439999999999999 0.3994999999999999 
0.23933333333333337 0.19400000000000003 0.6275000000000002 0.6273333333333335 0.5715 0.6056666666666669 0.6213333333333335 0.5021666666666668 0.42716666666666675 0.5058333333333334 0.13583333333333336 0.11833333333333337 0.11883333333333335 0.5415000000000002 0.3503333333333332 0.6273333333333335 0.3338333333333334 0.3346666666666666 0.6460000000000002 1.0 0.6270000000000001 0.6185 0.6270000000000002 0.6270000000000002 0.6270000000000002 0.6273333333333335 0.6271666666666669 0.6270000000000002 0.3471666666666667 0.33633333333333326 0.6270000000000001 0.6275000000000002 0.35349999999999987 0.43850000000000017 0.6240000000000002 0.5720000000000002 0.27349999999999997 0.3061666666666666 0.33349999999999985 0.4563333333333332 0.5196666666666667 0.3101666666666666 0.38283333333333325 0.21200000000000002 0.327 0.38866666666666666 0.276 0.27033333333333337 0.14500000000000002 0.1538333333333333 0.11166666666666668 0.2806666666666667 0.13683333333333336 0.14733333333333334 0.12033333333333329 0.2155 0.3511666666666666 0.18533333333333335 0.1225 0.18033333333333335 0.12133333333333333 0.09666666666666669 0.22633333333333333 0.19433333333333333 0.6093333333333335 0.47616666666666674 0.31333333333333335 0.6161666666666669 0.2725000000000001 0.284 0.6118333333333336 0.4243333333333334 0.3973333333333333 0.2255000000000001 0.21333333333333346 0.20183333333333334 0.21133333333333332 0.4804999999999999 0.38366666666666677 0.34816666666666657 0.3356666666666666 0.3478333333333333 0.12383333333333335 0.2918333333333334 0.6136666666666669 0.6258333333333335 0.45099999999999985 0.5153333333333333 0.5933333333333334 0.3786666666666666 
0.0 0.0 0.9993333333333334 0.9993333333333334 0.7418333333333336 0.839 0.9930000000000001 0.5491666666666667 0.5258333333333334 0.5273333333333333 0.0 0.0 0.0 0.8776666666666667 0.4909999999999999 0.9990000000000001 0.0 0.0 0.682 0.6270000000000001 1.0 0.9905000000000002 0.9990000000000001 0.9990000000000001 0.9991666666666668 0.9993333333333334 0.9991666666666668 0.9991666666666668 0.012666666666666666 0.0 0.9990000000000001 0.9990000000000001 0.0 0.16033333333333333 0.9958333333333335 0.9408333333333335 0.0305 0.16150000000000003 0.6575 0.7896666666666665 0.39066666666666655 0.32116666666666677 0.5331666666666668 0.23666666666666672 0.25916666666666666 0.4481666666666666 0.08583333333333337 0.0971666666666667 0.0016666666666666668 0.0 0.018 0.18800000000000006 0.0 0.0 0.012833333333333332 0.0 0.0 0.0 0.0 0.0 0.0013333333333333333 0.0011666666666666668 0.0 0.0 0.9816666666666667 0.5056666666666666 0.4343333333333333 0.9881666666666669 0.018166666666666668 0.0026666666666666666 0.9061666666666669 0.5171666666666668 0.05649999999999999 0.0 0.0325 0.0 0.0 0.1911666666666667 0.08933333333333335 0.0 0.0 0.0 0.3271666666666666 0.0015 0.9860000000000002 0.9983333333333333 0.7846666666666664 0.815166666666667 0.9558333333333334 0.6776666666666666 
0.004166666666666667 0.0045000000000000005 0.9905000000000002 0.9905000000000002 0.7446666666666668 0.8303333333333335 0.9838333333333334 0.5405 0.5171666666666667 0.5313333333333333 0.004166666666666667 0.004166666666666667 0.004333333333333333 0.8684999999999999 0.48283333333333317 0.9908333333333335 0.008333333333333333 0.006333333333333334 0.6763333333333332 0.6185 0.9905000000000002 1.0 0.9905000000000002 0.9901666666666668 0.9903333333333335 0.9908333333333335 0.9903333333333335 0.9903333333333335 0.021 0.0085 0.9898333333333335 0.9905000000000002 0.008 0.16899999999999996 0.9873333333333335 0.9316666666666669 0.034499999999999996 0.1701666666666667 0.6504999999999999 0.7814999999999999 0.39449999999999996 0.32716666666666666 0.5355000000000001 0.22833333333333333 0.2633333333333333 0.45300000000000007 0.09416666666666666 0.10433333333333335 0.006 0.0045 0.02250000000000001 0.19250000000000003 0.004333333333333333 0.004166666666666667 0.017666666666666667 0.004666666666666667 0.007000000000000001 0.004166666666666667 0.004166666666666667 0.0045 0.005666666666666666 0.005333333333333333 0.004333333333333333 0.004333333333333333 0.9725000000000003 0.49699999999999994 0.43883333333333324 0.9796666666666668 0.021500000000000005 0.009000000000000001 0.8978333333333336 0.5213333333333334 0.06499999999999999 0.006333333333333333 0.03666666666666667 0.004333333333333333 0.008 0.19949999999999998 0.09783333333333333 0.008333333333333333 0.008333333333333333 0.008333333333333333 0.31933333333333336 0.009833333333333335 0.9771666666666668 0.9891666666666667 0.7761666666666664 0.8063333333333337 0.9470000000000003 0.6688333333333332 
0.0 0.0 0.9993333333333334 0.9990000000000001 0.7415 0.8390000000000001 0.9926666666666668 0.5493333333333333 0.526 0.5276666666666666 0.0 0.0 0.0 0.8773333333333332 0.49133333333333323 0.9993333333333334 0.0 0.0 0.6821666666666667 0.6270000000000002 0.9990000000000001 0.9905000000000002 1.0 0.9993333333333334 0.9991666666666668 0.9993333333333334 0.9995 0.9991666666666668 0.012666666666666666 0.0 0.9990000000000001 0.9993333333333334 0.0 0.16033333333333333 0.9961666666666668 0.9401666666666669 0.03083333333333333 0.16183333333333333 0.6574999999999999 0.7901666666666665 0.39066666666666655 0.3213333333333334 0.5335000000000001 0.23650000000000002 0.2595 0.4483333333333333 0.08600000000000003 0.09733333333333338 0.0016666666666666668 0.0 0.018 0.18800000000000006 0.0 0.0 0.012833333333333332 0.0 0.0 0.0 0.0 0.0 0.0013333333333333333 0.0011666666666666668 0.0 0.0 0.9811666666666667 0.5058333333333332 0.43399999999999994 0.9885000000000003 0.018333333333333333 0.0026666666666666666 0.9058333333333336 0.5168333333333335 0.05649999999999999 0.0 0.0325 0.0 0.0 0.1911666666666667 0.08933333333333335 0.0 0.0 0.0 0.3268333333333333 0.0015 0.9860000000000002 0.998 0.784833333333333 0.8156666666666672 0.9555000000000002 0.6773333333333333 
0.0 0.0 0.9990000000000001 0.9993333333333334 0.7418333333333333 0.8386666666666666 0.9933333333333334 0.5491666666666667 0.5258333333333334 0.5275 0.0 0.0 0.0 0.8776666666666665 0.4911666666666666 0.9990000000000001 0.0 0.0 0.682 0.6270000000000002 0.9990000000000001 0.9901666666666668 0.9993333333333334 1.0 0.9995 0.9993333333333334 0.9995 0.9995 0.012666666666666666 0.0 0.9990000000000001 0.9990000000000001 0.0 0.16033333333333333 0.9961666666666668 0.9405000000000002 0.03083333333333333 0.16183333333333333 0.6574999999999999 0.7899999999999998 0.3908333333333332 0.32150000000000006 0.5333333333333334 0.2366666666666667 0.2593333333333333 0.4485 0.08600000000000003 0.09766666666666671 0.0016666666666666668 0.0 0.018 0.18800000000000006 0.0 0.0 0.012833333333333332 0.0 0.0 0.0 0.0 0.0 0.0013333333333333333 0.0011666666666666668 0.0 0.0 0.9813333333333334 0.5056666666666666 0.43399999999999994 0.9885000000000003 0.018666666666666668 0.003 0.9058333333333336 0.5171666666666668 0.05649999999999999 0.0 0.0325 0.0 0.0 0.19133333333333336 0.08933333333333335 0.0 0.0 0.0 0.32733333333333325 0.0015 0.9863333333333335 0.998 0.7846666666666664 0.8158333333333339 0.9560000000000004 0.6778333333333333 
0.0 0.0 0.9991666666666668 0.9995 0.7416666666666667 0.8391666666666666 0.9931666666666668 0.5491666666666667 0.5258333333333334 0.5275 0.0 0.0 0.0 0.8774999999999998 0.4911666666666666 0.9988333333333334 0.0 0.0 0.6821666666666667 0.6270000000000002 0.9991666666666668 0.9903333333333335 0.9991666666666668 0.9995 1.0 0.9995 0.9993333333333334 1.0 0.012666666666666666 0.0 0.9988333333333334 0.9991666666666668 0.0 0.16033333333333333 0.9966666666666666 0.9410000000000003 0.0305 0.16183333333333333 0.6579999999999999 0.7904999999999999 0.3904999999999999 0.32150000000000006 0.5333333333333334 0.2366666666666667 0.2593333333333333 0.4483333333333333 0.08600000000000003 0.09750000000000003 0.0016666666666666668 0.0 0.018 0.18800000000000006 0.0 0.0 0.012833333333333332 0.0 0.0 0.0 0.0 0.0 0.0013333333333333333 0.0011666666666666668 0.0 0.0 0.9816666666666667 0.5056666666666666 0.4341666666666666 0.9883333333333334 0.018500000000000003 0.002833333333333333 0.9060000000000004 0.5170000000000001 0.05649999999999999 0.0 0.0325 0.0 0.0 0.19100000000000006 0.08933333333333335 0.0 0.0 0.0 0.3271666666666666 0.0015 0.9861666666666667 0.9981666666666666 0.7849999999999997 0.8156666666666671 0.9558333333333335 0.6776666666666665 
0.0 0.0 0.9993333333333334 0.9996666666666667 0.7421666666666669 0.8390000000000001 0.9930000000000001 0.5493333333333333 0.526 0.5276666666666666 0.0 0.0 0.0 0.8776666666666665 0.49149999999999994 0.9993333333333334 0.0 0.0 0.6821666666666667 0.6273333333333335 0.9993333333333334 0.9908333333333335 0.9993333333333334 0.9993333333333334 0.9995 1.0 0.9991666666666668 0.9995 0.012666666666666666 0.0 0.9986666666666667 0.9993333333333334 0.0 0.16033333333333333 0.9964999999999999 0.9408333333333335 0.0305 0.16183333333333333 0.6575 0.7903333333333332 0.39066666666666655 0.3213333333333334 0.5336666666666668 0.23650000000000002 0.2595 0.44866666666666666 0.08583333333333337 0.09733333333333338 0.0016666666666666668 0.0 0.018 0.18800000000000006 0.0 0.0 0.012833333333333332 0.0 0.0 0.0 0.0 0.0 0.0013333333333333333 0.0011666666666666668 0.0 0.0 0.9816666666666667 0.5058333333333332 0.43449999999999994 0.9888333333333335 0.018333333333333333 0.002833333333333333 0.9065000000000003 0.5175000000000002 0.05649999999999999 0.0 0.0325 0.0 0.0 0.1911666666666667 0.08933333333333335 0.0 0.0 0.0 0.3271666666666666 0.0015 0.9863333333333334 0.998 0.785333333333333 0.8155000000000004 0.9558333333333335 0.6776666666666666 
0.0 0.0 0.9995 0.9995 0.7416666666666667 0.8388333333333332 0.9928333333333335 0.5491666666666667 0.5258333333333334 0.5275 0.0 0.0 0.0 0.8778333333333331 0.4911666666666666 0.9995 0.0 0.0 0.6818333333333334 0.6271666666666669 0.9991666666666668 0.9903333333333335 0.9995 0.9995 0.9993333333333334 0.9991666666666668 1.0 0.9993333333333334 0.012666666666666666 0.0 0.9995 0.9995 0.0 0.16033333333333333 0.9960000000000001 0.9403333333333336 0.03083333333333333 0.16183333333333333 0.6573333333333332 0.7899999999999998 0.39099999999999996 0.32150000000000006 0.5333333333333334 0.2366666666666667 0.2593333333333333 0.4481666666666666 0.08600000000000003 0.09733333333333338 0.0016666666666666668 0.0 0.018 0.18800000000000006 0.0 0.0 0.012833333333333332 0.0 0.0 0.0 0.0 0.0 0.0013333333333333333 0.0011666666666666668 0.0 0.0 0.9813333333333334 0.5056666666666666 0.43383333333333324 0.9883333333333336 0.018333333333333333 0.0026666666666666666 0.9060000000000002 0.5166666666666668 0.05649999999999999 0.0 0.0325 0.0 0.0 0.19150000000000003 0.08933333333333335 0.0 0.0 0.0 0.32699999999999996 0.0015 0.9861666666666669 0.9981666666666666 0.7846666666666664 0.8156666666666672 0.9556666666666671 0.6775 
0.0 0.0 0.9991666666666668 0.9995 0.7416666666666667 0.8391666666666666 0.9931666666666668 0.5491666666666667 0.5258333333333334 0.5275 0.0 0.0 0.0 0.8774999999999998 0.4911666666666666 0.9988333333333334 0.0 0.0 0.6821666666666667 0.6270000000000002 0.9991666666666668 0.9903333333333335 0.9991666666666668 0.9995 1.0 0.9995 0.9993333333333334 1.0 0.012666666666666666 0.0 0.9988333333333334 0.9991666666666668 0.0 0.16033333333333333 0.9966666666666666 0.9410000000000003 0.0305 0.16183333333333333 0.6579999999999999 0.7904999999999999 0.3904999999999999 0.32150000000000006 0.5333333333333334 0.2366666666666667 0.2593333333333333 0.4483333333333333 0.08600000000000003 0.09750000000000003 0.0016666666666666668 0.0 0.018 0.18800000000000006 0.0 0.0 0.012833333333333332 0.0 0.0 0.0 0.0 0.0 0.0013333333333333333 0.0011666666666666668 0.0 0.0 0.9816666666666667 0.5056666666666666 0.4341666666666666 0.9883333333333334 0.018500000000000003 0.002833333333333333 0.9060000000000004 0.5170000000000001 0.05649999999999999 0.0 0.0325 0.0 0.0 0.19100000000000006 0.08933333333333335 0.0 0.0 0.0 0.3271666666666666 0.0015 0.9861666666666667 0.9981666666666666 0.7849999999999997 0.8156666666666671 0.9558333333333335 0.6776666666666665 
