1.0 0.9841666666666672 0.13499999999999998 0.0 0.0045 0.00016666666666666666 0.025166666666666667 0.0 0.0003333333333333333 0.0023333333333333335 0.0026666666666666666 0.30766666666666664 0.0003333333333333333 0.0 0.0031666666666666666 0.0 0.08166666666666664 0.6773333333333333 0.7731666666666667 0.7720000000000001 0.14633333333333334 0.48166666666666663 0.0005 0.0 0.0015 0.020833333333333336 0.009500000000000001 0.08883333333333335 0.0925 0.08616666666666667 0.41100000000000014 0.37816666666666665 0.9531666666666669 0.8878333333333331 0.4954999999999999 0.6471666666666667 0.9436666666666667 0.9400000000000004 0.9383333333333336 0.9468333333333334 0.6283333333333332 0.6888333333333334 0.9860000000000003 0.9743333333333338 0.8568333333333333 0.7071666666666668 0.9850000000000004 0.9861666666666672 0.8794999999999996 0.43916666666666665 0.7713333333333334 0.1005 0.9713333333333338 0.7313333333333335 0.7781666666666668 0.8025 0.9876666666666671 0.9178333333333331 0.7706666666666665 0.4653333333333333 0.2716666666666667 0.2389999999999999 0.5745 0.3288333333333334 0.2021666666666667 0.05766666666666667 0.8236666666666669 0.7576666666666665 0.9893333333333336 0.9646666666666668 0.07866666666666665 0.5555 0.4268333333333333 0.029500000000000002 0.14116666666666666 0.012000000000000002 0.055166666666666676 0.34299999999999997 0.07666666666666665 0.5271666666666668 0.2078333333333333 0.6065 0.188 0.6270000000000001 0.07533333333333331 0.06249999999999999 0.27983333333333343 0.3076666666666667 0.0006666666666666666 0.04116666666666667 
0.9841666666666672 1.0 0.13366666666666663 0.0 0.004166666666666667 0.00016666666666666666 0.02483333333333334 0.0 0.00016666666666666666 0.0023333333333333335 0.0026666666666666666 0.30866666666666664 0.0 0.0 0.004166666666666667 0.0 0.09033333333333332 0.6833333333333332 0.7678333333333334 0.767 0.15450000000000003 0.4798333333333334 0.00016666666666666666 0.0 0.0018333333333333335 0.021666666666666664 0.0085 0.08933333333333333 0.10116666666666668 0.09483333333333333 0.4075000000000001 0.3751666666666666 0.9473333333333336 0.8813333333333334 0.4916666666666666 0.6428333333333335 0.9368333333333336 0.9335000000000003 0.9315000000000002 0.9436666666666669 0.6294999999999998 0.6846666666666669 0.9825000000000004 0.9731666666666671 0.8539999999999999 0.7051666666666669 0.9841666666666669 0.9826666666666671 0.8771666666666664 0.4378333333333334 0.77 0.10483333333333335 0.969166666666667 0.7396666666666667 0.775 0.8003333333333333 0.985166666666667 0.9235000000000002 0.7639999999999999 0.4658333333333334 0.2710000000000001 0.2389999999999999 0.5801666666666666 0.3345 0.20183333333333334 0.05766666666666667 0.8170000000000001 0.7521666666666665 0.9845000000000003 0.9588333333333334 0.08483333333333334 0.5508333333333334 0.4241666666666666 0.030833333333333334 0.143 0.012000000000000002 0.05616666666666666 0.33866666666666667 0.0855 0.5358333333333334 0.2165 0.6144999999999999 0.19716666666666668 0.6333333333333332 0.08400000000000002 0.06983333333333332 0.28750000000000003 0.31366666666666665 0.001 0.04116666666666667 
0.13499999999999998 0.13366666666666663 1.0 0.8296666666666668 0.8408333333333334 0.8283333333333336 0.8803333333333332 0.8275000000000002 0.8260000000000001 0.8228333333333334 0.8223333333333336 0.3885000000000002 0.8275000000000002 0.8180000000000003 0.7348333333333333 0.8273333333333335 0.28550000000000003 0.07683333333333335 0.35133333333333333 0.3509999999999999 0.29999999999999993 0.44550000000000006 0.8310000000000002 0.8300000000000002 0.7618333333333334 0.6739999999999999 0.8361666666666667 0.5059999999999999 0.2781666666666667 0.276 0.5888333333333332 0.5331666666666668 0.16249999999999998 0.21300000000000008 0.614 0.4643333333333333 0.16266666666666663 0.16566666666666663 0.16499999999999995 0.1668333333333333 0.09316666666666666 0.19699999999999998 0.1335 0.13266666666666663 0.14283333333333337 0.08649999999999998 0.13316666666666666 0.1343333333333333 0.14116666666666666 0.3325000000000001 0.04849999999999999 0.5079999999999998 0.13316666666666666 0.17883333333333337 0.33599999999999985 0.311 0.13299999999999998 0.12833333333333333 0.3411666666666666 0.3483333333333334 0.5711666666666667 0.5785 0.126 0.20849999999999994 0.6070000000000001 0.7503333333333334 0.28216666666666673 0.3606666666666667 0.1358333333333333 0.138 0.34199999999999986 0.4866666666666666 0.4831666666666667 0.6716666666666667 0.6759999999999999 0.796666666666667 0.5331666666666666 0.6070000000000001 0.2834999999999999 0.014499999999999999 0.204 0.05633333333333335 0.23200000000000004 0.04766666666666666 0.28400000000000003 0.4215000000000002 0.2920000000000001 0.33033333333333326 0.7656666666666667 0.7844999999999999 
0.0 0.0 0.8296666666666668 1.0 0.9813333333333337 0.9780000000000001 0.9303333333333335 0.9820000000000003 0.9796666666666668 0.9745000000000004 0.9743333333333336 0.536 0.9761666666666671 0.963166666666667 0.8368333333333333 0.9800000000000001 0.3546666666666667 0.005666666666666666 0.18816666666666668 0.18783333333333335 0.34850000000000014 0.3261666666666666 0.9903333333333336 0.9878333333333339 0.9106666666666667 0.8061666666666664 0.9525000000000005 0.5611666666666665 0.3481666666666667 0.3443333333333334 0.4378333333333333 0.41150000000000003 0.0 0.04766666666666666 0.46616666666666673 0.32133333333333325 0.00016666666666666666 0.0025 0.0008333333333333333 0.01 0.19966666666666666 0.17800000000000007 0.0 0.0 0.027500000000000004 0.10083333333333332 0.0 0.0 0.018166666666666668 0.36316666666666664 0.058499999999999996 0.5653333333333334 0.0 0.08866666666666673 0.17816666666666658 0.16366666666666668 0.0 0.0 0.21466666666666662 0.49599999999999994 0.7025 0.7311666666666667 0.08783333333333333 0.32833333333333337 0.7615 0.9048333333333332 0.1165 0.215 0.0 0.0 0.4310000000000001 0.3218333333333333 0.33783333333333326 0.8258333333333335 0.6465000000000002 0.9493333333333335 0.6198333333333333 0.44149999999999984 0.3506666666666667 0.0856666666666667 0.26733333333333337 0.01916666666666667 0.2851666666666666 0.012833333333333334 0.3366666666666667 0.4829999999999999 0.28850000000000003 0.28583333333333344 0.8853333333333333 0.9346666666666664 
0.0045 0.004166666666666667 0.8408333333333334 0.9813333333333337 1.0 0.9708333333333337 0.9383333333333336 0.9701666666666671 0.9668333333333337 0.9626666666666669 0.9605000000000001 0.524 0.9658333333333335 0.9536666666666669 0.8436666666666668 0.9703333333333336 0.3498333333333333 0.009500000000000001 0.19849999999999998 0.19799999999999998 0.34700000000000003 0.33049999999999985 0.979666666666667 0.9776666666666672 0.9019999999999999 0.7983333333333329 0.9606666666666672 0.5593333333333332 0.3428333333333334 0.3385000000000001 0.45033333333333336 0.4213333333333334 0.010333333333333335 0.05800000000000001 0.47583333333333333 0.33000000000000007 0.0105 0.012666666666666668 0.011166666666666668 0.020000000000000004 0.19400000000000003 0.1866666666666667 0.003833333333333333 0.0036666666666666666 0.028833333333333336 0.10099999999999999 0.003833333333333333 0.0045 0.021333333333333333 0.36266666666666664 0.05883333333333332 0.5628333333333334 0.003833333333333333 0.09166666666666672 0.18899999999999997 0.1721666666666667 0.004333333333333333 0.0036666666666666666 0.21683333333333324 0.48516666666666663 0.6925000000000001 0.7183333333333336 0.09049999999999998 0.3165 0.7489999999999999 0.8911666666666668 0.12683333333333335 0.2253333333333333 0.004833333333333333 0.003833333333333333 0.4248333333333335 0.3311666666666666 0.3455 0.8135000000000001 0.640166666666667 0.9375000000000003 0.6135000000000002 0.45466666666666655 0.34599999999999986 0.07716666666666669 0.261 0.0215 0.2823333333333333 0.01716666666666667 0.3335 0.479 0.29150000000000015 0.2921666666666667 0.8776666666666668 0.9213333333333336 
0.00016666666666666666 0.00016666666666666666 0.8283333333333336 0.9780000000000001 0.9708333333333337 1.0 0.9198333333333334 0.9730000000000001 0.9686666666666669 0.9658333333333331 0.9650000000000003 0.5269999999999999 0.9698333333333334 0.9585000000000001 0.8348333333333336 0.9723333333333335 0.3608333333333333 0.009500000000000001 0.18833333333333332 0.188 0.36516666666666664 0.3326666666666666 0.9800000000000001 0.9861666666666669 0.9153333333333334 0.8143333333333332 0.9593333333333339 0.577 0.3543333333333333 0.3513333333333333 0.43966666666666676 0.4191666666666667 0.0003333333333333333 0.04783333333333333 0.46483333333333343 0.3203333333333333 0.0005 0.002833333333333333 0.0011666666666666668 0.010166666666666668 0.19049999999999995 0.18400000000000002 0.0 0.0 0.030833333333333345 0.11283333333333335 0.00016666666666666666 0.0 0.020166666666666666 0.37733333333333335 0.06933333333333334 0.5808333333333334 0.0 0.08966666666666673 0.17883333333333326 0.16383333333333333 0.00016666666666666666 0.0003333333333333333 0.21349999999999994 0.4843333333333333 0.6899999999999997 0.7210000000000001 0.09166666666666666 0.32133333333333325 0.7494999999999998 0.8951666666666667 0.11666666666666665 0.21500000000000002 0.0 0.00016666666666666666 0.43400000000000005 0.32249999999999995 0.3388333333333334 0.8158333333333334 0.648 0.9391666666666668 0.617 0.44433333333333325 0.35716666666666663 0.08416666666666667 0.27649999999999986 0.02316666666666667 0.2991666666666667 0.02183333333333334 0.3498333333333333 0.4951666666666666 0.2988333333333333 0.2938333333333334 0.8808333333333331 0.9284999999999997 
0.025166666666666667 0.02483333333333334 0.8803333333333332 0.9303333333333335 0.9383333333333336 0.9198333333333334 1.0 0.9358333333333334 0.9343333333333333 0.9289999999999998 0.9309999999999999 0.49183333333333346 0.9338333333333334 0.9200000000000003 0.8114999999999999 0.9351666666666667 0.34599999999999986 0.0345 0.24050000000000002 0.24083333333333334 0.34483333333333344 0.3416666666666666 0.9308333333333333 0.9251666666666668 0.8531666666666666 0.7686666666666665 0.9181666666666666 0.5536666666666666 0.33949999999999997 0.3331666666666666 0.4805 0.4388333333333334 0.05216666666666666 0.102 0.5021666666666667 0.3545000000000001 0.05216666666666666 0.05500000000000001 0.054833333333333345 0.055 0.17766666666666667 0.18966666666666668 0.023666666666666673 0.0235 0.04000000000000001 0.09599999999999996 0.024333333333333335 0.024666666666666663 0.033 0.3561666666666667 0.05266666666666666 0.5539999999999999 0.02316666666666667 0.10833333333333334 0.22416666666666668 0.20050000000000007 0.024333333333333332 0.023000000000000007 0.2311666666666666 0.45399999999999996 0.6728333333333332 0.6871666666666667 0.12083333333333332 0.28366666666666673 0.7151666666666665 0.8596666666666667 0.17116666666666663 0.2498333333333333 0.025666666666666664 0.0285 0.42499999999999993 0.3761666666666666 0.3770000000000001 0.7819999999999999 0.6374999999999998 0.9073333333333334 0.6138333333333335 0.49633333333333324 0.341 0.07266666666666668 0.2588333333333333 0.050666666666666665 0.2833333333333333 0.031833333333333325 0.3296666666666668 0.4760000000000001 0.2986666666666668 0.30733333333333335 0.8426666666666663 0.8893333333333331 
0.0 0.0 0.8275000000000002 0.9820000000000003 0.9701666666666671 0.9730000000000001 0.9358333333333334 1.0 0.9896666666666668 0.9885000000000003 0.9866666666666668 0.5499999999999999 0.989166666666667 0.978166666666667 0.85 0.9906666666666669 0.3686666666666667 0.012999999999999998 0.188 0.1876666666666667 0.3551666666666666 0.32633333333333325 0.9796666666666671 0.9755000000000004 0.8986666666666671 0.8056666666666666 0.9398333333333333 0.5666666666666665 0.36216666666666664 0.35783333333333334 0.4364999999999999 0.4075000000000001 0.0 0.0475 0.4643333333333334 0.31999999999999995 0.00016666666666666666 0.0025 0.0008333333333333333 0.01 0.19116666666666668 0.16950000000000007 0.0 0.0 0.027000000000000003 0.09633333333333331 0.0 0.0 0.018666666666666668 0.3606666666666667 0.05283333333333332 0.5661666666666667 0.0 0.08966666666666673 0.17799999999999994 0.16366666666666668 0.0 0.00016666666666666666 0.21433333333333326 0.5058333333333334 0.713 0.7448333333333333 0.10066666666666664 0.3425 0.7683333333333331 0.9171666666666664 0.11633333333333333 0.21483333333333335 0.0 0.0 0.4428333333333334 0.32249999999999995 0.3366666666666667 0.8391666666666668 0.645 0.962166666666667 0.6306666666666664 0.4401666666666666 0.3643333333333333 0.09933333333333336 0.28083333333333343 0.031166666666666672 0.2968333333333333 0.01516666666666667 0.34733333333333327 0.4936666666666666 0.29250000000000004 0.28850000000000003 0.8996666666666667 0.9478333333333332 
0.0003333333333333333 0.00016666666666666666 0.8260000000000001 0.9796666666666668 0.9668333333333337 0.9686666666666669 0.9343333333333333 0.9896666666666668 1.0 0.9878333333333338 0.9886666666666669 0.5495000000000001 0.9901666666666671 0.9795000000000005 0.8495000000000001 0.9890000000000003 0.37066666666666664 0.014666666666666663 0.18866666666666668 0.18833333333333335 0.3568333333333333 0.3265 0.9790000000000003 0.9725000000000005 0.8973333333333335 0.8043333333333332 0.9375000000000001 0.567 0.36433333333333323 0.3615 0.4369999999999999 0.4073333333333335 0.0005 0.04816666666666666 0.46516666666666673 0.32099999999999995 0.0005 0.003 0.0013333333333333333 0.010333333333333335 0.1913333333333333 0.16966666666666672 0.00016666666666666666 0.0 0.027333333333333334 0.09716666666666661 0.0 0.0003333333333333333 0.018500000000000003 0.3613333333333333 0.05366666666666666 0.5676666666666667 0.0 0.08983333333333338 0.17916666666666659 0.1635 0.0003333333333333333 0.0006666666666666666 0.21599999999999994 0.5039999999999999 0.7128333333333332 0.7448333333333333 0.10183333333333332 0.34333333333333343 0.7674999999999998 0.915833333333333 0.11699999999999999 0.2155 0.0003333333333333333 0.0 0.4448333333333334 0.3226666666666666 0.33699999999999997 0.8358333333333339 0.6455000000000001 0.9608333333333339 0.6323333333333333 0.4403333333333332 0.36633333333333323 0.102 0.28350000000000003 0.03283333333333334 0.29916666666666664 0.01716666666666667 0.3493333333333334 0.4959999999999999 0.29450000000000015 0.2898333333333333 0.9003333333333337 0.9475 
0.0023333333333333335 0.0023333333333333335 0.8228333333333334 0.9745000000000004 0.9626666666666669 0.9658333333333331 0.9289999999999998 0.9885000000000003 0.9878333333333338 1.0 0.9848333333333338 0.5551666666666666 0.9890000000000002 0.9803333333333337 0.8498333333333334 0.987166666666667 0.37250000000000005 0.019 0.19066666666666665 0.19033333333333338 0.359 0.3243333333333333 0.9738333333333337 0.9686666666666671 0.893666666666667 0.8014999999999999 0.9341666666666666 0.5674999999999999 0.3660000000000001 0.3619999999999999 0.43450000000000005 0.40583333333333343 0.0025 0.05016666666666666 0.4663333333333334 0.32216666666666677 0.0026666666666666666 0.004999999999999999 0.0024999999999999996 0.012333333333333333 0.19100000000000006 0.1655 0.0023333333333333335 0.0023333333333333335 0.029666666666666668 0.10049999999999995 0.0023333333333333335 0.0023333333333333335 0.02083333333333334 0.36599999999999994 0.057 0.5679999999999998 0.0023333333333333335 0.08816666666666671 0.1761666666666666 0.16166666666666668 0.0023333333333333335 0.0026666666666666666 0.21666666666666656 0.5055 0.7113333333333334 0.7491666666666668 0.1063333333333333 0.34950000000000003 0.7661666666666664 0.9158333333333332 0.11899999999999998 0.21749999999999997 0.0023333333333333335 0.0023333333333333335 0.4455000000000001 0.32033333333333325 0.3383333333333334 0.8336666666666669 0.6431666666666667 0.9580000000000003 0.6341666666666668 0.43783333333333324 0.36816666666666664 0.10766666666666667 0.2843333333333333 0.036833333333333336 0.3005 0.021333333333333333 0.35116666666666674 0.4978333333333334 0.2950000000000001 0.2903333333333334 0.8991666666666667 0.9523333333333333 
0.0026666666666666666 0.0026666666666666666 0.8223333333333336 0.9743333333333336 0.9605000000000001 0.9650000000000003 0.9309999999999999 0.9866666666666668 0.9886666666666669 0.9848333333333338 1.0 0.5541666666666667 0.9895000000000003 0.9768333333333338 0.8450000000000002 0.9863333333333337 0.36866666666666675 0.01783333333333334 0.19033333333333333 0.19000000000000003 0.3548333333333333 0.32199999999999995 0.9753333333333336 0.9685000000000005 0.8935000000000002 0.8013333333333332 0.9318333333333334 0.5648333333333333 0.3623333333333334 0.35949999999999993 0.4321666666666666 0.40366666666666673 0.0026666666666666666 0.049833333333333334 0.4675000000000001 0.3231666666666667 0.0026666666666666666 0.004666666666666666 0.0034999999999999996 0.012000000000000002 0.1936666666666667 0.16950000000000007 0.0026666666666666666 0.0026666666666666666 0.030833333333333345 0.09983333333333329 0.0026666666666666666 0.0026666666666666666 0.0215 0.364 0.057333333333333326 0.565 0.0026666666666666666 0.09200000000000004 0.17566666666666664 0.16083333333333333 0.0026666666666666666 0.0031666666666666666 0.2175 0.5061666666666665 0.715 0.7501666666666666 0.10583333333333332 0.3474999999999999 0.7695000000000001 0.9148333333333332 0.1188333333333333 0.21716666666666665 0.0026666666666666666 0.0026666666666666666 0.44500000000000006 0.31999999999999995 0.3393333333333333 0.8335000000000002 0.6450000000000001 0.9598333333333336 0.6316666666666665 0.43683333333333324 0.3643333333333333 0.10733333333333332 0.2823333333333333 0.03633333333333334 0.29833333333333334 0.02 0.34733333333333327 0.4943333333333333 0.29166666666666663 0.28700000000000003 0.8966666666666667 0.9461666666666669 
0.30766666666666664 0.30866666666666664 0.3885000000000002 0.536 0.524 0.5269999999999999 0.49183333333333346 0.5499999999999999 0.5495000000000001 0.5551666666666666 0.5541666666666667 1.0 0.5516666666666666 0.5575 0.5328333333333333 0.5478333333333333 0.22866666666666674 0.42633333333333334 0.4960000000000001 0.49533333333333346 0.19133333333333336 0.07600000000000003 0.5346666666666668 0.5295000000000002 0.4535 0.36166666666666664 0.4955 0.20249999999999993 0.23933333333333334 0.24350000000000008 0.07483333333333332 0.03600000000000001 0.30899999999999994 0.3558333333333332 0.5723333333333334 0.5216666666666666 0.30816666666666664 0.3046666666666667 0.30416666666666664 0.2896666666666667 0.43900000000000006 0.33833333333333343 0.3088333333333333 0.30816666666666664 0.2743333333333333 0.31233333333333346 0.30833333333333335 0.30766666666666664 0.2781666666666667 0.30433333333333334 0.3580000000000001 0.18316666666666667 0.30916666666666665 0.23783333333333323 0.13166666666666665 0.14350000000000004 0.30833333333333335 0.31200000000000006 0.5128333333333334 0.8143333333333335 0.7998333333333334 0.7950000000000004 0.4813333333333334 0.7780000000000001 0.7521666666666665 0.6088333333333331 0.4238333333333334 0.5213333333333332 0.3076666666666667 0.30833333333333335 0.2533333333333333 0.013333333333333334 0.27533333333333326 0.3961666666666667 0.22366666666666668 0.5671666666666666 0.33666666666666656 0.19533333333333341 0.22583333333333327 0.5208333333333334 0.2996666666666667 0.44966666666666666 0.27299999999999996 0.4118333333333334 0.2085 0.26283333333333336 0.19150000000000003 0.16250000000000003 0.5238333333333334 0.5911666666666667 
0.0003333333333333333 0.0 0.8275000000000002 0.9761666666666671 0.9658333333333335 0.9698333333333334 0.9338333333333334 0.989166666666667 0.9901666666666671 0.9890000000000002 0.9895000000000003 0.5516666666666666 1.0 0.9830000000000004 0.8518333333333336 0.9898333333333337 0.37450000000000006 0.01633333333333334 0.18866666666666665 0.18833333333333335 0.3609999999999999 0.3264999999999999 0.9775000000000005 0.9716666666666672 0.8963333333333335 0.8044999999999999 0.937 0.5708333333333332 0.368 0.36466666666666664 0.4380000000000001 0.4076666666666668 0.0005 0.04816666666666666 0.4641666666666668 0.3193333333333333 0.0006666666666666666 0.003 0.0013333333333333333 0.010166666666666668 0.18883333333333335 0.16783333333333336 0.0 0.0 0.027500000000000004 0.09849999999999996 0.0 0.00016666666666666666 0.018666666666666668 0.36433333333333323 0.05499999999999999 0.5709999999999998 0.0 0.08983333333333339 0.1789999999999999 0.16366666666666668 0.0003333333333333333 0.0003333333333333333 0.21449999999999997 0.5025 0.7093333333333333 0.7465 0.1045 0.3461666666666666 0.7666666666666667 0.9156666666666666 0.11699999999999999 0.21516666666666664 0.00016666666666666666 0.0 0.45000000000000007 0.3233333333333333 0.3353333333333333 0.8356666666666668 0.6470000000000001 0.9603333333333335 0.6376666666666667 0.4424999999999998 0.37016666666666664 0.10566666666666664 0.28600000000000003 0.035 0.3023333333333333 0.01883333333333334 0.35316666666666663 0.4994999999999999 0.29733333333333334 0.293 0.9031666666666668 0.9479999999999998 
0.0 0.0 0.8180000000000003 0.963166666666667 0.9536666666666669 0.9585000000000001 0.9200000000000003 0.978166666666667 0.9795000000000005 0.9803333333333337 0.9768333333333338 0.5575 0.9830000000000004 1.0 0.8588333333333337 0.9798333333333338 0.389 0.027000000000000007 0.18816666666666668 0.18783333333333335 0.37516666666666665 0.3283333333333333 0.963166666666667 0.9593333333333335 0.8856666666666668 0.7939999999999999 0.9276666666666668 0.5723333333333334 0.38166666666666665 0.37866666666666665 0.43749999999999994 0.40833333333333344 0.00016666666666666666 0.04766666666666666 0.4576666666666666 0.3153333333333333 0.0003333333333333333 0.0026666666666666666 0.001 0.01 0.18583333333333335 0.16316666666666665 0.0 0.0 0.02733333333333333 0.09733333333333329 0.0 0.0 0.019000000000000003 0.3626666666666666 0.053166666666666654 0.5738333333333333 0.0 0.09516666666666669 0.17866666666666656 0.16366666666666668 0.0 0.0016666666666666666 0.21349999999999997 0.4961666666666666 0.6965 0.7344999999999997 0.11599999999999999 0.35833333333333334 0.7516666666666666 0.9036666666666666 0.1165 0.215 0.0 0.0 0.45733333333333337 0.32166666666666655 0.32899999999999996 0.8243333333333335 0.637 0.9476666666666667 0.6409999999999999 0.4433333333333332 0.3846666666666666 0.1173333333333333 0.2983333333333334 0.04699999999999999 0.3148333333333333 0.028833333333333336 0.36766666666666664 0.5116666666666666 0.31066666666666665 0.3068333333333333 0.9048333333333335 0.9386666666666663 
0.0031666666666666666 0.004166666666666667 0.7348333333333333 0.8368333333333333 0.8436666666666668 0.8348333333333336 0.8114999999999999 0.85 0.8495000000000001 0.8498333333333334 0.8450000000000002 0.5328333333333333 0.8518333333333336 0.8588333333333337 1.0 0.8481666666666671 0.49066666666666664 0.13949999999999999 0.1985 0.19800000000000004 0.4875 0.36316666666666664 0.8361666666666668 0.8328333333333332 0.7583333333333334 0.6683333333333334 0.8218333333333332 0.6205000000000002 0.48449999999999993 0.4853333333333334 0.4360000000000001 0.40233333333333327 0.010333333333333335 0.05799999999999999 0.38383333333333347 0.29250000000000004 0.0105 0.012666666666666666 0.011166666666666667 0.02033333333333333 0.13050000000000003 0.147 0.0031666666666666666 0.003 0.02900000000000001 0.0875 0.003333333333333333 0.0036666666666666666 0.021833333333333337 0.30516666666666675 0.046499999999999986 0.5761666666666667 0.003333333333333333 0.15033333333333332 0.18916666666666668 0.17249999999999996 0.0036666666666666666 0.02666666666666667 0.21583333333333332 0.4351666666666667 0.5691666666666666 0.6036666666666666 0.228 0.4488333333333333 0.6221666666666664 0.7721666666666668 0.12683333333333333 0.22533333333333336 0.004 0.003333333333333333 0.5201666666666667 0.32966666666666666 0.2559999999999999 0.6941666666666667 0.532 0.8178333333333331 0.6301666666666665 0.4658333333333332 0.49099999999999994 0.218 0.4038333333333333 0.16433333333333333 0.4243333333333333 0.11999999999999997 0.4800000000000001 0.5859999999999999 0.4310000000000001 0.42816666666666664 0.9089999999999998 0.8079999999999999 
0.0 0.0 0.8273333333333335 0.9800000000000001 0.9703333333333336 0.9723333333333335 0.9351666666666667 0.9906666666666669 0.9890000000000003 0.987166666666667 0.9863333333333337 0.5478333333333333 0.9898333333333337 0.9798333333333338 0.8481666666666671 1.0 0.3713333333333334 0.012333333333333333 0.18833333333333332 0.188 0.35783333333333334 0.32733333333333325 0.9806666666666669 0.9765000000000004 0.8998333333333334 0.8053333333333331 0.9415 0.568 0.36433333333333323 0.3606666666666667 0.4378333333333333 0.4085000000000001 0.00016666666666666666 0.04783333333333333 0.46366666666666667 0.31933333333333336 0.0003333333333333333 0.0026666666666666666 0.001 0.01 0.19400000000000003 0.17000000000000004 0.0 0.0 0.026999999999999996 0.09766666666666661 0.0 0.0 0.018833333333333334 0.3623333333333333 0.054166666666666655 0.5686666666666667 0.0 0.08966666666666673 0.17883333333333326 0.16366666666666668 0.0 0.00016666666666666666 0.21399999999999994 0.5044999999999998 0.7094999999999999 0.7423333333333333 0.09966666666666665 0.34199999999999997 0.7664999999999997 0.9151666666666668 0.11666666666666665 0.21516666666666664 0.0 0.0 0.4441666666666667 0.3219999999999999 0.3356666666666666 0.8358333333333335 0.6475000000000002 0.9608333333333335 0.6343333333333332 0.44316666666666654 0.3670000000000001 0.10049999999999999 0.2820000000000001 0.03016666666666667 0.29816666666666664 0.014833333333333336 0.3499999999999999 0.49599999999999994 0.2931666666666667 0.28916666666666674 0.8990000000000002 0.9451666666666665 
0.08166666666666664 0.09033333333333332 0.28550000000000003 0.3546666666666667 0.3498333333333333 0.3608333333333333 0.34599999999999986 0.3686666666666667 0.37066666666666664 0.37250000000000005 0.36866666666666675 0.22866666666666674 0.37450000000000006 0.389 0.49066666666666664 0.3713333333333334 1.0 0.3906666666666668 0.007833333333333335 0.008500000000000002 0.8850000000000001 0.5318333333333333 0.357 0.3543333333333332 0.428 0.5213333333333334 0.35916666666666663 0.6873333333333334 0.9650000000000002 0.9500000000000002 0.41683333333333344 0.4754999999999999 0.05299999999999999 0.026000000000000002 0.02500000000000001 0.016166666666666673 0.043166666666666666 0.04416666666666667 0.042333333333333334 0.08249999999999998 0.31283333333333335 0.15166666666666667 0.09033333333333332 0.1025 0.18783333333333332 0.3106666666666667 0.09016666666666664 0.08849999999999998 0.17233333333333337 0.3975 0.25649999999999995 0.7191666666666666 0.10616666666666666 0.33366666666666667 0.26599999999999985 0.25366666666666665 0.09016666666666666 0.15949999999999995 0.014499999999999999 0.10700000000000003 0.09316666666666668 0.12499999999999999 0.4271666666666664 0.42199999999999993 0.1425 0.29416666666666663 0.014166666666666668 0.006500000000000001 0.08399999999999999 0.06149999999999999 0.8815 0.37200000000000005 0.2905 0.5111666666666668 0.5455000000000002 0.3378333333333333 0.7009999999999998 0.4664999999999999 0.9763333333333337 0.5209999999999999 0.8568333333333337 0.45483333333333326 0.8693333333333332 0.4178333333333332 0.9476666666666668 0.8226666666666665 0.7586666666666667 0.7239999999999999 0.4556666666666667 0.3338333333333333 
0.6773333333333333 0.6833333333333332 0.07683333333333335 0.005666666666666666 0.009500000000000001 0.009500000000000001 0.0345 0.012999999999999998 0.014666666666666663 0.019 0.01783333333333334 0.42633333333333334 0.01633333333333334 0.027000000000000007 0.13949999999999999 0.012333333333333333 0.3906666666666668 1.0 0.4593333333333332 0.4586666666666666 0.4561666666666667 0.3518333333333334 0.006000000000000001 0.006 0.0075 0.03266666666666666 0.014333333333333335 0.19799999999999998 0.401 0.39900000000000013 0.12999999999999998 0.11383333333333337 0.6380000000000001 0.5726666666666668 0.3338333333333333 0.3778333333333334 0.628 0.6243333333333335 0.6235 0.6349999999999999 0.4425 0.4408333333333334 0.6760000000000003 0.6666666666666665 0.5470000000000002 0.4543333333333333 0.6771666666666666 0.6761666666666666 0.5691666666666668 0.32 0.5168333333333333 0.21249999999999997 0.6621666666666667 0.6900000000000002 0.4696666666666666 0.49216666666666653 0.6813333333333333 0.7481666666666665 0.4551666666666667 0.3886666666666666 0.2826666666666668 0.25516666666666665 0.8444999999999999 0.6243333333333333 0.213 0.07200000000000001 0.5085000000000001 0.444 0.677 0.6521666666666666 0.3213333333333334 0.24433333333333324 0.2933333333333333 0.04416666666666667 0.10100000000000005 0.02483333333333334 0.17566666666666667 0.38183333333333347 0.38833333333333336 0.8351666666666668 0.5196666666666666 0.9196666666666664 0.49966666666666676 0.8029999999999999 0.38900000000000007 0.2986666666666666 0.5935000000000001 0.6143333333333334 0.102 0.058166666666666665 
0.7731666666666667 0.7678333333333334 0.35133333333333333 0.18816666666666668 0.19849999999999998 0.18833333333333332 0.24050000000000002 0.188 0.18866666666666668 0.19066666666666665 0.19033333333333333 0.4960000000000001 0.18866666666666665 0.18816666666666668 0.1985 0.18833333333333332 0.007833333333333335 0.4593333333333332 1.0 0.989166666666667 0.0045 0.31266666666666665 0.18833333333333332 0.18816666666666668 0.12466666666666666 0.04666666666666666 0.20299999999999996 0.05600000000000001 0.02150000000000001 0.02550000000000001 0.4503333333333333 0.37583333333333335 0.805833333333333 0.8554999999999998 0.7081666666666666 0.8565000000000002 0.8064999999999994 0.803333333333333 0.8034999999999995 0.7734999999999999 0.5203333333333334 0.6436666666666666 0.7709999999999998 0.767833333333333 0.7000000000000002 0.5918333333333333 0.7704999999999997 0.7708333333333331 0.7198333333333333 0.3325000000000001 0.6419999999999999 0.019666666666666666 0.7693333333333331 0.5370000000000001 0.6156666666666668 0.6204999999999999 0.7686666666666663 0.6981666666666666 0.9495000000000006 0.6525 0.4608333333333332 0.4270000000000001 0.36033333333333334 0.48766666666666675 0.3903333333333333 0.24566666666666667 0.9243333333333328 0.9701666666666668 0.7743333333333332 0.7809999999999998 0.013333333333333334 0.4928333333333333 0.3993333333333333 0.03366666666666668 0.07783333333333332 0.2003333333333333 0.013333333333333338 0.2226666666666666 0.007500000000000002 0.3501666666666667 0.12033333333333332 0.39416666666666655 0.0801666666666667 0.465 0.009500000000000001 0.014666666666666668 0.07449999999999998 0.09333333333333338 0.18899999999999997 0.22916666666666663 
0.7720000000000001 0.767 0.3509999999999999 0.18783333333333335 0.19799999999999998 0.188 0.24083333333333334 0.1876666666666667 0.18833333333333335 0.19033333333333338 0.19000000000000003 0.49533333333333346 0.18833333333333335 0.18783333333333335 0.19800000000000004 0.188 0.008500000000000002 0.4586666666666666 0.989166666666667 1.0 0.004666666666666666 0.3115 0.188 0.18783333333333335 0.1243333333333333 0.04449999999999999 0.20183333333333342 0.05500000000000001 0.022000000000000002 0.026000000000000006 0.4495 0.374 0.8051666666666664 0.8551666666666669 0.7059999999999998 0.8555000000000001 0.8063333333333331 0.8028333333333333 0.803833333333333 0.7726666666666665 0.5211666666666668 0.6374999999999997 0.7686666666666666 0.7661666666666663 0.6986666666666665 0.591 0.7688333333333329 0.7691666666666666 0.7171666666666668 0.3325000000000001 0.6416666666666667 0.02 0.7674999999999998 0.5351666666666669 0.6125 0.6183333333333331 0.7676666666666664 0.6976666666666668 0.9481666666666669 0.6521666666666666 0.4608333333333334 0.4266666666666667 0.3594999999999999 0.48866666666666675 0.39 0.24533333333333335 0.9235 0.9683333333333334 0.7726666666666665 0.7809999999999998 0.013666666666666669 0.491 0.39899999999999997 0.033499999999999995 0.07783333333333332 0.2 0.013500000000000003 0.22200000000000003 0.0085 0.3493333333333334 0.12066666666666664 0.39366666666666666 0.08100000000000004 0.46266666666666656 0.009833333333333335 0.015000000000000003 0.074 0.09266666666666669 0.18866666666666668 0.22883333333333333 
0.14633333333333334 0.15450000000000003 0.29999999999999993 0.34850000000000014 0.34700000000000003 0.36516666666666664 0.34483333333333344 0.3551666666666666 0.3568333333333333 0.359 0.3548333333333333 0.19133333333333336 0.3609999999999999 0.37516666666666665 0.4875 0.35783333333333334 0.8850000000000001 0.4561666666666667 0.0045 0.004666666666666666 1.0 0.6136666666666667 0.35266666666666674 0.3555 0.3993333333333334 0.47100000000000003 0.3656666666666667 0.6581666666666665 0.8756666666666665 0.858333333333333 0.3768333333333333 0.43583333333333335 0.11233333333333334 0.056333333333333326 0.038000000000000006 0.02800000000000001 0.10233333333333335 0.10400000000000001 0.10216666666666667 0.14183333333333337 0.2968333333333332 0.1496666666666667 0.15533333333333335 0.1665 0.24699999999999997 0.32133333333333347 0.15466666666666667 0.15350000000000003 0.2316666666666666 0.4063333333333335 0.29333333333333333 0.6846666666666666 0.17083333333333336 0.40266666666666673 0.32433333333333325 0.3159999999999999 0.15483333333333335 0.22333333333333338 0.0165 0.07783333333333332 0.08433333333333333 0.11116666666666668 0.48283333333333345 0.3865 0.12966666666666665 0.2803333333333333 0.017500000000000005 0.003833333333333333 0.14866666666666667 0.12350000000000001 0.8016666666666667 0.4048333333333333 0.24666666666666665 0.43849999999999995 0.4949999999999999 0.3243333333333334 0.6271666666666667 0.5403333333333332 0.8856666666666665 0.5516666666666664 0.7984999999999997 0.5176666666666665 0.8573333333333334 0.46583333333333343 0.8819999999999998 0.7786666666666667 0.8305000000000003 0.7941666666666666 0.4461666666666666 0.32066666666666654 
0.48166666666666663 0.4798333333333334 0.44550000000000006 0.3261666666666666 0.33049999999999985 0.3326666666666666 0.3416666666666666 0.32633333333333325 0.3265 0.3243333333333333 0.32199999999999995 0.07600000000000003 0.3264999999999999 0.3283333333333333 0.36316666666666664 0.32733333333333325 0.5318333333333333 0.3518333333333334 0.31266666666666665 0.3115 0.6136666666666667 1.0 0.3274999999999999 0.32949999999999996 0.35683333333333317 0.40249999999999986 0.34533333333333327 0.5123333333333332 0.5236666666666667 0.5099999999999999 0.6808333333333333 0.7023333333333335 0.45050000000000007 0.3928333333333335 0.2593333333333333 0.3138333333333334 0.44050000000000006 0.44266666666666665 0.4398333333333334 0.4786666666666667 0.3238333333333333 0.3715000000000001 0.4886666666666666 0.4973333333333334 0.5328333333333333 0.433 0.48766666666666675 0.48849999999999993 0.5414999999999998 0.4706666666666668 0.4095 0.5058333333333332 0.5038333333333334 0.4916666666666667 0.6611666666666666 0.6526666666666666 0.4855 0.42783333333333323 0.32233333333333336 0.084 0.06783333333333331 0.07900000000000001 0.3361666666666666 0.11216666666666669 0.10366666666666666 0.25050000000000006 0.3426666666666667 0.3059999999999999 0.4841666666666667 0.4575 0.5634999999999999 0.7433333333333334 0.42550000000000004 0.38866666666666666 0.5193333333333332 0.29549999999999993 0.4868333333333334 0.6816666666666668 0.5259999999999999 0.28650000000000014 0.45866666666666667 0.3355 0.5115 0.32699999999999996 0.5269999999999999 0.5221666666666667 0.601 0.6071666666666666 0.33883333333333326 0.2866666666666667 
0.0005 0.00016666666666666666 0.8310000000000002 0.9903333333333336 0.979666666666667 0.9800000000000001 0.9308333333333333 0.9796666666666671 0.9790000000000003 0.9738333333333337 0.9753333333333336 0.5346666666666668 0.9775000000000005 0.963166666666667 0.8361666666666668 0.9806666666666669 0.357 0.006000000000000001 0.18833333333333332 0.188 0.35266666666666674 0.3274999999999999 1.0 0.9878333333333336 0.9121666666666666 0.8098333333333331 0.9535000000000003 0.5653333333333334 0.35083333333333333 0.3466666666666666 0.4396666666666666 0.4138333333333335 0.0005 0.04783333333333333 0.46683333333333343 0.32166666666666666 0.0005 0.002833333333333333 0.0013333333333333333 0.010333333333333335 0.1996666666666666 0.17850000000000008 0.00016666666666666666 0.0 0.028000000000000004 0.10416666666666664 0.0 0.0003333333333333333 0.018666666666666668 0.3658333333333333 0.06216666666666667 0.5688333333333333 0.0 0.08850000000000006 0.17866666666666656 0.1635 0.0005 0.0 0.21483333333333327 0.49316666666666664 0.7005 0.7293333333333335 0.08783333333333333 0.3268333333333333 0.7601666666666667 0.9041666666666666 0.11666666666666665 0.21483333333333335 0.0003333333333333333 0.0 0.43416666666666687 0.3233333333333333 0.3388333333333334 0.8258333333333335 0.6488333333333334 0.9485000000000002 0.6218333333333335 0.44299999999999995 0.3531666666666667 0.08633333333333336 0.26983333333333337 0.01916666666666667 0.2883333333333333 0.013833333333333335 0.3391666666666666 0.4851666666666665 0.29083333333333344 0.2875 0.8846666666666665 0.9341666666666665 
0.0 0.0 0.8300000000000002 0.9878333333333339 0.9776666666666672 0.9861666666666669 0.9251666666666668 0.9755000000000004 0.9725000000000005 0.9686666666666671 0.9685000000000005 0.5295000000000002 0.9716666666666672 0.9593333333333335 0.8328333333333332 0.9765000000000004 0.3543333333333332 0.006 0.18816666666666668 0.18783333333333335 0.3555 0.32949999999999996 0.9878333333333336 1.0 0.9176666666666665 0.8103333333333331 0.9580000000000004 0.5673333333333332 0.3486666666666666 0.34483333333333344 0.43883333333333335 0.4175000000000001 0.00016666666666666666 0.04766666666666666 0.46583333333333327 0.3211666666666666 0.0003333333333333333 0.0026666666666666666 0.001 0.01 0.1981666666666666 0.18383333333333332 0.0 0.0 0.030166666666666675 0.10733333333333331 0.0 0.0 0.019666666666666666 0.36949999999999994 0.06549999999999999 0.5713333333333335 0.0 0.08850000000000006 0.17866666666666656 0.16366666666666668 0.0 0.0 0.21399999999999994 0.49 0.6951666666666665 0.7255000000000003 0.08750000000000002 0.3221666666666667 0.7555000000000001 0.8976666666666666 0.1165 0.215 0.0 0.0 0.4303333333333334 0.32249999999999995 0.3385 0.8203333333333335 0.6476666666666666 0.9441666666666668 0.6156666666666666 0.4426666666666666 0.3513333333333333 0.08083333333333333 0.26983333333333337 0.018833333333333337 0.29100000000000004 0.0175 0.34066666666666656 0.48633333333333334 0.29216666666666663 0.2886666666666667 0.8811666666666668 0.9296666666666663 
0.0015 0.0018333333333333335 0.7618333333333334 0.9106666666666667 0.9019999999999999 0.9153333333333334 0.8531666666666666 0.8986666666666671 0.8973333333333335 0.893666666666667 0.8935000000000002 0.4535 0.8963333333333335 0.8856666666666668 0.7583333333333334 0.8998333333333334 0.428 0.0075 0.12466666666666666 0.1243333333333333 0.3993333333333334 0.35683333333333317 0.9121666666666666 0.9176666666666665 1.0 0.8863333333333331 0.9048333333333334 0.6435 0.4236666666666665 0.4181666666666666 0.48966666666666664 0.48933333333333345 0.0011666666666666668 0.029999999999999995 0.3993333333333332 0.25566666666666665 0.0011666666666666668 0.0034999999999999996 0.002 0.0115 0.25566666666666665 0.1975 0.0013333333333333333 0.0026666666666666666 0.064 0.1706666666666667 0.0021666666666666666 0.0016666666666666668 0.05000000000000001 0.4366666666666666 0.11733333333333335 0.6485000000000001 0.004 0.09483333333333338 0.1801666666666666 0.16516666666666666 0.0016666666666666668 0.0018333333333333335 0.149 0.4128333333333332 0.6185 0.649 0.08933333333333333 0.2535 0.6781666666666666 0.8223333333333336 0.06216666666666666 0.1496666666666667 0.0013333333333333333 0.0013333333333333333 0.5060000000000002 0.34583333333333327 0.40783333333333327 0.8611666666666664 0.7221666666666667 0.8666666666666667 0.6783333333333332 0.4414999999999999 0.4259999999999999 0.08566666666666664 0.3386666666666666 0.02066666666666667 0.3538333333333333 0.045666666666666675 0.4158333333333333 0.5579999999999999 0.30083333333333334 0.2908333333333334 0.8039999999999998 0.8561666666666669 
