1.0 0.6904999999999998 0.5676666666666665 0.2835 0.35133333333333333 0.2666666666666668 0.4031666666666666 0.3795 0.29150000000000004 0.38483333333333336 0.32550000000000007 0.4000000000000001 0.2911666666666666 0.3646666666666667 0.5823333333333334 0.342 0.6286666666666665 0.2850000000000001 0.629 0.3306666666666667 0.27299999999999996 0.26999999999999996 0.5521666666666669 0.5113333333333334 0.5311666666666667 0.531 0.5248333333333334 0.5123333333333334 0.43416666666666665 0.28366666666666673 0.5588333333333333 0.49283333333333323 0.2884999999999999 0.32949999999999996 0.5531666666666667 0.5348333333333332 0.6010000000000001 0.15066666666666664 0.48600000000000015 0.3843333333333334 0.5914999999999999 0.5504999999999999 0.3521666666666667 0.3060000000000001 0.5211666666666667 0.08933333333333335 0.3101666666666667 0.2975 0.08216666666666671 0.08533333333333334 0.0655 0.10116666666666667 0.3449999999999999 0.20983333333333332 0.08000000000000003 0.14300000000000002 0.3685 0.29550000000000015 0.25799999999999995 0.2906666666666667 0.2866666666666666 0.36916666666666664 0.2933333333333332 0.3598333333333333 0.5823333333333334 0.2076666666666667 0.3569999999999999 0.07116666666666667 0.32800000000000007 0.29000000000000004 0.11233333333333334 0.37200000000000005 0.5631666666666668 0.35666666666666663 0.4209999999999999 0.5321666666666669 0.33583333333333326 0.293 0.39333333333333337 0.5381666666666666 0.2845000000000001 0.13383333333333336 0.615 0.34 0.583 0.04966666666666666 0.5240000000000001 0.3926666666666665 0.22699999999999998 0.25216666666666654 
0.6904999999999998 1.0 0.35033333333333333 0.1693333333333333 0.2186666666666667 0.12166666666666665 0.30333333333333334 0.3181666666666667 0.22150000000000003 0.33466666666666667 0.19983333333333328 0.3859999999999999 0.20733333333333334 0.2581666666666667 0.34199999999999997 0.36933333333333335 0.7794999999999999 0.5443333333333333 0.4428333333333334 0.5958333333333335 0.12133333333333331 0.12883333333333336 0.3511666666666666 0.3513333333333333 0.35083333333333333 0.3508333333333333 0.3508333333333333 0.3515 0.5169999999999999 0.5421666666666667 0.36933333333333324 0.4325 0.36883333333333324 0.4775 0.3511666666666666 0.3848333333333334 0.6426666666666668 0.2766666666666667 0.44366666666666665 0.3856666666666666 0.6275000000000002 0.5840000000000002 0.36999999999999994 0.3236666666666666 0.3536666666666667 0.11533333333333334 0.32383333333333325 0.3156666666666667 0.11483333333333338 0.11283333333333337 0.2711666666666666 0.13933333333333334 0.4908333333333333 0.2351666666666667 0.10450000000000002 0.10966666666666666 0.35850000000000004 0.5303333333333334 0.31516666666666665 0.5228333333333334 0.20333333333333337 0.3548333333333334 0.21199999999999997 0.37283333333333324 0.3533333333333333 0.12783333333333333 0.447 0.2316666666666667 0.5766666666666665 0.5258333333333335 0.13716666666666666 0.32350000000000007 0.6094999999999999 0.5423333333333334 0.32016666666666665 0.5523333333333332 0.26916666666666655 0.4481666666666667 0.4106666666666668 0.7915000000000001 0.5448333333333334 0.38650000000000007 0.6038333333333332 0.36999999999999994 0.35033333333333333 0.2043333333333333 0.35649999999999993 0.3636666666666667 0.025166666666666667 0.03983333333333333 
0.5676666666666665 0.35033333333333333 1.0 0.6116666666666667 0.4538333333333333 0.28783333333333333 0.5743333333333333 0.04883333333333334 0.11066666666666666 0.03433333333333334 0.14766666666666672 0.06166666666666666 0.1165 0.14766666666666667 0.5348333333333334 0.05633333333333334 0.28466666666666685 0.0 0.5408333333333333 0.04783333333333334 0.6148333333333335 0.6019999999999999 0.9623333333333336 0.8631666666666667 0.8843333333333332 0.8816666666666668 0.8788333333333336 0.859166666666667 0.10133333333333334 0.0 0.8539999999999999 0.7090000000000001 0.11233333333333333 0.01600000000000001 0.9150000000000001 0.866666666666667 0.2965000000000001 0.24299999999999997 0.6525 0.5383333333333334 0.2716666666666667 0.23133333333333334 0.5211666666666666 0.4731666666666667 0.8700000000000001 0.2606666666666666 0.4731666666666666 0.4649999999999999 0.24116666666666653 0.25066666666666654 0.16466666666666668 0.21999999999999997 0.009833333333333333 0.3830000000000001 0.24749999999999994 0.43083333333333323 0.019000000000000006 0.0034999999999999996 0.11266666666666665 0.0016666666666666666 0.11683333333333336 0.020333333333333342 0.11433333333333334 0.014833333333333339 0.8920000000000003 0.37783333333333347 0.5878333333333332 0.2938333333333334 0.04066666666666666 0.0018333333333333333 0.27499999999999997 0.7191666666666666 0.23933333333333345 0.035 0.13316666666666666 0.3636666666666667 0.11099999999999995 0.17400000000000002 0.6393333333333332 0.245 0.0 0.1043333333333333 0.4526666666666669 0.4538333333333332 0.9605000000000001 0.27699999999999997 0.8656666666666668 0.7241666666666668 0.3591666666666667 0.5689999999999998 
0.2835 0.1693333333333333 0.6116666666666667 1.0 0.32883333333333326 0.36383333333333334 0.565 0.2473333333333333 0.2756666666666666 0.23416666666666663 0.2951666666666666 0.2614999999999999 0.28083333333333327 0.3218333333333333 0.3446666666666666 0.10666666666666665 0.12766666666666668 0.10666666666666665 0.34550000000000003 0.19049999999999995 0.5753333333333334 0.498 0.6004999999999999 0.5703333333333334 0.5813333333333333 0.5805 0.5748333333333333 0.5646666666666667 0.10916666666666666 0.11483333333333333 0.6596666666666668 0.6373333333333333 0.29550000000000004 0.15133333333333332 0.6081666666666666 0.5691666666666666 0.14516666666666667 0.30099999999999993 0.4341666666666667 0.40199999999999997 0.14283333333333337 0.16150000000000003 0.3946666666666666 0.3953333333333335 0.574 0.40550000000000014 0.39549999999999996 0.3898333333333334 0.32349999999999995 0.327 0.3145 0.2821666666666667 0.07966666666666665 0.3491666666666666 0.3505 0.4916666666666665 0.2218333333333334 0.12833333333333333 0.20566666666666664 0.11416666666666667 0.2815 0.22300000000000003 0.2799999999999999 0.20666666666666664 0.6388333333333333 0.5633333333333332 0.5175000000000001 0.5096666666666667 0.16583333333333333 0.11416666666666667 0.41866666666666674 0.5111666666666667 0.13800000000000004 0.17633333333333337 0.3115 0.23516666666666666 0.3196666666666667 0.3661666666666667 0.4526666666666666 0.1973333333333333 0.10516666666666664 0.23916666666666672 0.2548333333333333 0.37183333333333335 0.6300000000000001 0.5538333333333334 0.5640000000000002 0.5205000000000001 0.39116666666666666 0.5209999999999999 
0.35133333333333333 0.2186666666666667 0.4538333333333333 0.32883333333333326 1.0 0.7335000000000003 0.15966666666666668 0.37016666666666664 0.3710000000000001 0.36983333333333335 0.3826666666666669 0.3281666666666667 0.3696666666666667 0.3463333333333334 0.5778333333333334 0.40349999999999997 0.21733333333333338 0.3751666666666667 0.6071666666666667 0.2656666666666667 0.6566666666666666 0.704166666666667 0.4758333333333333 0.579 0.5586666666666668 0.5613333333333334 0.5691666666666666 0.5828333333333332 0.27333333333333326 0.36933333333333335 0.37800000000000006 0.3375000000000001 0.3865 0.3503333333333332 0.5269999999999999 0.531 0.2693333333333334 0.31666666666666665 0.3831666666666665 0.30149999999999993 0.251 0.243 0.30433333333333346 0.2914999999999999 0.5568333333333334 0.38683333333333325 0.2894999999999999 0.2910000000000001 0.44283333333333347 0.44499999999999984 0.4588333333333332 0.45066666666666655 0.34416666666666657 0.3781666666666667 0.4236666666666666 0.5068333333333335 0.36550000000000005 0.35633333333333334 0.36900000000000005 0.37366666666666665 0.36933333333333335 0.37016666666666664 0.37 0.3703333333333334 0.3766666666666667 0.2758333333333334 0.2573333333333333 0.3406666666666667 0.29766666666666663 0.3728333333333333 0.3360000000000001 0.4981666666666667 0.24066666666666667 0.20816666666666664 0.31883333333333336 0.34616666666666673 0.4018333333333332 0.3073333333333334 0.3706666666666667 0.15716666666666668 0.37550000000000006 0.43666666666666676 0.42816666666666686 0.2455 0.4513333333333332 0.27883333333333327 0.5731666666666666 0.473 0.35850000000000004 0.5449999999999999 
0.2666666666666668 0.12166666666666665 0.28783333333333333 0.36383333333333334 0.7335000000000003 1.0 0.27699999999999997 0.5893333333333333 0.5904999999999999 0.5895 0.6151666666666666 0.5441666666666668 0.5913333333333335 0.5713333333333334 0.4673333333333333 0.3783333333333333 0.13033333333333336 0.5310000000000002 0.47533333333333333 0.37866666666666676 0.49616666666666653 0.5906666666666667 0.30683333333333324 0.37800000000000006 0.3906666666666666 0.39899999999999997 0.39616666666666667 0.38416666666666666 0.24050000000000005 0.5181666666666669 0.23016666666666669 0.22816666666666666 0.5585000000000001 0.5278333333333335 0.36 0.3505 0.17750000000000005 0.35350000000000004 0.2188333333333334 0.20200000000000004 0.16633333333333333 0.171 0.22183333333333338 0.22350000000000006 0.38733333333333325 0.3538333333333333 0.22233333333333338 0.2235 0.4316666666666666 0.43499999999999994 0.612 0.4639999999999999 0.3453333333333334 0.31800000000000006 0.4088333333333333 0.39549999999999996 0.5826666666666666 0.5051666666666668 0.5416666666666666 0.5351666666666668 0.5910000000000001 0.5878333333333332 0.5905 0.5841666666666665 0.2811666666666667 0.4895000000000001 0.28566666666666657 0.4761666666666667 0.4406666666666667 0.5341666666666667 0.28816666666666674 0.3938333333333333 0.16666666666666669 0.19166666666666665 0.532 0.21599999999999997 0.6175 0.4255 0.2021666666666666 0.19416666666666674 0.5313333333333334 0.5951666666666667 0.24483333333333335 0.17066666666666666 0.3018333333333333 0.3683333333333333 0.37866666666666665 0.2758333333333333 0.597 0.5973333333333334 
0.4031666666666666 0.30333333333333334 0.5743333333333333 0.565 0.15966666666666668 0.27699999999999997 1.0 0.446 0.5198333333333334 0.43016666666666664 0.5121666666666669 0.44850000000000007 0.529 0.5401666666666665 0.2736666666666667 0.009666666666666667 0.2626666666666667 0.21900000000000003 0.25299999999999995 0.25883333333333325 0.22416666666666657 0.23833333333333337 0.5578333333333333 0.4653333333333334 0.4730000000000001 0.4733333333333335 0.4671666666666666 0.462 0.08700000000000001 0.21300000000000005 0.6751666666666668 0.6711666666666667 0.4220000000000001 0.30316666666666664 0.5033333333333333 0.47950000000000004 0.25233333333333335 0.2628333333333334 0.446 0.4745 0.23383333333333328 0.2003333333333334 0.44049999999999995 0.40283333333333327 0.4656666666666667 0.19166666666666665 0.4136666666666665 0.4010000000000001 0.18983333333333338 0.18983333333333335 0.3733333333333333 0.20450000000000002 0.015333333333333334 0.3046666666666667 0.1895 0.2053333333333334 0.4105000000000001 0.2284999999999999 0.42100000000000004 0.23983333333333334 0.531 0.41000000000000014 0.5283333333333333 0.3926666666666668 0.6739999999999998 0.7611666666666665 0.6349999999999999 0.4753333333333332 0.2703333333333333 0.23783333333333329 0.22049999999999997 0.4433333333333333 0.21100000000000005 0.06566666666666665 0.5058333333333332 0.22333333333333327 0.4804999999999999 0.40033333333333343 0.4596666666666668 0.3746666666666667 0.21683333333333338 0.3183333333333333 0.24699999999999997 0.41 0.5821666666666667 0.3921666666666666 0.4625 0.4601666666666667 0.5893333333333334 0.41966666666666674 
0.3795 0.3181666666666667 0.04883333333333334 0.2473333333333333 0.37016666666666664 0.5893333333333333 0.446 1.0 0.8909999999999999 0.976666666666667 0.8549999999999999 0.9018333333333334 0.8831666666666669 0.8755000000000002 0.4548333333333334 0.46616666666666673 0.2910000000000001 0.7671666666666666 0.38799999999999996 0.6100000000000001 0.11649999999999999 0.20566666666666675 0.035 0.0021666666666666666 0.008666666666666666 0.008 0.002833333333333333 0.001 0.3706666666666667 0.75 0.16333333333333327 0.24949999999999994 0.7101666666666666 0.8268333333333334 0.02816666666666667 0.021166666666666667 0.25816666666666666 0.29516666666666674 0.0455 0.0215 0.26350000000000007 0.26683333333333337 0.0015 0.0018333333333333335 0.0031666666666666666 0.12933333333333333 0.005833333333333333 0.0031666666666666666 0.21883333333333327 0.21683333333333324 0.5408333333333333 0.29816666666666664 0.48966666666666664 0.09333333333333335 0.18800000000000006 0.11283333333333333 0.9490000000000002 0.7576666666666667 0.7756666666666666 0.7885 0.8780000000000002 0.9585000000000002 0.8883333333333334 0.9413333333333334 0.14133333333333334 0.6376666666666668 0.16533333333333336 0.3818333333333333 0.685 0.786 0.06883333333333334 0.14916666666666667 0.26666666666666666 0.352 0.8623333333333332 0.2646666666666667 0.9041666666666666 0.5048333333333335 0.020500000000000004 0.42983333333333335 0.7653333333333332 0.6198333333333333 0.24500000000000002 0.02933333333333334 0.06333333333333334 0.278 0.0085 0.0003333333333333333 0.6358333333333333 0.4453333333333333 
0.29150000000000004 0.22150000000000003 0.11066666666666666 0.2756666666666666 0.3710000000000001 0.5904999999999999 0.5198333333333334 0.8909999999999999 1.0 0.8756666666666665 0.9425 0.8073333333333333 0.9781666666666671 0.9116666666666668 0.5411666666666668 0.37116666666666664 0.1928333333333333 0.6704999999999999 0.327 0.5134999999999998 0.11666666666666665 0.20566666666666678 0.094 0.004166666666666667 0.009833333333333335 0.009000000000000001 0.003833333333333333 0.0016666666666666666 0.27166666666666667 0.6535 0.21716666666666665 0.2213333333333333 0.6633333333333334 0.7303333333333335 0.03733333333333334 0.01933333333333333 0.17016666666666666 0.25916666666666666 0.012166666666666668 0.021666666666666664 0.16883333333333328 0.175 0.004833333333333333 0.003666666666666667 0.004833333333333333 0.13066666666666665 0.009166666666666667 0.006 0.2186666666666666 0.21749999999999986 0.5466666666666665 0.2781666666666667 0.39149999999999996 0.09450000000000001 0.1891666666666667 0.11499999999999998 0.8461666666666671 0.6606666666666666 0.8735000000000004 0.6918333333333332 0.9731666666666672 0.8583333333333337 0.9793333333333338 0.8435000000000001 0.20849999999999994 0.6808333333333334 0.17583333333333337 0.38699999999999996 0.5880000000000001 0.6893333333333334 0.06966666666666668 0.18516666666666665 0.17066666666666663 0.2551666666666666 0.8168333333333331 0.16949999999999998 0.8843333333333334 0.48583333333333345 0.0045 0.33333333333333337 0.6685 0.5836666666666668 0.17783333333333332 0.0021666666666666666 0.11566666666666667 0.2856666666666666 0.005333333333333333 0.0026666666666666666 0.7316666666666666 0.5256666666666665 
0.38483333333333336 0.33466666666666667 0.03433333333333334 0.23416666666666663 0.36983333333333335 0.5895 0.43016666666666664 0.976666666666667 0.8756666666666665 1.0 0.8381666666666666 0.9155000000000002 0.866666666666667 0.8589999999999999 0.43900000000000006 0.4780000000000002 0.3076666666666667 0.7841666666666669 0.38499999999999995 0.6271666666666668 0.11649999999999999 0.20550000000000007 0.02066666666666667 0.0016666666666666668 0.007000000000000001 0.007333333333333335 0.0026666666666666666 0.0008333333333333334 0.386 0.7670000000000001 0.1471666666666667 0.2495 0.7165 0.8428333333333334 0.02150000000000001 0.02 0.2686666666666668 0.30816666666666676 0.04649999999999999 0.020166666666666666 0.27616666666666667 0.2785 0.0015 0.0018333333333333335 0.0026666666666666666 0.1295 0.005833333333333333 0.0031666666666666666 0.21933333333333327 0.21683333333333318 0.5401666666666666 0.3036666666666667 0.5063333333333333 0.09350000000000001 0.18800000000000006 0.11266666666666665 0.9635000000000002 0.7740000000000002 0.7603333333333334 0.8048333333333333 0.8616666666666668 0.9755000000000004 0.8720000000000002 0.9570000000000002 0.12566666666666668 0.6226666666666667 0.16216666666666668 0.3796666666666667 0.7013333333333334 0.8026666666666665 0.06866666666666668 0.13716666666666671 0.2791666666666667 0.36983333333333335 0.8458333333333333 0.2773333333333333 0.8916666666666666 0.5083333333333333 0.026499999999999996 0.44650000000000006 0.7819999999999999 0.6364999999999998 0.2516666666666667 0.03750000000000001 0.049 0.27349999999999997 0.008333333333333333 0.00016666666666666666 0.6186666666666667 0.42916666666666664 
0.32550000000000007 0.19983333333333328 0.14766666666666672 0.2951666666666666 0.3826666666666669 0.6151666666666666 0.5121666666666669 0.8549999999999999 0.9425 0.8381666666666666 1.0 0.7756666666666665 0.9543333333333335 0.9079999999999999 0.5691666666666667 0.3648333333333334 0.18350000000000002 0.6324999999999998 0.35833333333333334 0.4811666666666666 0.13833333333333336 0.22933333333333336 0.12883333333333336 0.03100000000000001 0.04183333333333335 0.041833333333333333 0.036500000000000005 0.029833333333333344 0.27216666666666667 0.6161666666666666 0.23666666666666664 0.19466666666666668 0.6295000000000001 0.6953333333333335 0.07183333333333333 0.047499999999999994 0.1701666666666667 0.26116666666666666 0.015666666666666672 0.021666666666666664 0.16783333333333336 0.1731666666666667 0.005833333333333334 0.004666666666666666 0.03566666666666668 0.12499999999999999 0.010166666666666668 0.007000000000000001 0.2128333333333333 0.2123333333333332 0.5111666666666665 0.272 0.3821666666666666 0.08950000000000005 0.18350000000000005 0.11533333333333333 0.811333333333333 0.6233333333333333 0.8488333333333332 0.653 0.953666666666667 0.8193333333333334 0.9555000000000001 0.8021666666666666 0.24516666666666673 0.6531666666666668 0.17433333333333337 0.36050000000000004 0.5558333333333334 0.6505 0.06466666666666669 0.2093333333333333 0.171 0.2475000000000001 0.8205 0.1685 0.8598333333333333 0.4525000000000001 0.004999999999999999 0.3015 0.6314999999999997 0.5474999999999998 0.17783333333333334 0.0036666666666666666 0.15199999999999997 0.25416666666666665 0.036000000000000004 0.004 0.7655 0.5551666666666667 
0.4000000000000001 0.3859999999999999 0.06166666666666666 0.2614999999999999 0.3281666666666667 0.5441666666666668 0.44850000000000007 0.9018333333333334 0.8073333333333333 0.9155000000000002 0.7756666666666665 1.0 0.7969999999999999 0.8510000000000005 0.37099999999999994 0.43449999999999994 0.35566666666666663 0.7533333333333335 0.4055 0.6639999999999999 0.07383333333333333 0.163 0.053499999999999985 0.047 0.049 0.050666666666666665 0.04766666666666668 0.04616666666666667 0.40916666666666657 0.7365 0.16449999999999995 0.2991666666666666 0.7431666666666665 0.8336666666666664 0.0575 0.07283333333333335 0.3133333333333334 0.3445000000000001 0.09316666666666666 0.06866666666666667 0.3191666666666667 0.32133333333333325 0.05233333333333332 0.053166666666666654 0.047 0.08733333333333335 0.055666666666666656 0.050499999999999996 0.17850000000000005 0.17516666666666666 0.49933333333333346 0.25916666666666666 0.47166666666666673 0.051666666666666645 0.14600000000000002 0.07083333333333333 0.9325000000000001 0.7454999999999999 0.6946666666666662 0.7750000000000002 0.7924999999999999 0.9313333333333337 0.8023333333333335 0.9246666666666669 0.14916666666666667 0.6446666666666667 0.20050000000000004 0.4181666666666666 0.7408333333333336 0.7725000000000003 0.0395 0.08033333333333333 0.3136666666666667 0.392 0.8366666666666666 0.3198333333333333 0.852 0.5634999999999999 0.0781666666666667 0.5051666666666668 0.7515000000000002 0.606 0.2968333333333333 0.08033333333333335 0.07566666666666666 0.25366666666666665 0.053 0.04649999999999999 0.5490000000000002 0.3643333333333333 
0.2911666666666666 0.20733333333333334 0.1165 0.28083333333333327 0.3696666666666667 0.5913333333333335 0.529 0.8831666666666669 0.9781666666666671 0.866666666666667 0.9543333333333335 0.7969999999999999 1.0 0.9128333333333333 0.5446666666666666 0.36583333333333334 0.184 0.6553333333333333 0.3243333333333333 0.4981666666666667 0.117 0.20716666666666672 0.09816666666666668 0.004333333333333333 0.011333333333333332 0.011333333333333336 0.006 0.0018333333333333333 0.26466666666666666 0.6386666666666665 0.22066666666666668 0.21749999999999992 0.6528333333333333 0.7155000000000001 0.04083333333333334 0.018499999999999996 0.1636666666666667 0.2588333333333333 0.010166666666666666 0.019666666666666666 0.16266666666666668 0.16866666666666671 0.003833333333333333 0.0025 0.006333333333333333 0.12916666666666668 0.008166666666666666 0.004999999999999999 0.21683333333333324 0.2164999999999999 0.5378333333333332 0.2763333333333333 0.38433333333333325 0.09333333333333335 0.18766666666666673 0.11383333333333333 0.8398333333333337 0.6455 0.8785000000000004 0.6766666666666664 0.987166666666667 0.8476666666666668 0.9866666666666671 0.8301666666666666 0.21466666666666667 0.6779999999999999 0.1756666666666667 0.379 0.5733333333333334 0.6739999999999999 0.06850000000000002 0.1875 0.16433333333333336 0.24666666666666662 0.8213333333333336 0.1636666666666667 0.8780000000000001 0.4724999999999999 0.0034999999999999996 0.3181666666666666 0.6538333333333334 0.5736666666666667 0.1728333333333334 0.0018333333333333335 0.12066666666666664 0.2781666666666667 0.0071666666666666675 0.0015000000000000002 0.7441666666666668 0.5336666666666665 
0.3646666666666667 0.2581666666666667 0.14766666666666667 0.3218333333333333 0.3463333333333334 0.5713333333333334 0.5401666666666665 0.8755000000000002 0.9116666666666668 0.8589999999999999 0.9079999999999999 0.8510000000000005 0.9128333333333333 1.0 0.5066666666666667 0.368 0.2418333333333333 0.6463333333333334 0.39416666666666667 0.5395 0.09483333333333334 0.18499999999999997 0.1301666666666667 0.04416666666666667 0.05133333333333335 0.05116666666666667 0.045666666666666654 0.04016666666666668 0.3100000000000001 0.6296666666666667 0.25400000000000006 0.2396666666666667 0.6643333333333336 0.7258333333333334 0.08133333333333334 0.05666666666666668 0.2223333333333333 0.27849999999999997 0.053166666666666654 0.048166666666666656 0.22483333333333325 0.22766666666666655 0.0365 0.036333333333333336 0.04533333333333333 0.09866666666666667 0.03966666666666667 0.03516666666666666 0.18616666666666667 0.18466666666666665 0.49533333333333324 0.24533333333333324 0.38583333333333314 0.062 0.15666666666666665 0.08616666666666666 0.8396666666666667 0.6380000000000001 0.8025000000000003 0.6669999999999999 0.9088333333333333 0.8394999999999999 0.9144999999999999 0.8206666666666664 0.24316666666666667 0.6995 0.201 0.39416666666666667 0.6148333333333335 0.665 0.04866666666666667 0.1628333333333333 0.2226666666666666 0.2879999999999999 0.8653333333333332 0.22383333333333325 0.8873333333333332 0.49316666666666653 0.03233333333333334 0.3696666666666667 0.6444999999999997 0.5296666666666666 0.23166666666666672 0.029833333333333333 0.15450000000000005 0.2578333333333332 0.04816666666666667 0.03183333333333334 0.6865000000000002 0.4940000000000001 
0.5823333333333334 0.34199999999999997 0.5348333333333334 0.3446666666666666 0.5778333333333334 0.4673333333333333 0.2736666666666667 0.4548333333333334 0.5411666666666668 0.43900000000000006 0.5691666666666667 0.37099999999999994 0.5446666666666666 0.5066666666666667 1.0 0.3875 0.2890000000000001 0.34850000000000003 0.5958333333333333 0.24049999999999996 0.4863333333333333 0.5216666666666666 0.5171666666666668 0.4150000000000001 0.42700000000000016 0.4273333333333334 0.42183333333333345 0.41333333333333333 0.3116666666666667 0.34650000000000003 0.5388333333333332 0.37683333333333324 0.2768333333333333 0.36816666666666664 0.45700000000000024 0.4326666666666668 0.25816666666666654 0.14116666666666663 0.252 0.12249999999999998 0.23250000000000004 0.21583333333333335 0.10016666666666668 0.058833333333333335 0.4113333333333335 0.13883333333333334 0.05983333333333334 0.05366666666666666 0.17999999999999997 0.18733333333333327 0.22933333333333333 0.17533333333333323 0.3423333333333333 0.15050000000000005 0.16849999999999996 0.29 0.4126666666666667 0.35733333333333334 0.5216666666666667 0.35416666666666674 0.5406666666666666 0.4205 0.5465000000000001 0.41066666666666657 0.5549999999999999 0.24250000000000005 0.16583333333333336 0.07816666666666668 0.25483333333333336 0.35400000000000004 0.08266666666666665 0.4695000000000002 0.21166666666666661 0.22983333333333333 0.44050000000000006 0.3299999999999999 0.45933333333333337 0.22516666666666665 0.22700000000000006 0.23466666666666666 0.3481666666666668 0.25366666666666665 0.445 0.04866666666666666 0.5354999999999999 0.1048333333333333 0.4233333333333333 0.2928333333333334 0.4668333333333334 0.5983333333333333 
0.342 0.36933333333333335 0.05633333333333334 0.10666666666666665 0.40349999999999997 0.3783333333333333 0.009666666666666667 0.46616666666666673 0.37116666666666664 0.4780000000000002 0.3648333333333334 0.43449999999999994 0.36583333333333334 0.368 0.3875 1.0 0.5688333333333333 0.4893333333333334 0.3563333333333333 0.3666666666666665 0.27549999999999997 0.3331666666666667 0.07433333333333336 0.117 0.08333333333333334 0.08833333333333336 0.09483333333333333 0.11666666666666664 0.8181666666666665 0.509 0.0415 0.06399999999999999 0.30449999999999994 0.4661666666666665 0.06200000000000001 0.054666666666666676 0.6816666666666664 0.5073333333333334 0.32533333333333325 0.37449999999999994 0.7131666666666665 0.7373333333333335 0.3986666666666666 0.4409999999999999 0.09616666666666669 0.5771666666666667 0.44133333333333324 0.4489999999999999 0.6424999999999997 0.6441666666666664 0.2719999999999999 0.6221666666666669 0.8413333333333335 0.5323333333333334 0.6408333333333333 0.4481666666666667 0.48083333333333345 0.5106666666666668 0.36383333333333345 0.4871666666666667 0.3613333333333334 0.48550000000000004 0.3696666666666667 0.48683333333333345 0.036000000000000004 0.12033333333333329 0.07033333333333334 0.11933333333333337 0.39333333333333337 0.4878333333333334 0.5338333333333333 0.15766666666666668 0.7366666666666668 0.6516666666666667 0.38116666666666665 0.6656666666666667 0.3990000000000001 0.3048333333333334 0.3318333333333333 0.3858333333333332 0.48966666666666664 0.33699999999999997 0.5568333333333333 0.49449999999999983 0.04766666666666668 0.21533333333333332 0.1148333333333333 0.25133333333333335 0.21383333333333338 0.2371666666666666 
0.6286666666666665 0.7794999999999999 0.28466666666666685 0.12766666666666668 0.21733333333333338 0.13033333333333336 0.2626666666666667 0.2910000000000001 0.1928333333333333 0.3076666666666667 0.18350000000000002 0.35566666666666663 0.184 0.2418333333333333 0.2890000000000001 0.5688333333333333 1.0 0.42283333333333334 0.4018333333333333 0.4529999999999999 0.08683333333333333 0.12616666666666668 0.28650000000000014 0.30066666666666686 0.28816666666666674 0.28700000000000014 0.28850000000000015 0.30050000000000004 0.703 0.4296666666666667 0.2880000000000001 0.3398333333333335 0.2665 0.37416666666666665 0.2868333333333335 0.30866666666666676 0.8128333333333333 0.4368333333333332 0.5078333333333334 0.5595 0.8066666666666665 0.766666666666667 0.5434999999999999 0.5066666666666668 0.29900000000000015 0.3086666666666666 0.5136666666666665 0.5101666666666667 0.3128333333333333 0.31066666666666654 0.15749999999999997 0.3313333333333333 0.6611666666666668 0.4165 0.3043333333333333 0.2016666666666667 0.33383333333333326 0.41350000000000003 0.22250000000000003 0.41150000000000003 0.18 0.32516666666666666 0.18866666666666668 0.33633333333333326 0.28416666666666673 0.08533333333333332 0.3516666666666666 0.10516666666666664 0.439 0.4113333333333333 0.3375 0.24183333333333334 0.7828333333333336 0.6485000000000001 0.2811666666666666 0.6930000000000001 0.2386666666666666 0.3271666666666666 0.5049999999999999 0.6701666666666664 0.4238333333333332 0.2695 0.6536666666666667 0.5511666666666666 0.28366666666666673 0.11766666666666664 0.3015000000000001 0.3996666666666666 0.021000000000000005 0.02116666666666667 
0.2850000000000001 0.5443333333333333 0.0 0.10666666666666665 0.3751666666666667 0.5310000000000002 0.21900000000000003 0.7671666666666666 0.6704999999999999 0.7841666666666669 0.6324999999999998 0.7533333333333335 0.6553333333333333 0.6463333333333334 0.34850000000000003 0.4893333333333334 0.42283333333333334 1.0 0.36400000000000005 0.8378333333333334 0.12016666666666664 0.2038333333333334 0.0005 0.0 0.0 0.0 0.0 0.0 0.4341666666666667 0.9708333333333337 0.021000000000000005 0.09866666666666667 0.6943333333333332 0.8996666666666668 0.0 0.0345 0.2845000000000001 0.3995 0.047 0.012000000000000002 0.2953333333333334 0.29716666666666663 0.007333333333333334 0.008166666666666668 0.0 0.13799999999999998 0.007333333333333334 0.009500000000000003 0.23249999999999996 0.22583333333333327 0.7018333333333332 0.32183333333333336 0.616 0.10116666666666665 0.19350000000000006 0.115 0.7998333333333332 0.9496666666666671 0.7645000000000001 0.9738333333333337 0.6516666666666666 0.8039999999999999 0.6605 0.8218333333333334 0.004333333333333333 0.4143333333333333 0.23550000000000001 0.49916666666666665 0.8881666666666667 0.9758333333333337 0.07533333333333335 0.19400000000000003 0.29766666666666663 0.506 0.6441666666666667 0.29266666666666674 0.6875 0.5928333333333332 0.04833333333333333 0.6443333333333334 0.9906666666666669 0.8351666666666668 0.2605 0.05333333333333333 0.0 0.3836666666666666 0.006666666666666666 0.0025 0.4618333333333332 0.3354999999999999 
0.629 0.4428333333333334 0.5408333333333333 0.34550000000000003 0.6071666666666667 0.47533333333333333 0.25299999999999995 0.38799999999999996 0.327 0.38499999999999995 0.35833333333333334 0.4055 0.3243333333333333 0.39416666666666667 0.5958333333333333 0.3563333333333333 0.4018333333333333 0.36400000000000005 1.0 0.45083333333333314 0.41583333333333333 0.3995000000000001 0.5471666666666668 0.5143333333333334 0.5399999999999999 0.5379999999999999 0.5306666666666667 0.5129999999999999 0.36700000000000005 0.3591666666666667 0.44866666666666666 0.35783333333333334 0.3496666666666667 0.37633333333333346 0.5343333333333334 0.5046666666666666 0.43749999999999994 0.15833333333333333 0.36266666666666675 0.21433333333333335 0.4146666666666667 0.41483333333333333 0.20133333333333336 0.1825 0.5228333333333333 0.09966666666666665 0.18 0.17983333333333335 0.095 0.10033333333333333 0.17200000000000007 0.12516666666666665 0.30183333333333334 0.11133333333333334 0.08666666666666666 0.2243333333333333 0.37833333333333335 0.3541666666666666 0.31299999999999994 0.3631666666666667 0.3196666666666666 0.3758333333333333 0.32683333333333336 0.37266666666666665 0.4701666666666667 0.24183333333333326 0.262 0.23016666666666663 0.42583333333333334 0.36333333333333334 0.08916666666666664 0.4196666666666665 0.40700000000000003 0.3508333333333332 0.46583333333333343 0.5261666666666664 0.40016666666666667 0.3016666666666667 0.3186666666666667 0.3896666666666666 0.3643333333333334 0.21533333333333335 0.5685 0.19066666666666665 0.5365000000000001 0.13133333333333336 0.5326666666666666 0.37816666666666676 0.2685 0.43633333333333335 
0.3306666666666667 0.5958333333333335 0.04783333333333334 0.19049999999999995 0.2656666666666667 0.37866666666666676 0.25883333333333325 0.6100000000000001 0.5134999999999998 0.6271666666666668 0.4811666666666666 0.6639999999999999 0.4981666666666667 0.5395 0.24049999999999996 0.3666666666666665 0.4529999999999999 0.8378333333333334 0.45083333333333314 1.0 0.09516666666666668 0.06766666666666665 0.04800000000000001 0.04783333333333334 0.04783333333333334 0.04750000000000001 0.04816666666666667 0.04833333333333334 0.41583333333333344 0.8258333333333334 0.069 0.1436666666666667 0.7065 0.7789999999999999 0.04766666666666668 0.08250000000000002 0.33666666666666667 0.32016666666666665 0.09466666666666665 0.06000000000000001 0.34516666666666657 0.36216666666666675 0.04799999999999999 0.04749999999999998 0.04800000000000001 0.08183333333333331 0.046499999999999986 0.046833333333333324 0.09016666666666666 0.08316666666666665 0.5536666666666668 0.17850000000000005 0.47533333333333344 0.0285 0.055999999999999994 0.05266666666666667 0.6496666666666667 0.8078333333333333 0.6096666666666668 0.8195 0.4944999999999999 0.6471666666666668 0.5031666666666667 0.6646666666666667 0.05100000000000002 0.3733333333333335 0.28650000000000003 0.5670000000000001 0.9141666666666667 0.8223333333333335 0.07383333333333333 0.14616666666666667 0.3493333333333333 0.623 0.6221666666666666 0.3445 0.5521666666666667 0.5931666666666667 0.09600000000000003 0.6933333333333332 0.837166666666667 0.6806666666666666 0.32 0.10383333333333339 0.04783333333333334 0.408 0.05483333333333333 0.05050000000000001 0.30649999999999994 0.18616666666666667 
0.27299999999999996 0.12133333333333331 0.6148333333333335 0.5753333333333334 0.6566666666666666 0.49616666666666653 0.22416666666666657 0.11649999999999999 0.11666666666666665 0.11649999999999999 0.13833333333333336 0.07383333333333333 0.117 0.09483333333333334 0.4863333333333333 0.27549999999999997 0.08683333333333333 0.12016666666666664 0.41583333333333333 0.09516666666666668 1.0 0.8290000000000001 0.6341666666666669 0.7296666666666667 0.7165 0.7206666666666668 0.7281666666666666 0.7378333333333335 0.17300000000000004 0.13016666666666665 0.5273333333333334 0.4808333333333333 0.14683333333333334 0.09733333333333333 0.6886666666666666 0.6893333333333335 0.13549999999999998 0.3366666666666667 0.5043333333333332 0.4035 0.143 0.15533333333333335 0.4328333333333333 0.439 0.7134999999999999 0.5951666666666666 0.43266666666666675 0.43416666666666687 0.5309999999999999 0.5365 0.3726666666666668 0.4663333333333332 0.19383333333333336 0.5436666666666666 0.5456666666666665 0.7333333333333334 0.11083333333333334 0.1303333333333333 0.11583333333333334 0.11883333333333333 0.11733333333333333 0.11599999999999999 0.11683333333333333 0.11599999999999999 0.5324999999999999 0.256 0.3771666666666667 0.38050000000000017 0.04983333333333331 0.11883333333333333 0.5461666666666667 0.6148333333333333 0.14033333333333337 0.19416666666666668 0.09316666666666672 0.24433333333333337 0.14383333333333334 0.2065 0.49216666666666675 0.07133333333333333 0.11966666666666667 0.25616666666666676 0.33566666666666656 0.3838333333333333 0.612 0.48033333333333333 0.7246666666666667 0.6018333333333333 0.35199999999999987 0.5553333333333333 
0.26999999999999996 0.12883333333333336 0.6019999999999999 0.498 0.704166666666667 0.5906666666666667 0.23833333333333337 0.20566666666666675 0.20566666666666678 0.20550000000000007 0.22933333333333336 0.163 0.20716666666666672 0.18499999999999997 0.5216666666666666 0.3331666666666667 0.12616666666666668 0.2038333333333334 0.3995000000000001 0.06766666666666665 0.8290000000000001 1.0 0.6216666666666666 0.7218333333333333 0.7055000000000001 0.7093333333333333 0.7171666666666665 0.7268333333333333 0.19400000000000006 0.20083333333333336 0.5149999999999999 0.46583333333333343 0.2238333333333333 0.18516666666666665 0.6750000000000002 0.6715000000000001 0.18450000000000003 0.43650000000000005 0.5133333333333335 0.4453333333333333 0.14899999999999994 0.15233333333333335 0.4528333333333333 0.42899999999999994 0.7045 0.5488333333333333 0.42899999999999994 0.42449999999999993 0.5986666666666666 0.6036666666666666 0.44216666666666654 0.5535 0.26199999999999996 0.5253333333333332 0.5959999999999999 0.6451666666666666 0.19966666666666671 0.20083333333333336 0.20483333333333342 0.20400000000000007 0.20716666666666672 0.20433333333333337 0.20600000000000004 0.20416666666666675 0.5204999999999999 0.3306666666666667 0.39733333333333326 0.3901666666666667 0.11816666666666663 0.2035000000000001 0.48816666666666675 0.6050000000000002 0.14266666666666666 0.11700000000000005 0.14349999999999996 0.2556666666666667 0.23483333333333337 0.19349999999999995 0.509 0.051166666666666666 0.2038333333333334 0.3421666666666666 0.32349999999999995 0.3808333333333333 0.5988333333333334 0.41016666666666673 0.7153333333333333 0.5931666666666666 0.4316666666666665 0.6180000000000002 
0.5521666666666669 0.3511666666666666 0.9623333333333336 0.6004999999999999 0.4758333333333333 0.30683333333333324 0.5578333333333333 0.035 0.094 0.02066666666666667 0.12883333333333336 0.053499999999999985 0.09816666666666668 0.1301666666666667 0.5171666666666668 0.07433333333333336 0.28650000000000014 0.0005 0.5471666666666668 0.04800000000000001 0.6341666666666669 0.6216666666666666 1.0 0.8824999999999998 0.8993333333333331 0.8994999999999999 0.8964999999999997 0.8789999999999997 0.10950000000000003 0.0005 0.8381666666666666 0.7016666666666664 0.10433333333333333 0.010833333333333335 0.9085 0.8658333333333336 0.31583333333333335 0.24799999999999994 0.672 0.5481666666666667 0.2900000000000001 0.24933333333333332 0.5423333333333333 0.4943333333333335 0.8844999999999998 0.2813333333333334 0.4940000000000001 0.4861666666666668 0.26166666666666666 0.27099999999999996 0.16433333333333333 0.2396666666666667 0.016000000000000004 0.4036666666666666 0.2681666666666667 0.45166666666666655 0.010333333333333337 0.0026666666666666666 0.095 0.0015000000000000002 0.09816666666666668 0.009666666666666667 0.09600000000000003 0.006333333333333335 0.8766666666666668 0.36433333333333345 0.5811666666666665 0.2935 0.04083333333333333 0.0011666666666666668 0.29583333333333334 0.7208333333333333 0.25766666666666677 0.03933333333333334 0.11666666666666664 0.3821666666666667 0.09850000000000002 0.17050000000000004 0.6575000000000002 0.24566666666666662 0.0005 0.10466666666666664 0.46983333333333344 0.473 0.9438333333333333 0.2734999999999999 0.8853333333333332 0.7446666666666667 0.3403333333333334 0.5521666666666665 
0.5113333333333334 0.3513333333333333 0.8631666666666667 0.5703333333333334 0.579 0.37800000000000006 0.4653333333333334 0.0021666666666666666 0.004166666666666667 0.0016666666666666668 0.03100000000000001 0.047 0.004333333333333333 0.04416666666666667 0.4150000000000001 0.117 0.30066666666666686 0.0 0.5143333333333334 0.04783333333333334 0.7296666666666667 0.7218333333333333 0.8824999999999998 1.0 0.9601666666666668 0.9641666666666668 0.9686666666666669 0.9795000000000006 0.1371666666666667 0.0011666666666666668 0.7713333333333336 0.725 0.13066666666666665 0.005833333333333334 0.9318333333333334 0.9241666666666661 0.3591666666666667 0.2983333333333334 0.7568333333333331 0.6501666666666667 0.3321666666666666 0.2915 0.6518333333333334 0.6075 0.955 0.3951666666666669 0.6033333333333332 0.5966666666666666 0.37533333333333346 0.38483333333333325 0.2401666666666667 0.3358333333333334 0.034666666666666665 0.5173333333333333 0.3820000000000001 0.5635 0.003333333333333333 0.0003333333333333333 0.0021666666666666666 0.0 0.004833333333333333 0.001 0.004 0.0003333333333333333 0.776833333333333 0.31116666666666665 0.6218333333333332 0.36150000000000015 0.04066666666666666 0.0 0.40983333333333344 0.682333333333333 0.29883333333333334 0.05633333333333334 0.0513333333333333 0.4195 0.05899999999999998 0.21183333333333335 0.7405000000000002 0.24499999999999997 0.0 0.137 0.5335 0.5568333333333334 0.8583333333333333 0.327 0.9735 0.8576666666666667 0.23483333333333328 0.44616666666666677 
