1.0 0.9818333333333333 0.24066666666666664 0.9528333333333334 0.009666666666666667 0.0735 0.25966666666666666 0.20216666666666672 0.2368333333333334 0.07949999999999999 0.4014999999999999 0.9681666666666666 0.14733333333333337 0.46733333333333327 0.16216666666666668 0.12233333333333335 0.9643333333333338 0.9813333333333333 0.983166666666667 0.9808333333333333 0.01 0.0075 0.013333333333333332 0.009333333333333334 0.008833333333333334 0.008833333333333334 0.008833333333333334 0.009833333333333335 0.9730000000000003 0.9788333333333334 0.13250000000000003 0.1678333333333333 0.9793333333333335 0.8041666666666667 0.009000000000000001 0.02116666666666667 0.21433333333333338 0.4518333333333334 0.008833333333333334 0.008833333333333334 0.011833333333333331 0.02816666666666667 0.5241666666666666 0.5253333333333332 0.5181666666666667 0.5348333333333334 0.5276666666666666 0.5278333333333333 0.5213333333333334 0.5126666666666668 0.07633333333333332 0.10333333333333337 0.5411666666666666 0.4051666666666667 0.08100000000000002 0.07533333333333334 0.9813333333333333 0.9781666666666666 0.5175000000000001 0.5138333333333335 0.4756666666666667 0.11066666666666666 0.5235 0.6034999999999999 0.008833333333333334 0.009833333333333335 0.4528333333333333 0.4284999999999999 0.9618333333333335 0.9339999999999999 0.43433333333333335 0.19566666666666666 0.9603333333333337 0.9816666666666667 0.9725000000000005 0.9700000000000003 0.9605000000000004 0.8133333333333335 0.6251666666666664 0.9804999999999999 0.9561666666666667 0.981 0.09416666666666668 0.25983333333333336 0.5516666666666669 0.008833333333333334 0.009500000000000001 0.008833333333333334 0.31499999999999995 0.1335 
0.9818333333333333 1.0 0.2325 0.965666666666667 0.001 0.07983333333333334 0.24933333333333324 0.19400000000000006 0.226 0.0705 0.3903333333333333 0.9810000000000001 0.13633333333333333 0.45833333333333337 0.1525 0.11349999999999999 0.9758333333333341 0.9928333333333336 0.9916666666666668 0.9940000000000002 0.0013333333333333333 0.011000000000000001 0.005 0.0005 0.0 0.0 0.0 0.0008333333333333334 0.9851666666666671 0.9913333333333335 0.12266666666666666 0.15883333333333335 0.990166666666667 0.8170000000000001 0.0 0.012500000000000004 0.20766666666666672 0.4426666666666668 0.0 0.0 0.0008333333333333333 0.019166666666666665 0.5288333333333334 0.5298333333333333 0.523 0.5404999999999999 0.5316666666666666 0.5321666666666668 0.5261666666666666 0.5185 0.08066666666666668 0.10866666666666668 0.5464999999999999 0.4106666666666667 0.08533333333333334 0.08033333333333333 0.9928333333333336 0.9910000000000003 0.5303333333333334 0.5265000000000001 0.4646666666666667 0.102 0.5153333333333333 0.6161666666666665 0.0 0.0006666666666666666 0.466 0.44133333333333336 0.974666666666667 0.9468333333333334 0.4263333333333334 0.18716666666666665 0.9705000000000004 0.9945000000000003 0.9793333333333335 0.9808333333333337 0.9733333333333337 0.8053333333333335 0.6358333333333331 0.9940000000000002 0.9690000000000002 0.9925000000000003 0.08466666666666665 0.2713333333333334 0.5433333333333336 0.0 0.0011666666666666668 0.0 0.3041666666666666 0.12499999999999999 
0.24066666666666664 0.2325 1.0 0.2456666666666666 0.731 0.524 0.8909999999999998 0.7470000000000002 0.4678333333333334 0.5886666666666666 0.3990000000000002 0.2291666666666667 0.6458333333333331 0.45100000000000007 0.5516666666666669 0.5461666666666668 0.21750000000000003 0.23383333333333334 0.2325 0.23316666666666666 0.6839999999999999 0.6183333333333334 0.7395000000000002 0.7160000000000002 0.6939999999999996 0.6884999999999998 0.6884999999999998 0.685 0.22716666666666668 0.23366666666666663 0.5553333333333333 0.5045000000000001 0.23349999999999993 0.37133333333333324 0.6926666666666667 0.6824999999999999 0.28516666666666673 0.23650000000000002 0.7171666666666664 0.7161666666666666 0.704 0.6118333333333333 0.014166666666666671 0.012333333333333333 0.005833333333333334 0.008500000000000002 0.014333333333333339 0.012833333333333334 0.005666666666666666 0.01266666666666667 0.2748333333333334 0.24950000000000003 0.012000000000000002 0.08299999999999999 0.32599999999999996 0.38050000000000006 0.23316666666666663 0.2348333333333333 0.4771666666666667 0.4716666666666666 0.5459999999999999 0.6639999999999998 0.5103333333333333 0.46166666666666667 0.7176666666666666 0.6908333333333332 0.5058333333333332 0.5029999999999998 0.2333333333333333 0.24350000000000008 0.26016666666666677 0.5460000000000002 0.209 0.2323333333333333 0.22216666666666665 0.22099999999999997 0.23316666666666663 0.3621666666666667 0.05016666666666666 0.23316666666666666 0.23116666666666663 0.23316666666666663 0.6224999999999999 0.4099999999999999 0.6791666666666666 0.6871666666666664 0.6739999999999999 0.712333333333333 0.6793333333333332 0.8220000000000002 
0.9528333333333334 0.965666666666667 0.2456666666666666 1.0 0.012666666666666666 0.09050000000000001 0.2623333333333333 0.20750000000000005 0.198 0.05549999999999998 0.3711666666666666 0.9526666666666666 0.12133333333333335 0.4285000000000001 0.12400000000000003 0.08583333333333337 0.9438333333333334 0.9656666666666669 0.9655000000000002 0.9680000000000003 0.0125 0.021666666666666664 0.0165 0.011500000000000002 0.011166666666666667 0.010833333333333332 0.010666666666666666 0.0115 0.9531666666666667 0.9626666666666669 0.09449999999999999 0.12983333333333333 0.9683333333333334 0.8263333333333333 0.011 0.0235 0.21950000000000003 0.45183333333333336 0.011166666666666667 0.011 0.012 0.030500000000000017 0.4993333333333335 0.49983333333333335 0.4926666666666666 0.5108333333333335 0.5021666666666667 0.5021666666666669 0.4966666666666667 0.48833333333333334 0.09199999999999997 0.11916666666666668 0.5161666666666668 0.3936666666666666 0.09566666666666665 0.09099999999999998 0.9656666666666668 0.9701666666666671 0.5433333333333334 0.5395 0.477 0.11433333333333334 0.5244999999999999 0.627 0.010666666666666666 0.011666666666666667 0.47883333333333333 0.4526666666666665 0.9798333333333334 0.968166666666667 0.40783333333333355 0.16 0.9428333333333333 0.9661666666666668 0.9520000000000002 0.954 0.9788333333333337 0.8210000000000001 0.6066666666666667 0.9661666666666667 0.9374999999999999 0.9631666666666666 0.06500000000000002 0.2533333333333334 0.5185 0.010833333333333332 0.013000000000000001 0.011 0.31699999999999995 0.1373333333333334 
0.009666666666666667 0.001 0.731 0.012666666666666666 1.0 0.768 0.6386666666666667 0.6050000000000001 0.6919999999999998 0.8271666666666665 0.4611666666666665 0.002833333333333333 0.7583333333333335 0.5178333333333335 0.7730000000000001 0.7828333333333333 0.001 0.0008333333333333333 0.0013333333333333333 0.001 0.9338333333333333 0.8661666666666664 0.9576666666666671 0.9523333333333333 0.9408333333333334 0.9329999999999997 0.9348333333333331 0.9334999999999997 0.0008333333333333333 0.001 0.7853333333333334 0.7430000000000002 0.0008333333333333333 0.15183333333333332 0.9366666666666663 0.9231666666666662 0.5196666666666667 0.42433333333333345 0.9370000000000003 0.9376666666666666 0.9378333333333334 0.8348333333333332 0.07166666666666666 0.07366666666666666 0.07749999999999999 0.07583333333333331 0.07166666666666666 0.07149999999999998 0.07433333333333332 0.08349999999999998 0.37200000000000016 0.34366666666666673 0.07333333333333332 0.32199999999999995 0.4426666666666667 0.5893333333333335 0.0008333333333333333 0.0013333333333333333 0.2521666666666666 0.2503333333333333 0.30450000000000005 0.6675000000000001 0.262 0.2333333333333333 0.9471666666666669 0.9286666666666664 0.2766666666666667 0.2771666666666667 0.002 0.009666666666666667 0.4661666666666667 0.7463333333333335 0.0008333333333333333 0.0008333333333333333 0.0016666666666666666 0.0008333333333333333 0.004333333333333333 0.15 0.1425 0.001 0.0003333333333333333 0.0008333333333333333 0.842333333333333 0.6371666666666667 0.44499999999999995 0.9326666666666664 0.8815000000000004 0.9518333333333334 0.44999999999999996 0.7845000000000002 
0.0735 0.07983333333333334 0.524 0.09050000000000001 0.768 1.0 0.44733333333333325 0.4184999999999999 0.5231666666666667 0.7073333333333331 0.3453333333333333 0.0815 0.5611666666666667 0.3586666666666667 0.58 0.6616666666666667 0.08316666666666668 0.08016666666666666 0.07983333333333331 0.08033333333333333 0.8168333333333332 0.8653333333333335 0.747 0.7886666666666664 0.8106666666666668 0.819 0.8148333333333335 0.8195000000000001 0.0825 0.07999999999999999 0.6319999999999999 0.6288333333333331 0.07983333333333331 0.2321666666666667 0.8105000000000002 0.7798333333333334 0.5966666666666666 0.26866666666666666 0.7448333333333333 0.7465 0.7533333333333334 0.6874999999999999 0.25483333333333336 0.256 0.2646666666666666 0.27166666666666667 0.25549999999999995 0.2566666666666666 0.26833333333333337 0.27949999999999997 0.5311666666666667 0.5153333333333332 0.26849999999999996 0.49983333333333335 0.5900000000000001 0.7371666666666669 0.08016666666666666 0.07999999999999999 0.301 0.3093333333333333 0.271 0.4884999999999999 0.2616666666666667 0.29083333333333333 0.7838333333333337 0.7885000000000001 0.31700000000000006 0.32716666666666677 0.08133333333333333 0.09116666666666669 0.32166666666666666 0.5493333333333333 0.07999999999999999 0.07999999999999999 0.07783333333333331 0.07966666666666666 0.08183333333333334 0.052333333333333336 0.2719999999999999 0.08016666666666666 0.09566666666666666 0.08066666666666666 0.6391666666666665 0.6941666666666667 0.2861666666666666 0.8113333333333336 0.6763333333333332 0.7658333333333331 0.25999999999999995 0.601 
0.25966666666666666 0.24933333333333324 0.8909999999999998 0.2623333333333333 0.6386666666666667 0.44733333333333325 1.0 0.823833333333333 0.433 0.5068333333333332 0.4123333333333333 0.24699999999999997 0.579 0.4408333333333332 0.46800000000000014 0.46233333333333354 0.234 0.2508333333333333 0.25049999999999994 0.24983333333333327 0.6013333333333335 0.5359999999999999 0.6518333333333334 0.6291666666666668 0.6085 0.6046666666666667 0.6054999999999999 0.6016666666666667 0.24416666666666664 0.2503333333333333 0.4743333333333334 0.42266666666666675 0.2503333333333333 0.38600000000000007 0.6073333333333334 0.6106666666666665 0.2601666666666666 0.22400000000000003 0.6254999999999997 0.6229999999999999 0.6161666666666666 0.5303333333333333 0.018833333333333334 0.016833333333333332 0.008833333333333335 0.012 0.019000000000000003 0.017166666666666667 0.008833333333333334 0.014666666666666666 0.32116666666666666 0.30216666666666664 0.017 0.06516666666666665 0.3220000000000001 0.3058333333333333 0.24999999999999997 0.2513333333333333 0.5528333333333335 0.5471666666666668 0.6351666666666667 0.7238333333333332 0.6063333333333333 0.5421666666666668 0.6333333333333333 0.6203333333333333 0.5911666666666665 0.59 0.25016666666666665 0.2615 0.24249999999999997 0.45699999999999996 0.22566666666666663 0.24899999999999994 0.24133333333333323 0.2378333333333333 0.24999999999999997 0.3746666666666668 0.045333333333333344 0.24966666666666662 0.2473333333333333 0.24983333333333327 0.5363333333333333 0.32699999999999996 0.633 0.6026666666666666 0.6626666666666668 0.618 0.7603333333333332 0.7496666666666668 
0.20216666666666672 0.19400000000000006 0.7470000000000002 0.20750000000000005 0.6050000000000001 0.4184999999999999 0.823833333333333 1.0 0.4056666666666666 0.47449999999999987 0.40850000000000003 0.2058333333333334 0.5298333333333334 0.474 0.41800000000000004 0.42749999999999994 0.18016666666666667 0.19566666666666674 0.1943333333333334 0.19466666666666677 0.5774999999999999 0.5088333333333331 0.6060000000000003 0.6003333333333333 0.5844999999999999 0.5806666666666669 0.5815 0.5773333333333334 0.18933333333333338 0.1955000000000001 0.4288333333333334 0.38966666666666655 0.1953333333333334 0.333 0.5838333333333331 0.6133333333333333 0.30383333333333334 0.28366666666666673 0.6020000000000002 0.5996666666666666 0.5833333333333333 0.5298333333333333 0.007833333333333333 0.006666666666666666 0.006166666666666667 0.006166666666666666 0.007166666666666667 0.0075 0.0051666666666666675 0.012666666666666666 0.39233333333333326 0.39033333333333337 0.007666666666666667 0.09266666666666666 0.34166666666666673 0.30033333333333345 0.1948333333333334 0.1965000000000001 0.5711666666666667 0.5659999999999998 0.6568333333333334 0.8660000000000002 0.5885 0.5331666666666667 0.5961666666666666 0.614 0.6178333333333333 0.619 0.1953333333333334 0.21150000000000005 0.2861666666666666 0.41466666666666674 0.17550000000000004 0.1938333333333334 0.18550000000000005 0.18433333333333335 0.19533333333333336 0.33716666666666667 0.03850000000000001 0.19466666666666677 0.1905 0.19466666666666677 0.4855 0.29650000000000004 0.5188333333333333 0.5803333333333334 0.6686666666666667 0.594 0.7891666666666666 0.7556666666666668 
0.2368333333333334 0.226 0.4678333333333334 0.198 0.6919999999999998 0.5231666666666667 0.433 0.4056666666666666 1.0 0.7745000000000002 0.6043333333333333 0.229 0.7588333333333334 0.7269999999999998 0.8751666666666666 0.8240000000000001 0.23050000000000004 0.2255000000000001 0.22616666666666674 0.2243333333333334 0.6768333333333334 0.6140000000000001 0.7001666666666665 0.6976666666666665 0.6804999999999999 0.6813333333333336 0.6825000000000001 0.6773333333333332 0.23133333333333334 0.22716666666666668 0.8540000000000001 0.8458333333333333 0.22333333333333336 0.12333333333333338 0.6789999999999999 0.6630000000000001 0.34466666666666657 0.6033333333333334 0.6433333333333335 0.6445000000000001 0.6615000000000002 0.5586666666666666 0.31433333333333324 0.3166666666666667 0.32283333333333336 0.31816666666666654 0.3148333333333333 0.3146666666666666 0.3196666666666666 0.3285 0.17800000000000002 0.16216666666666665 0.31666666666666665 0.5036666666666667 0.2034999999999999 0.32416666666666666 0.22566666666666674 0.22250000000000003 0.044833333333333336 0.04333333333333333 0.12566666666666665 0.4574999999999999 0.1265 0.05683333333333329 0.7109999999999999 0.6758333333333334 0.0745 0.07949999999999999 0.20616666666666672 0.18833333333333335 0.6716666666666667 0.8386666666666666 0.22516666666666665 0.22533333333333336 0.22666666666666674 0.22500000000000006 0.2070000000000001 0.32716666666666677 0.36383333333333334 0.225 0.23316666666666666 0.22683333333333341 0.8066666666666665 0.5603333333333336 0.5311666666666666 0.6788333333333333 0.6093333333333332 0.6648333333333334 0.24650000000000002 0.49866666666666676 
0.07949999999999999 0.0705 0.5886666666666666 0.05549999999999998 0.8271666666666665 0.7073333333333331 0.5068333333333332 0.47449999999999987 0.7745000000000002 1.0 0.5076666666666666 0.0735 0.8006666666666667 0.5953333333333333 0.8436666666666663 0.9366666666666668 0.07566666666666669 0.07083333333333332 0.07033333333333332 0.06899999999999999 0.86 0.7950000000000002 0.8266666666666665 0.8503333333333332 0.861 0.8683333333333332 0.8675000000000002 0.8603333333333332 0.07633333333333332 0.072 0.8905000000000001 0.8871666666666667 0.06833333333333333 0.06333333333333332 0.8613333333333333 0.8289999999999997 0.3876666666666668 0.46583333333333327 0.7985000000000001 0.8013333333333335 0.8148333333333333 0.7025000000000001 0.1998333333333334 0.20316666666666666 0.20716666666666672 0.20600000000000004 0.20016666666666666 0.2006666666666667 0.20916666666666667 0.22150000000000003 0.2791666666666667 0.26150000000000007 0.20450000000000002 0.47316666666666657 0.3435 0.4976666666666667 0.07083333333333333 0.06749999999999999 0.10683333333333332 0.10650000000000003 0.17183333333333337 0.5396666666666667 0.1593333333333333 0.10600000000000001 0.8578333333333334 0.8358333333333334 0.139 0.14883333333333332 0.054333333333333324 0.05383333333333333 0.5188333333333335 0.8074999999999997 0.06999999999999999 0.07016666666666665 0.07016666666666665 0.06949999999999999 0.05616666666666666 0.1954999999999999 0.28266666666666657 0.07033333333333332 0.095 0.0715 0.8906666666666666 0.6898333333333333 0.5198333333333333 0.8649999999999999 0.7318333333333333 0.8236666666666665 0.30449999999999994 0.6513333333333331 
0.4014999999999999 0.3903333333333333 0.3990000000000002 0.3711666666666666 0.4611666666666665 0.3453333333333333 0.4123333333333333 0.40850000000000003 0.6043333333333333 0.5076666666666666 1.0 0.4015000000000001 0.6780000000000002 0.5113333333333332 0.5898333333333333 0.5319999999999999 0.39099999999999996 0.3906666666666666 0.39099999999999996 0.3888333333333333 0.4226666666666665 0.36216666666666675 0.48350000000000004 0.4506666666666668 0.42733333333333334 0.4259999999999999 0.42683333333333323 0.4215 0.3920000000000001 0.3918333333333333 0.5691666666666667 0.521 0.3888333333333333 0.33649999999999997 0.42633333333333334 0.4146666666666667 0.3293333333333334 0.40033333333333343 0.4268333333333333 0.4261666666666666 0.4401666666666666 0.412 0.24650000000000005 0.24966666666666673 0.2498333333333333 0.25266666666666665 0.2481666666666668 0.25183333333333335 0.2521666666666668 0.2661666666666667 0.2341666666666666 0.24566666666666667 0.25366666666666654 0.41216666666666685 0.22499999999999998 0.3046666666666666 0.39049999999999996 0.38799999999999996 0.36666666666666664 0.35949999999999993 0.4666666666666666 0.4293333333333333 0.4629999999999999 0.3776666666666666 0.46216666666666684 0.4298333333333335 0.3 0.2783333333333334 0.3703333333333334 0.3526666666666666 0.4279999999999999 0.5643333333333332 0.38733333333333325 0.3908333333333333 0.3901666666666666 0.38699999999999996 0.36983333333333335 0.41416666666666657 0.3786666666666668 0.3906666666666666 0.3921666666666668 0.3906666666666666 0.5838333333333332 0.4811666666666667 0.38850000000000007 0.42699999999999994 0.41766666666666663 0.43916666666666665 0.40950000000000003 0.42383333333333334 
0.9681666666666666 0.9810000000000001 0.2291666666666667 0.9526666666666666 0.002833333333333333 0.0815 0.24699999999999997 0.2058333333333334 0.229 0.0735 0.4015000000000001 1.0 0.14766666666666667 0.4664999999999999 0.15566666666666668 0.11733333333333337 0.9636666666666668 0.9801666666666671 0.9776666666666669 0.9803333333333337 0.0033333333333333335 0.013333333333333332 0.0068333333333333345 0.0025 0.002 0.0021666666666666666 0.002 0.0031666666666666666 0.973666666666667 0.9823333333333335 0.12616666666666665 0.16299999999999998 0.9795000000000003 0.8061666666666667 0.0023333333333333335 0.014166666666666671 0.20916666666666667 0.44316666666666676 0.002 0.002 0.002833333333333333 0.020999999999999998 0.5193333333333332 0.5209999999999999 0.5181666666666667 0.5354999999999998 0.5225000000000001 0.5228333333333333 0.5211666666666666 0.5131666666666667 0.0845 0.11283333333333333 0.5384999999999998 0.4133333333333333 0.07900000000000001 0.08066666666666666 0.9811666666666669 0.9793333333333338 0.5256666666666668 0.522 0.47416666666666674 0.11449999999999998 0.5141666666666665 0.6183333333333334 0.0021666666666666666 0.0045000000000000005 0.45616666666666666 0.43150000000000005 0.9603333333333335 0.9335000000000003 0.42700000000000005 0.18916666666666665 0.9569999999999999 0.9805000000000003 0.9655 0.9683333333333338 0.9590000000000002 0.7936666666666667 0.6303333333333331 0.9786666666666668 0.9573333333333336 0.9811666666666669 0.08766666666666664 0.27300000000000013 0.5325000000000001 0.0021666666666666666 0.0026666666666666666 0.002 0.31316666666666654 0.13733333333333334 
0.14733333333333337 0.13633333333333333 0.6458333333333331 0.12133333333333335 0.7583333333333335 0.5611666666666667 0.579 0.5298333333333334 0.7588333333333334 0.8006666666666667 0.6780000000000002 0.14766666666666667 1.0 0.6298333333333332 0.8486666666666665 0.7981666666666669 0.13733333333333334 0.13716666666666671 0.13633333333333336 0.13483333333333333 0.7181666666666667 0.6538333333333332 0.7823333333333332 0.7466666666666666 0.7233333333333333 0.7206666666666665 0.7218333333333332 0.7164999999999999 0.1388333333333333 0.13749999999999998 0.8329999999999999 0.7725 0.13416666666666666 0.12150000000000005 0.7226666666666666 0.7041666666666668 0.3029999999999999 0.42883333333333323 0.7194999999999999 0.7193333333333334 0.7354999999999998 0.6159999999999998 0.13316666666666666 0.13383333333333336 0.13449999999999998 0.13316666666666663 0.13249999999999998 0.13299999999999998 0.13416666666666668 0.1465 0.20133333333333336 0.17816666666666672 0.13483333333333333 0.32966666666666666 0.25733333333333325 0.38049999999999995 0.13583333333333333 0.1345 0.15733333333333333 0.15333333333333335 0.25 0.5684999999999999 0.2413333333333333 0.1531666666666667 0.7583333333333333 0.7166666666666665 0.1805 0.18216666666666673 0.11933333333333333 0.11583333333333334 0.48683333333333323 0.8061666666666667 0.13266666666666665 0.13583333333333333 0.13566666666666669 0.134 0.11733333333333335 0.24266666666666667 0.198 0.1365 0.13916666666666666 0.137 0.8765000000000001 0.6068333333333331 0.5766666666666665 0.7228333333333333 0.6678333333333335 0.7343333333333335 0.3723333333333333 0.6835000000000002 
0.46733333333333327 0.45833333333333337 0.45100000000000007 0.4285000000000001 0.5178333333333335 0.3586666666666667 0.4408333333333332 0.474 0.7269999999999998 0.5953333333333333 0.5113333333333332 0.4664999999999999 0.6298333333333332 1.0 0.6761666666666665 0.6391666666666669 0.4561666666666666 0.4586666666666666 0.45666666666666667 0.4561666666666666 0.5156666666666666 0.4488333333333334 0.5241666666666667 0.5198333333333334 0.5181666666666667 0.5188333333333334 0.52 0.5140000000000001 0.45666666666666667 0.4591666666666667 0.6455 0.6831666666666669 0.4556666666666665 0.2848333333333334 0.5188333333333333 0.5301666666666667 0.19533333333333336 0.6936666666666667 0.4996666666666667 0.5010000000000001 0.5055000000000001 0.4276666666666666 0.3408333333333332 0.3428333333333333 0.3443333333333332 0.34199999999999997 0.34066666666666656 0.34083333333333327 0.33533333333333337 0.32016666666666665 0.06383333333333333 0.05466666666666666 0.34049999999999997 0.3575000000000001 0.07533333333333332 0.1728333333333334 0.45833333333333326 0.45416666666666655 0.08266666666666665 0.0808333333333333 0.15816666666666665 0.4468333333333333 0.13833333333333336 0.10949999999999999 0.5211666666666667 0.5201666666666668 0.13116666666666668 0.1366666666666667 0.43699999999999994 0.4196666666666665 0.726 0.7031666666666669 0.45633333333333326 0.45783333333333326 0.45599999999999996 0.4569999999999999 0.4375 0.5603333333333333 0.29733333333333334 0.45716666666666667 0.43750000000000006 0.45833333333333326 0.6048333333333332 0.398 0.7486666666666667 0.5198333333333334 0.49433333333333346 0.5146666666666666 0.28783333333333333 0.48900000000000005 
0.16216666666666668 0.1525 0.5516666666666669 0.12400000000000003 0.7730000000000001 0.58 0.46800000000000014 0.41800000000000004 0.8751666666666666 0.8436666666666663 0.5898333333333333 0.15566666666666668 0.8486666666666665 0.6761666666666665 1.0 0.8931666666666664 0.15633333333333332 0.15183333333333335 0.1525 0.1505 0.7418333333333336 0.676 0.7961666666666669 0.7646666666666664 0.7463333333333335 0.7443333333333335 0.7451666666666668 0.7390000000000001 0.15750000000000003 0.1536666666666667 0.9279999999999998 0.9048333333333335 0.14966666666666664 0.045999999999999985 0.7455000000000002 0.7255000000000001 0.31066666666666676 0.5428333333333332 0.7310000000000001 0.7328333333333336 0.7473333333333337 0.6299999999999999 0.21283333333333324 0.21466666666666662 0.22016666666666662 0.2161666666666666 0.21266666666666667 0.21266666666666667 0.21683333333333327 0.22666666666666666 0.16716666666666669 0.14516666666666664 0.2146666666666666 0.4231666666666667 0.23616666666666672 0.38916666666666655 0.15183333333333335 0.14883333333333335 0.04933333333333333 0.04799999999999999 0.1283333333333333 0.47099999999999986 0.12599999999999997 0.04316666666666667 0.7754999999999996 0.7286666666666669 0.07516666666666667 0.07983333333333334 0.13366666666666668 0.12083333333333333 0.6146666666666666 0.9314999999999998 0.15133333333333335 0.15166666666666667 0.152 0.1515 0.1333333333333333 0.2625 0.2761666666666665 0.15133333333333332 0.15683333333333338 0.15316666666666667 0.9065000000000001 0.6385000000000002 0.6004999999999998 0.7458333333333335 0.6726666666666666 0.7516666666666667 0.25383333333333336 0.5845 
0.12233333333333335 0.11349999999999999 0.5461666666666668 0.08583333333333337 0.7828333333333333 0.6616666666666667 0.46233333333333354 0.42749999999999994 0.8240000000000001 0.9366666666666668 0.5319999999999999 0.11733333333333337 0.7981666666666669 0.6391666666666669 0.8931666666666664 1.0 0.1198333333333333 0.11333333333333334 0.11266666666666665 0.1115 0.8144999999999999 0.7519999999999999 0.7848333333333335 0.8071666666666667 0.816 0.8231666666666666 0.8218333333333332 0.8151666666666667 0.12050000000000002 0.11566666666666667 0.9356666666666668 0.9393333333333338 0.11100000000000002 0.04533333333333332 0.8161666666666669 0.7808333333333333 0.3403333333333333 0.5015 0.7513333333333333 0.7545000000000001 0.7701666666666666 0.6538333333333333 0.2451666666666667 0.24733333333333327 0.2531666666666667 0.24883333333333327 0.2446666666666667 0.24600000000000002 0.25150000000000006 0.2628333333333333 0.23366666666666674 0.2168333333333333 0.2488333333333333 0.4891666666666667 0.2983333333333334 0.4511666666666666 0.11383333333333334 0.10983333333333334 0.060166666666666674 0.059833333333333336 0.1255 0.4928333333333333 0.11550000000000005 0.05949999999999999 0.813166666666667 0.7896666666666668 0.09200000000000001 0.10283333333333333 0.09483333333333334 0.08316666666666668 0.5614999999999998 0.8536666666666668 0.11266666666666669 0.11283333333333333 0.11200000000000002 0.11233333333333333 0.095 0.22583333333333336 0.3268333333333333 0.1125 0.1391666666666667 0.11516666666666665 0.8841666666666668 0.6694999999999999 0.5628333333333333 0.8215 0.6848333333333332 0.7778333333333329 0.25816666666666666 0.6046666666666666 
0.9643333333333338 0.9758333333333341 0.21750000000000003 0.9438333333333334 0.001 0.08316666666666668 0.234 0.18016666666666667 0.23050000000000004 0.07566666666666669 0.39099999999999996 0.9636666666666668 0.13733333333333334 0.4561666666666666 0.15633333333333332 0.1198333333333333 1.0 0.9740000000000005 0.9728333333333342 0.973833333333334 0.003 0.012833333333333334 0.004166666666666667 0.0013333333333333333 0.0015 0.0016666666666666666 0.0018333333333333333 0.0026666666666666666 0.9806666666666672 0.975833333333334 0.1275 0.1653333333333333 0.9723333333333339 0.8031666666666668 0.0021666666666666666 0.011666666666666672 0.20900000000000002 0.43550000000000005 0.0003333333333333333 0.0003333333333333333 0.0013333333333333333 0.019333333333333334 0.55 0.5508333333333333 0.5443333333333334 0.5618333333333334 0.5529999999999999 0.5536666666666666 0.5475 0.5399999999999999 0.09483333333333337 0.12133333333333335 0.5676666666666667 0.41733333333333333 0.10066666666666667 0.08483333333333333 0.9746666666666671 0.9708333333333337 0.5161666666666666 0.5136666666666665 0.44916666666666655 0.09200000000000001 0.5015000000000001 0.6016666666666666 0.0013333333333333335 0.0021666666666666666 0.45066666666666677 0.4268333333333334 0.9541666666666668 0.9253333333333335 0.4198333333333334 0.1843333333333333 0.9746666666666668 0.9756666666666673 0.9721666666666671 0.9780000000000004 0.9525000000000001 0.7846666666666665 0.6573333333333334 0.9755000000000007 0.9606666666666672 0.977333333333334 0.08716666666666666 0.2738333333333334 0.5248333333333336 0.0016666666666666666 0.0011666666666666668 0.0006666666666666666 0.28916666666666657 0.11416666666666667 
0.9813333333333333 0.9928333333333336 0.23383333333333334 0.9656666666666669 0.0008333333333333333 0.08016666666666666 0.2508333333333333 0.19566666666666674 0.2255000000000001 0.07083333333333332 0.3906666666666666 0.9801666666666671 0.13716666666666671 0.4586666666666666 0.15183333333333335 0.11333333333333334 0.9740000000000005 1.0 0.9915000000000004 0.992166666666667 0.0013333333333333333 0.011000000000000001 0.004666666666666666 0.0005 0.0 0.0 0.0 0.0008333333333333334 0.9840000000000004 0.9918333333333337 0.12233333333333332 0.15883333333333335 0.9906666666666669 0.8178333333333334 0.0 0.012500000000000004 0.20833333333333337 0.4431666666666668 0.0 0.0 0.0008333333333333333 0.019 0.5276666666666666 0.5286666666666666 0.5215 0.5398333333333332 0.5311666666666668 0.5313333333333333 0.5253333333333333 0.5175000000000002 0.08016666666666668 0.10866666666666669 0.5453333333333332 0.41116666666666674 0.084 0.08016666666666666 0.9930000000000002 0.9918333333333336 0.5311666666666667 0.5275000000000002 0.46599999999999986 0.10400000000000001 0.5161666666666666 0.6171666666666666 0.0 0.001 0.46599999999999986 0.4414999999999999 0.974166666666667 0.9466666666666668 0.42600000000000016 0.18599999999999997 0.9693333333333338 0.9930000000000002 0.9778333333333334 0.9800000000000004 0.9720000000000003 0.8048333333333335 0.6346666666666666 0.9931666666666669 0.9685000000000004 0.9923333333333336 0.0843333333333333 0.2710000000000001 0.544166666666667 0.0 0.001 0.0 0.3056666666666666 0.12633333333333333 
0.983166666666667 0.9916666666666668 0.2325 0.9655000000000002 0.0013333333333333333 0.07983333333333331 0.25049999999999994 0.1943333333333334 0.22616666666666674 0.07033333333333332 0.39099999999999996 0.9776666666666669 0.13633333333333336 0.45666666666666667 0.1525 0.11266666666666665 0.9728333333333342 0.9915000000000004 1.0 0.9926666666666668 0.0013333333333333333 0.011000000000000001 0.005166666666666666 0.0005 0.0 0.0 0.0 0.0008333333333333334 0.9818333333333337 0.9896666666666669 0.12283333333333335 0.15783333333333333 0.9891666666666669 0.8155000000000001 0.0 0.012500000000000004 0.20950000000000002 0.4441666666666669 0.0 0.0 0.0018333333333333335 0.018666666666666665 0.5286666666666667 0.5298333333333334 0.5223333333333332 0.5406666666666667 0.5318333333333334 0.532 0.5260000000000001 0.5181666666666668 0.08083333333333334 0.10850000000000003 0.5461666666666666 0.4104999999999999 0.08583333333333334 0.08033333333333333 0.9898333333333337 0.9886666666666669 0.5276666666666668 0.5243333333333333 0.4650000000000001 0.102 0.5148333333333333 0.6138333333333333 0.0 0.0006666666666666666 0.46349999999999986 0.43849999999999995 0.9743333333333336 0.9465 0.4271666666666668 0.1868333333333333 0.9705000000000006 0.9921666666666669 0.979666666666667 0.9785000000000005 0.9730000000000003 0.8046666666666669 0.634833333333333 0.9916666666666668 0.9653333333333336 0.9888333333333336 0.08499999999999996 0.27066666666666683 0.5440000000000002 0.0 0.0015000000000000002 0.0 0.3044999999999998 0.12449999999999997 
0.9808333333333333 0.9940000000000002 0.23316666666666666 0.9680000000000003 0.001 0.08033333333333333 0.24983333333333327 0.19466666666666677 0.2243333333333334 0.06899999999999999 0.3888333333333333 0.9803333333333337 0.13483333333333333 0.4561666666666666 0.1505 0.1115 0.973833333333334 0.992166666666667 0.9926666666666668 1.0 0.0013333333333333333 0.011000000000000001 0.005 0.0005 0.0 0.0 0.0 0.0008333333333333334 0.9828333333333339 0.990666666666667 0.12083333333333333 0.15683333333333335 0.9908333333333337 0.8183333333333335 0.0 0.012500000000000004 0.20833333333333337 0.4450000000000001 0.0 0.0 0.0008333333333333333 0.019 0.5268333333333334 0.5281666666666666 0.5209999999999999 0.539 0.5299999999999999 0.5301666666666667 0.5248333333333333 0.5166666666666666 0.08183333333333334 0.10950000000000001 0.5448333333333332 0.40966666666666657 0.08566666666666668 0.08083333333333333 0.9928333333333338 0.9926666666666669 0.5310000000000001 0.5275000000000001 0.465 0.10249999999999998 0.515 0.616 0.0 0.0006666666666666666 0.4658333333333334 0.4418333333333333 0.9766666666666672 0.9495 0.4265000000000001 0.18566666666666667 0.9708333333333339 0.9945000000000002 0.9783333333333334 0.9798333333333338 0.9753333333333337 0.8076666666666666 0.6343333333333331 0.9936666666666669 0.9660000000000004 0.9918333333333337 0.08333333333333331 0.2693333333333334 0.544666666666667 0.0 0.0011666666666666668 0.0 0.30416666666666653 0.12566666666666668 
0.01 0.0013333333333333333 0.6839999999999999 0.0125 0.9338333333333333 0.8168333333333332 0.6013333333333335 0.5774999999999999 0.6768333333333334 0.86 0.4226666666666665 0.0033333333333333335 0.7181666666666667 0.5156666666666666 0.7418333333333336 0.8144999999999999 0.003 0.0013333333333333333 0.0013333333333333333 0.0013333333333333333 1.0 0.9144999999999999 0.9141666666666669 0.9551666666666669 0.9778333333333339 0.9788333333333337 0.9810000000000003 0.9793333333333338 0.0023333333333333335 0.0013333333333333333 0.7879999999999999 0.7803333333333334 0.0013333333333333333 0.16000000000000003 0.9776666666666671 0.9468333333333337 0.5111666666666667 0.4111666666666667 0.9141666666666669 0.9171666666666666 0.9239999999999999 0.8216666666666665 0.11733333333333335 0.11866666666666667 0.12299999999999997 0.12149999999999998 0.11733333333333329 0.11716666666666667 0.1205 0.1301666666666667 0.40416666666666656 0.3815 0.11883333333333335 0.3626666666666666 0.4729999999999999 0.6244999999999998 0.0013333333333333333 0.0013333333333333333 0.2263333333333333 0.2275 0.26833333333333337 0.6461666666666669 0.22883333333333333 0.21883333333333332 0.9448333333333335 0.9490000000000003 0.25949999999999995 0.2745 0.002 0.0095 0.4495 0.7138333333333334 0.0013333333333333333 0.0013333333333333333 0.0018333333333333335 0.0013333333333333333 0.004166666666666667 0.14616666666666667 0.18799999999999994 0.0013333333333333333 0.013666666666666667 0.0013333333333333333 0.8035000000000001 0.6318333333333332 0.4438333333333333 0.9778333333333336 0.8450000000000002 0.935 0.4115 0.7651666666666667 
0.0075 0.011000000000000001 0.6183333333333334 0.021666666666666664 0.8661666666666664 0.8653333333333335 0.5359999999999999 0.5088333333333331 0.6140000000000001 0.7950000000000002 0.36216666666666675 0.013333333333333332 0.6538333333333332 0.4488333333333334 0.676 0.7519999999999999 0.012833333333333334 0.011000000000000001 0.011000000000000001 0.011000000000000001 0.9144999999999999 1.0 0.8463333333333334 0.8891666666666663 0.9123333333333332 0.9143333333333332 0.9148333333333335 0.9161666666666668 0.012333333333333333 0.011333333333333332 0.7253333333333335 0.7178333333333332 0.011166666666666667 0.166 0.912833333333333 0.8796666666666667 0.5526666666666666 0.3474999999999999 0.8423333333333334 0.8445 0.8533333333333333 0.7559999999999999 0.18716666666666665 0.1885 0.1916666666666667 0.18416666666666667 0.18750000000000003 0.1873333333333334 0.1861666666666667 0.19316666666666674 0.4685000000000001 0.44433333333333336 0.1806666666666667 0.42600000000000016 0.5376666666666667 0.6886666666666666 0.011166666666666667 0.011000000000000001 0.23133333333333334 0.24 0.2331666666666667 0.5756666666666667 0.2136666666666667 0.2245 0.8825 0.8823333333333333 0.26283333333333325 0.2776666666666667 0.011666666666666665 0.018666666666666668 0.3950000000000001 0.6478333333333333 0.011000000000000001 0.011000000000000001 0.010666666666666666 0.011000000000000001 0.013833333333333331 0.08266666666666665 0.20200000000000007 0.011000000000000001 0.0245 0.011166666666666667 0.7380000000000001 0.6358333333333333 0.3763333333333334 0.9106666666666666 0.7735000000000001 0.8654999999999999 0.345 0.6945000000000001 
0.013333333333333332 0.005 0.7395000000000002 0.0165 0.9576666666666671 0.747 0.6518333333333334 0.6060000000000003 0.7001666666666665 0.8266666666666665 0.48350000000000004 0.0068333333333333345 0.7823333333333332 0.5241666666666667 0.7961666666666669 0.7848333333333335 0.004166666666666667 0.004666666666666666 0.005166666666666666 0.005 0.9141666666666669 0.8463333333333334 1.0 0.9491666666666666 0.9218333333333335 0.9163333333333336 0.917666666666667 0.9121666666666668 0.004833333333333334 0.005166666666666666 0.794 0.7366666666666666 0.004999999999999999 0.13866666666666666 0.9225000000000003 0.9063333333333335 0.4934999999999998 0.4303333333333334 0.9203333333333333 0.921 0.9193333333333331 0.8176666666666667 0.06199999999999999 0.06349999999999999 0.06799999999999999 0.06633333333333331 0.061666666666666654 0.061166666666666654 0.06449999999999999 0.07483333333333334 0.347 0.32066666666666666 0.06383333333333333 0.31616666666666654 0.41883333333333334 0.5703333333333334 0.004666666666666666 0.005166666666666666 0.23549999999999993 0.23299999999999993 0.31250000000000006 0.6586666666666666 0.27699999999999997 0.22366666666666668 0.9506666666666669 0.910666666666667 0.26033333333333325 0.2628333333333332 0.005833333333333333 0.014000000000000002 0.4799999999999999 0.7696666666666664 0.004666666666666666 0.004666666666666666 0.005666666666666666 0.004666666666666667 0.008166666666666666 0.15600000000000003 0.13449999999999998 0.005 0.004333333333333333 0.0045 0.8689999999999999 0.6214999999999998 0.4511666666666666 0.917 0.8665 0.9345 0.44033333333333324 0.7701666666666669 
0.009333333333333334 0.0005 0.7160000000000002 0.011500000000000002 0.9523333333333333 0.7886666666666664 0.6291666666666668 0.6003333333333333 0.6976666666666665 0.8503333333333332 0.4506666666666668 0.0025 0.7466666666666666 0.5198333333333334 0.7646666666666664 0.8071666666666667 0.0013333333333333333 0.0005 0.0005 0.0005 0.9551666666666669 0.8891666666666663 0.9491666666666666 1.0 0.9650000000000003 0.9598333333333335 0.9613333333333338 0.9550000000000002 0.001 0.0006666666666666666 0.8026666666666665 0.7644999999999998 0.0005 0.1515 0.9621666666666668 0.9445000000000003 0.5103333333333332 0.4199999999999999 0.9248333333333335 0.9274999999999999 0.9264999999999999 0.8244999999999996 0.09149999999999998 0.09316666666666666 0.09716666666666665 0.09566666666666668 0.09133333333333332 0.091 0.09449999999999999 0.1041666666666667 0.3895000000000001 0.36150000000000004 0.09316666666666668 0.3418333333333333 0.46133333333333354 0.6068333333333333 0.0005 0.0005 0.23433333333333325 0.23399999999999996 0.29583333333333334 0.6623333333333331 0.2548333333333333 0.22416666666666668 0.9733333333333337 0.9531666666666674 0.2656666666666666 0.2763333333333333 0.0011666666666666668 0.008833333333333334 0.46016666666666667 0.7336666666666667 0.0005 0.0005 0.001 0.0005 0.003333333333333333 0.15083333333333332 0.16383333333333336 0.0005 0.003333333333333333 0.0005 0.8313333333333334 0.6221666666666668 0.44633333333333325 0.9585000000000002 0.8626666666666667 0.9431666666666666 0.43249999999999994 0.7763333333333335 
0.008833333333333334 0.0 0.6939999999999996 0.011166666666666667 0.9408333333333334 0.8106666666666668 0.6085 0.5844999999999999 0.6804999999999999 0.861 0.42733333333333334 0.002 0.7233333333333333 0.5181666666666667 0.7463333333333335 0.816 0.0015 0.0 0.0 0.0 0.9778333333333339 0.9123333333333332 0.9218333333333335 0.9650000000000003 1.0 0.981666666666667 0.9828333333333339 0.9775000000000003 0.0008333333333333334 0.0 0.7930000000000001 0.7818333333333333 0.0 0.15883333333333335 0.9838333333333337 0.9540000000000003 0.5101666666666667 0.41600000000000004 0.9224999999999999 0.9246666666666666 0.9281666666666669 0.8230000000000001 0.11016666666666666 0.11199999999999999 0.11616666666666664 0.11449999999999999 0.11033333333333331 0.10999999999999999 0.114 0.12333333333333338 0.40283333333333327 0.37849999999999995 0.11199999999999999 0.35733333333333334 0.47166666666666657 0.6241666666666668 0.0 0.0 0.22716666666666666 0.22766666666666663 0.27449999999999997 0.6525000000000002 0.23483333333333334 0.21799999999999994 0.955333333333334 0.9553333333333337 0.2603333333333333 0.2748333333333333 0.0006666666666666666 0.008 0.45416666666666666 0.719333333333333 0.0 0.0 0.0005 0.0 0.002833333333333333 0.14983333333333332 0.18466666666666676 0.0 0.011166666666666668 0.0 0.8094999999999999 0.6291666666666667 0.44616666666666654 0.9816666666666671 0.8528333333333332 0.9438333333333333 0.41800000000000004 0.7735000000000001 
