1.0 0.9725000000000003 0.22933333333333342 0.01866666666666667 0.031833333333333325 0.03183333333333333 0.05466666666666666 0.033833333333333326 0.01883333333333334 0.012666666666666668 0.44933333333333325 0.05716666666666666 0.3075 0.16633333333333336 0.06316666666666666 0.06033333333333333 0.9456666666666664 0.9593333333333334 0.904 0.9520000000000002 0.053166666666666675 0.11183333333333328 0.1813333333333334 0.14699999999999996 0.1358333333333333 0.051333333333333314 0.05666666666666664 0.0265 0.6118333333333331 0.6963333333333332 0.1266666666666667 0.13933333333333334 0.7750000000000002 0.6349999999999999 0.11733333333333328 0.081 0.03866666666666667 0.13233333333333336 0.07116666666666666 0.22616666666666668 0.05933333333333333 0.11633333333333336 0.4803333333333332 0.5145000000000001 0.35033333333333333 0.28783333333333333 0.4768333333333333 0.5060000000000001 0.3328333333333333 0.6088333333333332 0.2803333333333333 0.472 0.5931666666666668 0.7598333333333334 0.2991666666666667 0.669 0.9711666666666672 0.9543333333333338 0.18433333333333335 0.20633333333333334 0.13016666666666668 0.06583333333333333 0.15150000000000005 0.11416666666666668 0.2741666666666667 0.021000000000000008 0.11599999999999999 0.13699999999999996 0.9708333333333337 0.6186666666666665 0.3296666666666668 0.2568333333333333 0.364 0.2823333333333333 0.075 0.2334999999999999 0.16433333333333336 0.15900000000000003 0.8801666666666665 0.9556666666666667 0.9085000000000001 0.9586666666666664 0.3945000000000001 0.7169999999999997 0.8558333333333333 0.46983333333333327 0.20816666666666667 0.40616666666666673 0.0775 0.11900000000000002 
0.9725000000000003 1.0 0.23100000000000012 0.001 0.015833333333333335 0.015166666666666669 0.04600000000000001 0.016 0.001 0.011833333333333336 0.431 0.03900000000000001 0.2906666666666667 0.14916666666666664 0.05700000000000001 0.05883333333333335 0.9613333333333329 0.9725 0.9031666666666667 0.9696666666666666 0.07200000000000002 0.13200000000000003 0.18283333333333335 0.14866666666666664 0.15466666666666673 0.06999999999999999 0.07533333333333334 0.03683333333333333 0.6103333333333333 0.6940000000000001 0.12766666666666668 0.14033333333333337 0.7905000000000001 0.6515 0.10116666666666665 0.06483333333333333 0.04033333333333333 0.14350000000000004 0.08866666666666667 0.24433333333333326 0.05816666666666667 0.11333333333333337 0.5001666666666665 0.5345000000000001 0.36950000000000005 0.30699999999999994 0.49666666666666665 0.5258333333333334 0.35233333333333333 0.6291666666666668 0.2981666666666667 0.48966666666666675 0.6139999999999999 0.7798333333333332 0.31733333333333325 0.6905000000000001 0.9920000000000002 0.9755000000000004 0.165 0.18683333333333327 0.11066666666666665 0.047499999999999994 0.13216666666666668 0.09466666666666669 0.2583333333333333 0.0033333333333333335 0.09783333333333337 0.11916666666666668 0.9876666666666669 0.6381666666666667 0.32899999999999996 0.2565 0.36383333333333323 0.2815000000000001 0.07350000000000001 0.2316666666666666 0.15383333333333338 0.14900000000000002 0.897166666666667 0.9731666666666667 0.9243333333333331 0.9741666666666666 0.40783333333333327 0.7335 0.8741666666666668 0.4541666666666667 0.22599999999999998 0.4238333333333334 0.05816666666666669 0.09933333333333333 
0.22933333333333342 0.23100000000000012 1.0 0.48783333333333334 0.5528333333333331 0.5383333333333333 0.5798333333333333 0.4211666666666668 0.4623333333333335 0.4125000000000001 0.2838333333333334 0.43816666666666676 0.19766666666666666 0.30366666666666664 0.24933333333333332 0.28316666666666673 0.20316666666666666 0.21050000000000002 0.30849999999999994 0.20999999999999996 0.4515 0.27983333333333343 0.6789999999999998 0.7215000000000003 0.5495 0.5611666666666665 0.5701666666666665 0.5449999999999999 0.285 0.22533333333333327 0.5595 0.6018333333333333 0.06899999999999999 0.003333333333333333 0.7448333333333333 0.7106666666666664 0.3501666666666667 0.21083333333333332 0.21666666666666665 0.13366666666666666 0.22283333333333338 0.2104999999999999 0.5911666666666667 0.5695 0.47116666666666673 0.36650000000000005 0.5816666666666667 0.5778333333333333 0.45483333333333326 0.4426666666666667 0.07516666666666669 0.4299999999999999 0.4615000000000001 0.32466666666666677 0.13183333333333333 0.364 0.23183333333333345 0.25000000000000006 0.19866666666666663 0.2776666666666666 0.22649999999999995 0.3726666666666667 0.20949999999999988 0.2636666666666666 0.8081666666666669 0.477 0.4038333333333335 0.3578333333333334 0.22516666666666668 0.015500000000000003 0.49950000000000006 0.3731666666666667 0.48266666666666663 0.403 0.4978333333333333 0.6913333333333334 0.5965 0.5953333333333335 0.2118333333333333 0.21283333333333332 0.193 0.21083333333333332 0.021666666666666664 0.04566666666666666 0.3283333333333333 0.5589999999999999 0.2528333333333333 0.16516666666666668 0.2384999999999999 0.2543333333333333 
0.01866666666666667 0.001 0.48783333333333334 1.0 0.652833333333333 0.6406666666666666 0.8315 0.8758333333333331 0.9353333333333335 0.805 0.534 0.8436666666666665 0.5758333333333332 0.7005000000000001 0.6131666666666666 0.5600000000000002 0.019333333333333334 0.0023333333333333335 0.0023333333333333335 0.0034999999999999996 0.49266666666666664 0.20149999999999998 0.3900000000000001 0.442 0.5138333333333331 0.6071666666666665 0.5941666666666665 0.6235 0.05833333333333333 0.06516666666666668 0.35899999999999993 0.38916666666666666 0.08366666666666665 0.22916666666666663 0.6246666666666666 0.6433333333333331 0.163 0.11566666666666668 0.11600000000000002 0.11066666666666668 0.12633333333333335 0.11466666666666667 0.23016666666666663 0.21933333333333332 0.2514999999999999 0.3600000000000001 0.22283333333333333 0.221 0.24366666666666664 0.12233333333333336 0.3135 0.23999999999999994 0.10183333333333337 0.0006666666666666666 0.10300000000000002 0.03416666666666667 0.0008333333333333334 0.0005 0.5985 0.6736666666666666 0.6341666666666668 0.8115000000000001 0.6228333333333331 0.6971666666666667 0.602 0.9370000000000005 0.7861666666666665 0.7609999999999999 0.0011666666666666668 0.2708333333333333 0.14466666666666664 0.26883333333333337 0.139 0.1848333333333333 0.5831666666666666 0.4786666666666666 0.621 0.616 0.0011666666666666668 0.0006666666666666666 0.04983333333333334 0.0008333333333333334 0.2613333333333334 0.13983333333333337 0.0025 0.36666666666666664 0.2309999999999999 0.14483333333333331 0.6696666666666669 0.6633333333333331 
0.031833333333333325 0.015833333333333335 0.5528333333333331 0.652833333333333 1.0 0.9755000000000004 0.5051666666666667 0.6173333333333333 0.701 0.5846666666666668 0.299 0.5486666666666666 0.30216666666666675 0.42633333333333334 0.36633333333333334 0.31683333333333336 0.001 0.002833333333333333 0.011166666666666667 0.001 0.8221666666666667 0.49583333333333324 0.5528333333333333 0.5946666666666668 0.7526666666666667 0.9276666666666662 0.9110000000000003 0.9621666666666671 0.0003333333333333333 0.0005 0.559 0.5831666666666666 0.008500000000000002 0.013166666666666667 0.7766666666666666 0.8123333333333334 0.44549999999999995 0.4246666666666665 0.4501666666666668 0.44250000000000006 0.40516666666666673 0.3681666666666667 0.2948333333333334 0.26283333333333336 0.43616666666666676 0.4881666666666667 0.2951666666666666 0.27083333333333337 0.4328333333333333 0.25183333333333335 0.06266666666666666 0.2981666666666667 0.1851666666666667 0.11333333333333333 0.42950000000000005 0.16816666666666666 0.016833333333333332 0.0345 0.3281666666666666 0.4021666666666666 0.3686666666666666 0.5545 0.3528333333333332 0.43583333333333335 0.6631666666666669 0.6613333333333331 0.5015000000000001 0.4866666666666667 0.010833333333333335 0.0031666666666666666 0.1285 0.06366666666666668 0.077 0.07116666666666668 0.33833333333333326 0.36899999999999994 0.6470000000000004 0.6465000000000002 0.0015000000000000002 0.0015000000000000002 0.001 0.001 0.26050000000000006 0.0898333333333333 0.11516666666666668 0.4631666666666668 0.559 0.4803333333333332 0.4233333333333335 0.3990000000000001 
0.03183333333333333 0.015166666666666669 0.5383333333333333 0.6406666666666666 0.9755000000000004 1.0 0.49066666666666675 0.6116666666666668 0.6889999999999997 0.602 0.3001666666666667 0.5406666666666667 0.30500000000000005 0.4308333333333334 0.38416666666666666 0.3348333333333333 0.0 0.0021666666666666666 0.011666666666666667 0.0005 0.8085000000000001 0.4841666666666667 0.536333333333333 0.5780000000000001 0.7358333333333335 0.9136666666666663 0.8955000000000001 0.9598333333333338 0.0011666666666666668 0.003 0.5426666666666665 0.5664999999999999 0.010666666666666666 0.015833333333333335 0.7615000000000001 0.7958333333333334 0.4416666666666666 0.4321666666666667 0.4628333333333333 0.45533333333333326 0.4195000000000001 0.3829999999999999 0.27716666666666656 0.24583333333333324 0.4171666666666667 0.47 0.27783333333333327 0.25366666666666676 0.41450000000000004 0.2468333333333334 0.06566666666666666 0.29933333333333334 0.17350000000000002 0.11166666666666669 0.44099999999999995 0.16266666666666665 0.01633333333333333 0.03333333333333335 0.33816666666666656 0.40666666666666657 0.3835 0.5671666666666666 0.3643333333333333 0.45150000000000007 0.6503333333333334 0.6498333333333332 0.4971666666666667 0.49133333333333334 0.010166666666666668 0.003333333333333333 0.11266666666666669 0.05033333333333332 0.0655 0.06016666666666668 0.3236666666666666 0.3535000000000001 0.6330000000000001 0.6313333333333334 0.0006666666666666666 0.0005 0.0003333333333333333 0.0003333333333333333 0.2756666666666667 0.09383333333333332 0.1161666666666667 0.4681666666666666 0.5734999999999999 0.49383333333333346 0.44116666666666676 0.4141666666666666 
0.05466666666666666 0.04600000000000001 0.5798333333333333 0.8315 0.5051666666666667 0.49066666666666675 1.0 0.7923333333333332 0.7851666666666668 0.708 0.5513333333333336 0.8336666666666666 0.5938333333333332 0.6991666666666666 0.5886666666666664 0.4986666666666668 0.06466666666666666 0.047500000000000014 0.07466666666666667 0.04933333333333333 0.37616666666666676 0.11483333333333334 0.3913333333333333 0.4438333333333333 0.44900000000000007 0.48516666666666675 0.4886666666666667 0.4863333333333333 0.13933333333333336 0.14133333333333334 0.34600000000000003 0.37433333333333324 0.1166666666666667 0.2545 0.6208333333333335 0.613 0.12766666666666665 0.027333333333333338 0.018833333333333334 0.0018333333333333335 0.047333333333333324 0.036166666666666666 0.29833333333333334 0.2956666666666666 0.2948333333333333 0.30599999999999994 0.2968333333333333 0.2971666666666666 0.282 0.17566666666666667 0.35116666666666674 0.2705 0.1775 0.044333333333333336 0.003833333333333333 0.08416666666666667 0.04583333333333335 0.045 0.5935000000000001 0.6718333333333333 0.6204999999999999 0.7548333333333335 0.5971666666666668 0.6441666666666669 0.614 0.8108333333333332 0.8029999999999999 0.7531666666666667 0.04650000000000001 0.32099999999999995 0.2373333333333333 0.3791666666666667 0.25166666666666665 0.3289999999999999 0.6455000000000001 0.5983333333333334 0.6076666666666668 0.6078333333333332 0.04550000000000001 0.04366666666666666 0.09566666666666668 0.04616666666666668 0.15949999999999998 0.1041666666666666 0.044500000000000005 0.37816666666666665 0.12133333333333335 0.031000000000000007 0.6204999999999999 0.6469999999999998 
0.033833333333333326 0.016 0.4211666666666668 0.8758333333333331 0.6173333333333333 0.6116666666666668 0.7923333333333332 1.0 0.8775000000000002 0.8308333333333333 0.5575 0.9181666666666668 0.6558333333333336 0.7866666666666666 0.7190000000000001 0.6201666666666666 0.03483333333333334 0.017833333333333333 0.016166666666666666 0.017666666666666667 0.45366666666666683 0.13483333333333336 0.28683333333333333 0.3320000000000001 0.4126666666666667 0.5626666666666668 0.5425 0.5901666666666666 0.09349999999999997 0.13016666666666668 0.24349999999999994 0.27449999999999997 0.16566666666666666 0.3141666666666667 0.5318333333333333 0.5388333333333335 0.09750000000000002 0.09016666666666667 0.09399999999999999 0.0895 0.10349999999999998 0.09316666666666666 0.15966666666666662 0.15316666666666667 0.16783333333333328 0.24783333333333338 0.15449999999999997 0.15466666666666662 0.15899999999999997 0.12666666666666665 0.39066666666666655 0.26349999999999996 0.043166666666666666 0.01633333333333333 0.10050000000000002 0.02616666666666667 0.01583333333333333 0.0165 0.6869999999999998 0.762 0.7333333333333332 0.9193333333333331 0.7126666666666667 0.7978333333333332 0.5658333333333332 0.8838333333333332 0.8586666666666667 0.8491666666666668 0.016166666666666666 0.3473333333333333 0.07183333333333333 0.20700000000000002 0.08216666666666667 0.14850000000000002 0.5503333333333333 0.4203333333333332 0.5153333333333334 0.5105000000000003 0.015499999999999998 0.016 0.0735 0.016833333333333332 0.2868333333333334 0.1746666666666667 0.017333333333333333 0.3846666666666666 0.22816666666666663 0.12316666666666666 0.7751666666666667 0.7615 
0.01883333333333334 0.001 0.4623333333333335 0.9353333333333335 0.701 0.6889999999999997 0.7851666666666668 0.8775000000000002 1.0 0.819 0.5279999999999999 0.8148333333333332 0.5580000000000002 0.6836666666666664 0.6143333333333332 0.5613333333333332 0.015666666666666666 0.0016666666666666666 0.0013333333333333333 0.0013333333333333333 0.5336666666666666 0.21249999999999994 0.38000000000000006 0.4243333333333334 0.5156666666666666 0.6478333333333333 0.6313333333333335 0.6703333333333332 0.052000000000000005 0.05333333333333334 0.3441666666666666 0.37400000000000005 0.0666666666666667 0.2106666666666667 0.607 0.6268333333333334 0.16783333333333336 0.14150000000000001 0.1593333333333333 0.15166666666666664 0.16200000000000003 0.15133333333333332 0.20550000000000002 0.19383333333333333 0.23166666666666663 0.3485000000000001 0.19816666666666663 0.196 0.22516666666666674 0.11733333333333335 0.2958333333333332 0.243 0.08116666666666666 0.003833333333333333 0.14366666666666666 0.02816666666666667 0.0013333333333333335 0.0021666666666666666 0.5811666666666666 0.6559999999999998 0.6233333333333335 0.8088333333333331 0.6061666666666667 0.6879999999999998 0.6104999999999997 0.9479999999999998 0.7570000000000001 0.7421666666666664 0.0005 0.2526666666666667 0.11633333333333334 0.23716666666666675 0.10749999999999998 0.14700000000000002 0.5363333333333334 0.44500000000000006 0.5998333333333332 0.5941666666666667 0.0003333333333333333 0.0 0.046 0.0 0.2846666666666666 0.13166666666666668 0.005666666666666666 0.37099999999999994 0.2726666666666666 0.18966666666666668 0.6710000000000003 0.6546666666666667 
0.012666666666666668 0.011833333333333336 0.4125000000000001 0.805 0.5846666666666668 0.602 0.708 0.8308333333333333 0.819 1.0 0.5023333333333332 0.7616666666666667 0.5609999999999999 0.6985000000000001 0.7481666666666668 0.7236666666666665 0.03 0.011833333333333336 0.05716666666666665 0.01316666666666667 0.4618333333333333 0.16216666666666665 0.3196666666666667 0.35900000000000004 0.40700000000000003 0.5670000000000002 0.551 0.5916666666666666 0.12283333333333335 0.14366666666666666 0.2753333333333333 0.30633333333333335 0.11800000000000002 0.2668333333333333 0.45016666666666666 0.4684999999999998 0.19400000000000003 0.17166666666666663 0.22749999999999995 0.20033333333333336 0.2606666666666666 0.25233333333333335 0.10300000000000002 0.09583333333333338 0.12116666666666673 0.2333333333333333 0.09733333333333338 0.09783333333333337 0.11383333333333334 0.09783333333333333 0.3529999999999998 0.25616666666666665 0.018333333333333333 0.012500000000000002 0.1991666666666667 0.015000000000000003 0.012000000000000002 0.01216666666666667 0.614 0.6723333333333333 0.6701666666666669 0.8273333333333333 0.6453333333333333 0.7373333333333334 0.4654999999999999 0.8061666666666666 0.7251666666666668 0.7401666666666666 0.012000000000000004 0.29850000000000004 0.07983333333333333 0.21450000000000002 0.09483333333333331 0.1388333333333333 0.5063333333333333 0.3941666666666668 0.4906666666666666 0.4901666666666666 0.011500000000000003 0.011833333333333336 0.06483333333333334 0.012333333333333339 0.391 0.18666666666666668 0.0235 0.3501666666666667 0.34233333333333327 0.23483333333333337 0.7355000000000002 0.7060000000000001 
0.44933333333333325 0.431 0.2838333333333334 0.534 0.299 0.3001666666666667 0.5513333333333336 0.5575 0.5279999999999999 0.5023333333333332 1.0 0.5835 0.8475 0.6976666666666667 0.5608333333333333 0.46816666666666656 0.45066666666666677 0.43316666666666664 0.4329999999999999 0.42883333333333323 0.21916666666666665 0.05083333333333334 0.04416666666666666 0.08349999999999999 0.13883333333333336 0.24466666666666673 0.24049999999999994 0.27766666666666673 0.44116666666666676 0.3988333333333333 0.009833333333333335 0.01633333333333334 0.35100000000000003 0.4816666666666665 0.3276666666666666 0.3045 0.03266666666666668 0.13133333333333336 0.042833333333333334 0.06700000000000003 0.04083333333333334 0.05900000000000001 0.10916666666666666 0.1195 0.07133333333333333 0.05366666666666667 0.11633333333333334 0.11983333333333336 0.06999999999999999 0.25916666666666666 0.5096666666666665 0.5479999999999999 0.23416666666666672 0.37616666666666665 0.07483333333333335 0.32549999999999996 0.4308333333333333 0.4311666666666668 0.7159999999999997 0.7343333333333334 0.6640000000000001 0.5903333333333335 0.6845 0.6415 0.40099999999999997 0.5340000000000001 0.6430000000000001 0.666 0.43083333333333335 0.5591666666666668 0.1733333333333333 0.31916666666666677 0.172 0.15816666666666668 0.2865000000000001 0.20566666666666666 0.26616666666666666 0.26100000000000007 0.3995 0.43000000000000005 0.4798333333333334 0.4308333333333333 0.2508333333333334 0.37683333333333335 0.41016666666666673 0.5926666666666666 0.14433333333333334 0.09916666666666667 0.6056666666666665 0.6465 
0.05716666666666666 0.03900000000000001 0.43816666666666676 0.8436666666666665 0.5486666666666666 0.5406666666666667 0.8336666666666666 0.9181666666666668 0.8148333333333332 0.7616666666666667 0.5835 1.0 0.7038333333333334 0.8361666666666666 0.6803333333333333 0.5628333333333332 0.05816666666666666 0.04133333333333334 0.03966666666666667 0.04233333333333333 0.39000000000000007 0.09833333333333334 0.2836666666666666 0.32916666666666666 0.3908333333333333 0.4995000000000001 0.4873333333333332 0.5183333333333333 0.12483333333333337 0.17 0.23016666666666666 0.2628333333333334 0.21249999999999997 0.35433333333333344 0.5426666666666667 0.5421666666666668 0.07600000000000001 0.044500000000000005 0.02733333333333334 0.027333333333333334 0.040666666666666657 0.030333333333333327 0.179 0.17366666666666666 0.18400000000000002 0.23149999999999998 0.17299999999999996 0.17449999999999996 0.17266666666666658 0.15749999999999997 0.4353333333333333 0.2858333333333334 0.06150000000000001 0.0375 0.0395 0.0385 0.03883333333333333 0.03883333333333334 0.7270000000000002 0.8046666666666665 0.7648333333333333 0.8925000000000002 0.7328333333333333 0.7803333333333334 0.5569999999999999 0.8315 0.9131666666666668 0.8886666666666665 0.03933333333333334 0.39599999999999996 0.09066666666666669 0.22766666666666666 0.11250000000000002 0.1913333333333333 0.5688333333333333 0.45216666666666666 0.5095000000000002 0.5045000000000001 0.0375 0.037000000000000005 0.09783333333333337 0.03983333333333333 0.22383333333333325 0.16516666666666666 0.036166666666666666 0.4043333333333333 0.16316666666666665 0.05616666666666667 0.7571666666666664 0.7903333333333334 
0.3075 0.2906666666666667 0.19766666666666666 0.5758333333333332 0.30216666666666675 0.30500000000000005 0.5938333333333332 0.6558333333333336 0.5580000000000002 0.5609999999999999 0.8475 0.7038333333333334 1.0 0.8108333333333333 0.6620000000000001 0.5393333333333333 0.3101666666666667 0.2934999999999999 0.29183333333333333 0.28966666666666663 0.24233333333333332 0.07833333333333332 0.032333333333333346 0.07583333333333334 0.13950000000000004 0.24783333333333327 0.242 0.28083333333333343 0.3830000000000001 0.40549999999999997 0.016166666666666673 0.017833333333333333 0.43533333333333324 0.5741666666666666 0.2923333333333334 0.29083333333333344 0.05633333333333332 0.14783333333333334 0.05816666666666666 0.08199999999999999 0.06033333333333332 0.0695 0.04733333333333333 0.054000000000000006 0.03966666666666667 0.07266666666666664 0.05266666666666667 0.05366666666666667 0.04333333333333333 0.16033333333333336 0.5915000000000001 0.44633333333333347 0.16216666666666663 0.26816666666666666 0.10483333333333336 0.22466666666666668 0.29 0.2896666666666666 0.8216666666666665 0.8394999999999999 0.7771666666666667 0.7 0.7901666666666668 0.7431666666666668 0.31733333333333336 0.5725 0.7586666666666666 0.7836666666666668 0.29033333333333333 0.6371666666666667 0.11816666666666668 0.2803333333333333 0.10083333333333337 0.18599999999999997 0.38316666666666666 0.21849999999999997 0.26833333333333337 0.26300000000000007 0.29150000000000004 0.2886666666666667 0.3493333333333332 0.29 0.2751666666666667 0.37283333333333346 0.27016666666666667 0.46483333333333343 0.15516666666666665 0.09166666666666666 0.7121666666666667 0.7591666666666668 
0.16633333333333336 0.14916666666666664 0.30366666666666664 0.7005000000000001 0.42633333333333334 0.4308333333333334 0.6991666666666666 0.7866666666666666 0.6836666666666664 0.6985000000000001 0.6976666666666667 0.8361666666666666 0.8108333333333333 1.0 0.7451666666666668 0.6278333333333332 0.16850000000000004 0.1515 0.15133333333333332 0.14766666666666667 0.2681666666666667 0.028999999999999998 0.14666666666666667 0.18966666666666668 0.25299999999999995 0.3713333333333334 0.3613333333333334 0.4049999999999999 0.24083333333333334 0.28116666666666673 0.09216666666666669 0.12266666666666667 0.3188333333333333 0.4594999999999999 0.40483333333333343 0.4045 0.040999999999999995 0.13616666666666666 0.07333333333333333 0.08433333333333336 0.07533333333333332 0.07983333333333334 0.04650000000000001 0.044833333333333336 0.04850000000000001 0.09266666666666667 0.04383333333333335 0.04500000000000001 0.041499999999999995 0.1465 0.5623333333333334 0.4315000000000001 0.04166666666666666 0.149 0.07916666666666668 0.10133333333333333 0.149 0.14800000000000002 0.8528333333333336 0.9355000000000002 0.8755 0.8363333333333336 0.8570000000000002 0.8806666666666668 0.42716666666666675 0.6995 0.8683333333333336 0.9123333333333331 0.14849999999999997 0.5044999999999998 0.025500000000000002 0.17583333333333337 0.0565 0.1335 0.4305 0.31916666666666677 0.38116666666666665 0.37433333333333335 0.14716666666666664 0.147 0.2083333333333333 0.14899999999999997 0.28133333333333327 0.25916666666666677 0.15016666666666667 0.5501666666666666 0.22500000000000003 0.10116666666666665 0.8243333333333331 0.8845000000000001 
0.06316666666666666 0.05700000000000001 0.24933333333333332 0.6131666666666666 0.36633333333333334 0.38416666666666666 0.5886666666666664 0.7190000000000001 0.6143333333333332 0.7481666666666668 0.5608333333333333 0.6803333333333333 0.6620000000000001 0.7451666666666668 1.0 0.8563333333333334 0.077 0.059000000000000004 0.09533333333333335 0.05566666666666667 0.2785 0.09799999999999998 0.11883333333333335 0.1526666666666667 0.18783333333333335 0.3385000000000001 0.32400000000000007 0.36866666666666653 0.195 0.23900000000000002 0.08233333333333334 0.10083333333333336 0.2223333333333333 0.3738333333333334 0.28 0.2815 0.16833333333333333 0.23066666666666663 0.27483333333333326 0.257 0.2893333333333332 0.3066666666666667 0.004 0.003833333333333333 0.0068333333333333345 0.07883333333333331 0.0036666666666666666 0.0036666666666666666 0.006333333333333334 0.02833333333333332 0.5165000000000001 0.3793333333333333 0.019333333333333334 0.07216666666666667 0.2206666666666667 0.04466666666666666 0.057999999999999996 0.05750000000000001 0.8203333333333331 0.7369999999999999 0.8596666666666666 0.748333333333333 0.8555000000000003 0.8486666666666666 0.3145000000000001 0.6238333333333335 0.6630000000000001 0.6981666666666666 0.05733333333333333 0.3964999999999999 0.07150000000000001 0.22383333333333336 0.08183333333333331 0.1655 0.4165 0.2619999999999999 0.2936666666666668 0.29516666666666663 0.05533333333333334 0.058166666666666665 0.11699999999999998 0.05916666666666667 0.45416666666666666 0.23666666666666664 0.07799999999999999 0.4310000000000001 0.42083333333333317 0.233 0.9060000000000001 0.848 
0.06033333333333333 0.05883333333333335 0.28316666666666673 0.5600000000000002 0.31683333333333336 0.3348333333333333 0.4986666666666668 0.6201666666666666 0.5613333333333332 0.7236666666666665 0.46816666666666656 0.5628333333333332 0.5393333333333333 0.6278333333333332 0.8563333333333334 1.0 0.07866666666666668 0.060500000000000005 0.1388333333333333 0.05716666666666667 0.2451666666666667 0.1843333333333333 0.23533333333333328 0.2488333333333333 0.1726666666666667 0.30883333333333335 0.29666666666666663 0.32533333333333336 0.269 0.29516666666666663 0.2071666666666666 0.22566666666666663 0.19016666666666662 0.3411666666666667 0.21383333333333332 0.2310000000000001 0.2841666666666666 0.32716666666666666 0.37933333333333336 0.2865 0.4048333333333333 0.42300000000000004 0.0058333333333333345 0.005333333333333333 0.012833333333333339 0.11466666666666665 0.004833333333333333 0.0055 0.011666666666666672 0.03 0.47316666666666657 0.30466666666666664 0.020000000000000004 0.0705 0.25016666666666676 0.04516666666666667 0.059833333333333336 0.059333333333333335 0.6928333333333333 0.6196666666666668 0.7341666666666667 0.6325 0.7296666666666666 0.7353333333333332 0.23116666666666674 0.5613333333333334 0.5448333333333332 0.581 0.059000000000000004 0.3653333333333333 0.15600000000000003 0.3053333333333334 0.16516666666666668 0.22866666666666674 0.48033333333333317 0.3371666666666668 0.26983333333333337 0.272 0.05583333333333334 0.06016666666666667 0.11649999999999996 0.06100000000000001 0.48966666666666664 0.24916666666666668 0.08033333333333333 0.3455 0.45099999999999985 0.27399999999999997 0.7873333333333333 0.7300000000000001 
0.9456666666666664 0.9613333333333329 0.20316666666666666 0.019333333333333334 0.001 0.0 0.06466666666666666 0.03483333333333334 0.015666666666666666 0.03 0.45066666666666677 0.05816666666666666 0.3101666666666667 0.16850000000000004 0.077 0.07866666666666668 1.0 0.9748333333333334 0.8788333333333336 0.9726666666666668 0.05750000000000001 0.11733333333333335 0.15583333333333338 0.12133333333333335 0.13833333333333336 0.055166666666666656 0.05933333333333332 0.02200000000000002 0.6389999999999999 0.7248333333333334 0.11183333333333331 0.11916666666666668 0.8083333333333331 0.6801666666666668 0.07516666666666665 0.0405 0.019166666666666672 0.12383333333333332 0.07383333333333332 0.23099999999999998 0.06200000000000001 0.09916666666666668 0.47133333333333327 0.5048333333333334 0.3484999999999999 0.2909999999999999 0.4696666666666666 0.49733333333333346 0.332 0.6080000000000001 0.31866666666666665 0.4675 0.5883333333333334 0.7515 0.3028333333333333 0.6663333333333334 0.9594999999999999 0.9428333333333333 0.18566666666666667 0.20733333333333337 0.13116666666666665 0.06666666666666667 0.15300000000000005 0.11483333333333333 0.22866666666666668 0.016 0.11716666666666668 0.13866666666666666 0.9655 0.6553333333333334 0.3355 0.27699999999999997 0.37266666666666665 0.30116666666666664 0.10100000000000003 0.24849999999999997 0.1641666666666667 0.15866666666666668 0.8975000000000002 0.9741666666666668 0.9536666666666668 0.9741666666666667 0.42583333333333323 0.7513333333333333 0.8480000000000001 0.4255000000000001 0.21249999999999997 0.40983333333333344 0.07816666666666666 0.11933333333333335 
0.9593333333333334 0.9725 0.21050000000000002 0.0023333333333333335 0.002833333333333333 0.0021666666666666666 0.047500000000000014 0.017833333333333333 0.0016666666666666666 0.011833333333333336 0.43316666666666664 0.04133333333333334 0.2934999999999999 0.1515 0.059000000000000004 0.060500000000000005 0.9748333333333334 1.0 0.8925 0.9870000000000003 0.05600000000000001 0.11516666666666665 0.16316666666666665 0.12866666666666662 0.1376666666666667 0.053999999999999986 0.05816666666666666 0.021166666666666684 0.6216666666666665 0.7095000000000001 0.11233333333333334 0.12300000000000001 0.8094999999999999 0.6626666666666668 0.08316666666666667 0.04783333333333335 0.022833333333333337 0.12583333333333335 0.0725 0.22949999999999995 0.06783333333333333 0.11316666666666668 0.477 0.5111666666666665 0.3486666666666666 0.2901666666666666 0.47383333333333316 0.5026666666666668 0.33149999999999996 0.6076666666666667 0.2981666666666667 0.46933333333333344 0.5908333333333333 0.7571666666666665 0.3005 0.6666666666666667 0.9718333333333332 0.9530000000000003 0.1691666666666667 0.19083333333333333 0.11466666666666667 0.049833333333333334 0.13633333333333333 0.09850000000000002 0.2388333333333333 0.004166666666666667 0.10033333333333333 0.122 0.9765000000000001 0.6356666666666667 0.3456666666666667 0.26949999999999996 0.38233333333333336 0.29766666666666675 0.08533333333333332 0.25183333333333335 0.17416666666666672 0.16950000000000004 0.9136666666666671 0.9910000000000002 0.935 0.9910000000000003 0.40699999999999986 0.7515 0.8543333333333334 0.4360000000000001 0.2108333333333333 0.40916666666666673 0.061833333333333344 0.10333333333333333 
0.904 0.9031666666666667 0.30849999999999994 0.0023333333333333335 0.011166666666666667 0.011666666666666667 0.07466666666666667 0.016166666666666666 0.0013333333333333333 0.05716666666666665 0.4329999999999999 0.03966666666666667 0.29183333333333333 0.15133333333333332 0.09533333333333335 0.1388333333333333 0.8788333333333336 0.8925 1.0 0.8860000000000002 0.01683333333333334 0.08600000000000003 0.26433333333333336 0.22799999999999992 0.09283333333333335 0.014666666666666666 0.016 0.011166666666666667 0.6998333333333332 0.7826666666666666 0.209 0.22133333333333335 0.7090000000000001 0.5716666666666665 0.10300000000000002 0.06666666666666667 0.12316666666666669 0.15700000000000003 0.10316666666666668 0.16033333333333336 0.14550000000000002 0.2043333333333333 0.4118333333333332 0.446 0.28099999999999997 0.21850000000000006 0.4081666666666667 0.43766666666666665 0.26366666666666666 0.5398333333333334 0.24466666666666673 0.45050000000000007 0.5235 0.6908333333333332 0.231 0.5999999999999999 0.9021666666666667 0.885 0.16849999999999998 0.18983333333333327 0.11433333333333334 0.04816666666666667 0.13616666666666666 0.098 0.2558333333333333 0.004 0.0981666666666667 0.12050000000000001 0.9031666666666667 0.5511666666666667 0.4168333333333334 0.3431666666666666 0.45133333333333325 0.36883333333333324 0.15949999999999998 0.3196666666666666 0.18449999999999997 0.18333333333333335 0.8148333333333332 0.892 0.8431666666666666 0.8916666666666667 0.33416666666666667 0.6539999999999999 0.7883333333333333 0.4521666666666668 0.142 0.33783333333333326 0.061333333333333344 0.1026666666666667 
0.9520000000000002 0.9696666666666666 0.20999999999999996 0.0034999999999999996 0.001 0.0005 0.04933333333333333 0.017666666666666667 0.0013333333333333333 0.01316666666666667 0.42883333333333323 0.04233333333333333 0.28966666666666663 0.14766666666666667 0.05566666666666667 0.05716666666666667 0.9726666666666668 0.9870000000000003 0.8860000000000002 1.0 0.05716666666666668 0.11933333333333335 0.16383333333333333 0.12933333333333336 0.1406666666666667 0.055166666666666656 0.05933333333333332 0.02200000000000002 0.6198333333333332 0.7058333333333334 0.11416666666666667 0.12483333333333332 0.8095 0.6608333333333333 0.08166666666666668 0.04666666666666667 0.02383333333333333 0.12149999999999998 0.07166666666666666 0.22649999999999995 0.06899999999999999 0.10700000000000003 0.4798333333333331 0.5138333333333333 0.35233333333333333 0.2939999999999998 0.47649999999999987 0.5055000000000003 0.3353333333333333 0.6116666666666668 0.2971666666666667 0.46433333333333343 0.5940000000000001 0.753 0.29966666666666664 0.6701666666666667 0.9685000000000001 0.9486666666666665 0.16383333333333336 0.18533333333333327 0.10950000000000001 0.04950000000000001 0.13116666666666668 0.09316666666666666 0.23566666666666664 0.003833333333333333 0.10183333333333336 0.12283333333333336 0.9758333333333334 0.6383333333333332 0.3489999999999999 0.27183333333333326 0.38516666666666666 0.3005 0.08766666666666666 0.25350000000000006 0.1746666666666667 0.1698333333333334 0.9113333333333331 0.986666666666667 0.9346666666666664 0.9890000000000001 0.4043333333333332 0.7506666666666666 0.8481666666666667 0.4278333333333335 0.20766666666666656 0.4053333333333334 0.056666666666666685 0.09816666666666667 
0.053166666666666675 0.07200000000000002 0.4515 0.49266666666666664 0.8221666666666667 0.8085000000000001 0.37616666666666676 0.45366666666666683 0.5336666666666666 0.4618333333333333 0.21916666666666665 0.39000000000000007 0.24233333333333332 0.2681666666666667 0.2785 0.2451666666666667 0.05750000000000001 0.05600000000000001 0.01683333333333334 0.05716666666666668 1.0 0.6580000000000003 0.4754999999999998 0.5106666666666665 0.7231666666666666 0.8666666666666667 0.8594999999999999 0.8386666666666666 0.07050000000000001 0.0026666666666666666 0.5629999999999998 0.525 0.06516666666666666 0.07033333333333334 0.6255000000000001 0.6593333333333333 0.5458333333333336 0.5191666666666667 0.5643333333333334 0.5808333333333333 0.489 0.44033333333333324 0.4336666666666666 0.4016666666666668 0.5611666666666667 0.6013333333333333 0.4378333333333334 0.4126666666666667 0.5763333333333333 0.39333333333333337 0.21366666666666664 0.397 0.3253333333333333 0.25116666666666665 0.5796666666666668 0.3046666666666667 0.07300000000000002 0.09050000000000004 0.22399999999999987 0.24349999999999997 0.23783333333333329 0.3906666666666667 0.2386666666666666 0.2781666666666667 0.4988333333333334 0.493 0.34733333333333327 0.32916666666666666 0.06700000000000002 0.059333333333333335 0.23200000000000007 0.16833333333333336 0.18233333333333338 0.17650000000000002 0.37183333333333307 0.2888333333333334 0.5089999999999998 0.5120000000000001 0.12550000000000003 0.05766666666666667 0.05700000000000001 0.057166666666666685 0.3073333333333334 0.14633333333333332 0.16949999999999998 0.30883333333333335 0.5894999999999999 0.5138333333333333 0.278 0.24283333333333323 
0.11183333333333328 0.13200000000000003 0.27983333333333343 0.20149999999999998 0.49583333333333324 0.4841666666666667 0.11483333333333334 0.13483333333333336 0.21249999999999994 0.16216666666666665 0.05083333333333334 0.09833333333333334 0.07833333333333332 0.028999999999999998 0.09799999999999998 0.1843333333333333 0.11733333333333335 0.11516666666666665 0.08600000000000003 0.11933333333333335 0.6580000000000003 1.0 0.4808333333333332 0.46749999999999986 0.5576666666666664 0.5488333333333335 0.5431666666666668 0.5106666666666664 0.23966666666666672 0.11266666666666668 0.5906666666666667 0.5435 0.12933333333333336 0.13283333333333336 0.3646666666666665 0.3998333333333333 0.7969999999999996 0.7383333333333336 0.7601666666666667 0.7136666666666664 0.6896666666666665 0.6399999999999999 0.41900000000000015 0.3968333333333332 0.5393333333333334 0.5815 0.4315000000000001 0.40533333333333327 0.5701666666666668 0.37283333333333324 0.3315000000000001 0.2528333333333334 0.4271666666666667 0.32983333333333337 0.6716666666666665 0.39433333333333337 0.13266666666666665 0.14983333333333337 0.05233333333333334 0.03249999999999998 0.052166666666666674 0.07833333333333332 0.06533333333333331 0.06649999999999999 0.18533333333333335 0.17316666666666664 0.07683333333333336 0.044000000000000004 0.12716666666666668 0.12000000000000002 0.49383333333333324 0.44166666666666665 0.44766666666666666 0.45899999999999985 0.30266666666666664 0.21650000000000003 0.2805 0.2861666666666667 0.19249999999999998 0.11716666666666667 0.11683333333333332 0.1156666666666667 0.33100000000000007 0.20499999999999996 0.2245 0.12333333333333334 0.5618333333333334 0.5285 0.07466666666666667 0.038166666666666675 
0.1813333333333334 0.18283333333333335 0.6789999999999998 0.3900000000000001 0.5528333333333333 0.536333333333333 0.3913333333333333 0.28683333333333333 0.38000000000000006 0.3196666666666667 0.04416666666666666 0.2836666666666666 0.032333333333333346 0.14666666666666667 0.11883333333333335 0.23533333333333328 0.15583333333333338 0.16316666666666665 0.26433333333333336 0.16383333333333333 0.4754999999999998 0.4808333333333332 1.0 0.9126666666666665 0.7093333333333333 0.5601666666666667 0.5728333333333332 0.5434999999999998 0.268 0.27733333333333343 0.8448333333333334 0.8871666666666664 0.1348333333333333 0.10200000000000001 0.6735 0.6851666666666668 0.5518333333333334 0.40399999999999997 0.42483333333333334 0.3046666666666667 0.42666666666666664 0.4045000000000001 0.5558333333333332 0.5223333333333333 0.6181666666666668 0.5965 0.5406666666666666 0.5283333333333333 0.6060000000000001 0.4063333333333333 0.057333333333333326 0.1605 0.4170000000000001 0.2715 0.3471666666666667 0.3288333333333334 0.18316666666666673 0.2018333333333333 0.04650000000000001 0.12250000000000001 0.07366666666666666 0.22649999999999995 0.05950000000000002 0.11966666666666667 0.5121666666666667 0.37883333333333336 0.24299999999999997 0.20483333333333334 0.17783333333333334 0.10233333333333333 0.4545 0.344 0.38866666666666666 0.3661666666666666 0.4631666666666666 0.5638333333333334 0.5541666666666667 0.5636666666666666 0.16600000000000004 0.16516666666666668 0.15083333333333335 0.16383333333333333 0.23550000000000001 0.14733333333333337 0.2806666666666667 0.25900000000000006 0.32966666666666655 0.41249999999999987 0.09250000000000004 0.10083333333333337 
0.14699999999999996 0.14866666666666664 0.7215000000000003 0.442 0.5946666666666668 0.5780000000000001 0.4438333333333333 0.3320000000000001 0.4243333333333334 0.35900000000000004 0.08349999999999999 0.32916666666666666 0.07583333333333334 0.18966666666666668 0.1526666666666667 0.2488333333333333 0.12133333333333335 0.12866666666666662 0.22799999999999992 0.12933333333333336 0.5106666666666665 0.46749999999999986 0.9126666666666665 1.0 0.7493333333333331 0.6030000000000001 0.6165 0.5861666666666668 0.22699999999999998 0.2315 0.8168333333333332 0.8611666666666667 0.10533333333333332 0.07600000000000003 0.726 0.7376666666666667 0.5401666666666665 0.38899999999999985 0.40483333333333343 0.2975 0.4068333333333333 0.3851666666666668 0.5358333333333335 0.5006666666666668 0.6026666666666667 0.5843333333333335 0.5238333333333333 0.5088333333333336 0.5939999999999999 0.38350000000000006 0.0655 0.18750000000000003 0.3993333333333333 0.24383333333333337 0.3291666666666667 0.3068333333333333 0.14916666666666664 0.16766666666666669 0.08966666666666669 0.16649999999999998 0.11699999999999999 0.27183333333333326 0.10333333333333332 0.16333333333333336 0.5506666666666667 0.42566666666666647 0.28833333333333333 0.24899999999999992 0.1433333333333333 0.07616666666666667 0.4385000000000001 0.33083333333333337 0.37016666666666675 0.3523333333333333 0.4690000000000002 0.5719999999999998 0.608 0.6149999999999999 0.1328333333333334 0.13066666666666665 0.11650000000000003 0.12899999999999998 0.2083333333333333 0.12450000000000003 0.2475 0.29483333333333334 0.3371666666666666 0.3853333333333333 0.131 0.14400000000000002 
