1.0 0.9578333333333338 0.007333333333333333 0.0 0.0 0.06883333333333333 0.0 0.15516666666666667 0.0 0.016666666666666666 0.6268333333333332 0.3003333333333333 0.4893333333333333 0.12166666666666667 0.1631666666666667 0.0005 0.9596666666666668 0.9866666666666667 0.9885 0.9400000000000002 0.4639999999999999 0.5535 0.2893333333333334 0.04833333333333333 0.008833333333333334 0.0 0.0 0.015333333333333334 0.983166666666667 0.9845000000000002 0.7298333333333333 0.364 0.9139999999999999 0.8016666666666665 0.003 0.003833333333333333 0.013833333333333333 0.013333333333333334 0.009500000000000001 0.009500000000000001 0.36816666666666653 0.3968333333333334 0.2816666666666667 0.30150000000000005 0.37383333333333324 0.3608333333333333 0.2895 0.2941666666666667 0.45400000000000007 0.44733333333333325 0.038 0.017 0.8958333333333335 0.5738333333333334 0.08866666666666667 0.39100000000000007 0.9761666666666667 0.9735 0.335 0.3346666666666666 0.14566666666666664 0.14633333333333337 0.8670000000000002 0.7466666666666668 0.0 0.0 0.0 0.0 0.6906666666666669 0.6001666666666667 0.4796666666666665 0.5398333333333334 0.6239999999999999 0.5771666666666666 0.5283333333333333 0.4764999999999999 0.6628333333333333 0.7683333333333331 0.7203333333333335 0.9335 0.9856666666666668 0.9905000000000002 0.9518333333333336 0.9788333333333334 0.11 0.05433333333333332 0.010833333333333335 0.10133333333333333 0.011666666666666667 0.014166666666666668 
0.9578333333333338 1.0 0.019833333333333335 0.0 0.0 0.06833333333333334 0.0 0.15483333333333335 0.0 0.0165 0.5988333333333332 0.2998333333333333 0.485 0.12133333333333335 0.1481666666666667 0.0005 0.9358333333333334 0.9478333333333336 0.9510000000000002 0.9058333333333333 0.4948333333333333 0.5851666666666668 0.32699999999999996 0.08716666666666667 0.033499999999999995 0.0 0.001 0.015166666666666663 0.9443333333333335 0.9453333333333336 0.6994999999999998 0.3923333333333334 0.8751666666666668 0.7628333333333334 0.010333333333333335 0.010833333333333335 0.04133333333333334 0.04033333333333333 0.03516666666666666 0.032499999999999994 0.3931666666666666 0.42333333333333334 0.3203333333333333 0.34049999999999997 0.40749999999999986 0.3978333333333333 0.3281666666666666 0.3331666666666667 0.49000000000000016 0.48450000000000004 0.03816666666666666 0.016833333333333336 0.8566666666666666 0.5551666666666665 0.10416666666666669 0.42133333333333334 0.9363333333333334 0.9343333333333332 0.33466666666666667 0.3343333333333333 0.1453333333333333 0.14600000000000002 0.8281666666666669 0.7074999999999999 0.0 0.0 0.0 0.0 0.652 0.562 0.5171666666666666 0.5785 0.6618333333333335 0.6150000000000001 0.5634999999999999 0.5146666666666665 0.6870000000000002 0.7365 0.7348333333333337 0.9136666666666666 0.9471666666666669 0.9526666666666668 0.915666666666667 0.9396666666666669 0.14583333333333337 0.053499999999999985 0.034166666666666665 0.10733333333333332 0.011166666666666667 0.013499999999999998 
0.007333333333333333 0.019833333333333335 1.0 0.6035 0.6958333333333333 0.33533333333333337 0.6031666666666669 0.33616666666666667 0.5973333333333335 0.3379999999999999 0.04066666666666667 0.14083333333333337 0.084 0.3466666666666665 0.30100000000000005 0.49699999999999994 0.03316666666666666 0.0030000000000000005 0.004666666666666667 0.054833333333333345 0.40850000000000014 0.16083333333333333 0.5105 0.7331666666666667 0.8896666666666665 0.6901666666666665 0.7838333333333333 0.5801666666666668 0.005333333333333333 0.002 0.1375 0.4518333333333333 0.0018333333333333335 0.004166666666666667 0.7874999999999998 0.7666666666666667 0.8163333333333332 0.8101666666666667 0.8133333333333335 0.816 0.4430000000000003 0.42400000000000004 0.5238333333333334 0.43749999999999983 0.19683333333333333 0.20966666666666675 0.3608333333333333 0.35883333333333334 0.07899999999999997 0.08233333333333333 0.3493333333333334 0.30466666666666664 0.0008333333333333334 0.041833333333333333 0.5848333333333334 0.28999999999999987 0.0003333333333333333 0.0015 0.17583333333333337 0.17200000000000004 0.3451666666666667 0.34416666666666673 0.0036666666666666666 0.008166666666666668 0.6151666666666666 0.6053333333333334 0.6148333333333335 0.5965 0.2451666666666667 0.31316666666666665 0.17616666666666667 0.12583333333333335 0.047 0.08033333333333335 0.06633333333333331 0.17916666666666675 0.20666666666666675 0.14033333333333334 0.10983333333333331 0.05966666666666666 0.0036666666666666666 0.005 0.026999999999999996 0.0016666666666666668 0.6661666666666668 0.6020000000000001 0.8033333333333336 0.7443333333333334 0.4915000000000001 0.4936666666666667 
0.0 0.0 0.6035 1.0 0.8979999999999996 0.7234999999999999 0.9870000000000002 0.7278333333333334 0.9868333333333336 0.7266666666666667 0.3629999999999999 0.5250000000000002 0.4268333333333335 0.7268333333333333 0.6320000000000002 0.8785000000000001 0.0 0.0 0.0 0.04783333333333334 0.2706666666666668 0.0011666666666666668 0.44400000000000006 0.5425 0.5098333333333332 0.9066666666666662 0.8133333333333332 0.844166666666667 0.0 0.0 0.12366666666666669 0.4371666666666667 0.0003333333333333333 0.09883333333333334 0.8093333333333333 0.8271666666666665 0.43349999999999994 0.4259999999999999 0.42766666666666653 0.4329999999999999 0.069 0.05249999999999999 0.39783333333333354 0.3343333333333333 0.16033333333333338 0.16583333333333336 0.24266666666666667 0.244 0.04016666666666668 0.03716666666666667 0.6358333333333333 0.6963333333333334 0.016000000000000004 0.020833333333333336 0.223 0.14499999999999996 0.0011666666666666668 0.0 0.5655000000000002 0.5601666666666668 0.7355000000000003 0.735 0.10966666666666665 0.17350000000000004 0.9863333333333334 0.9951666666666668 0.9723333333333332 0.9863333333333334 0.28350000000000003 0.36683333333333323 0.07966666666666664 0.007333333333333333 0.11883333333333329 0.14699999999999996 0.1985 0.10633333333333338 0.0008333333333333334 0.0003333333333333333 0.00016666666666666666 0.0 0.0 0.0 0.0005 0.0 0.6328333333333332 0.9401666666666669 0.4171666666666665 0.45266666666666666 0.8831666666666669 0.8838333333333334 
0.0 0.0 0.6958333333333333 0.8979999999999996 1.0 0.6353333333333331 0.9016666666666663 0.6358333333333335 0.8964999999999997 0.6371666666666667 0.2703333333333333 0.4318333333333333 0.3343333333333332 0.6318333333333335 0.5445 0.7865000000000001 0.0 0.0 0.0 0.04766666666666668 0.2815 0.02433333333333334 0.44583333333333336 0.5105000000000002 0.6041666666666667 0.9660000000000004 0.9013333333333332 0.873 0.0 0.0 0.12566666666666668 0.39899999999999997 0.0005 0.02350000000000001 0.8213333333333334 0.7988333333333333 0.5206666666666666 0.5133333333333331 0.5154999999999998 0.5205 0.14800000000000002 0.13783333333333336 0.40316666666666684 0.33616666666666667 0.16416666666666666 0.16966666666666666 0.24416666666666667 0.2458333333333333 0.044000000000000004 0.04100000000000001 0.6463333333333334 0.6051666666666665 0.01516666666666667 0.024500000000000008 0.31133333333333346 0.14550000000000002 0.0011666666666666668 0.0 0.4738333333333335 0.4683333333333332 0.6436666666666667 0.6436666666666668 0.03266666666666667 0.09400000000000004 0.8986666666666662 0.8984999999999996 0.9106666666666663 0.8953333333333329 0.28266666666666673 0.36199999999999993 0.05616666666666664 0.01633333333333334 0.04150000000000001 0.06983333333333336 0.11766666666666664 0.0895 0.07466666666666669 0.07183333333333336 0.0008333333333333334 0.0 0.0 0.0 0.0013333333333333335 0.0 0.569 0.8471666666666671 0.5060000000000001 0.5131666666666667 0.7893333333333336 0.7906666666666667 
0.06883333333333333 0.06833333333333334 0.33533333333333337 0.7234999999999999 0.6353333333333331 1.0 0.7276666666666667 0.893 0.7325 0.9263333333333337 0.4311666666666666 0.6859999999999999 0.5758333333333333 0.6328333333333336 0.5556666666666668 0.7558333333333332 0.067 0.06833333333333334 0.06566666666666668 0.049333333333333326 0.184 0.13616666666666666 0.1788333333333333 0.26966666666666667 0.24166666666666664 0.6396666666666665 0.5425 0.7398333333333332 0.068 0.06766666666666667 0.06766666666666667 0.17083333333333328 0.13533333333333333 0.2463333333333333 0.5363333333333332 0.5541666666666667 0.1616666666666666 0.15583333333333332 0.15683333333333332 0.16416666666666666 0.1366666666666667 0.11599999999999999 0.13016666666666668 0.10066666666666668 0.09383333333333335 0.0935 0.1463333333333334 0.139 0.09833333333333334 0.10183333333333332 0.7846666666666668 0.9043333333333331 0.09866666666666664 0.08349999999999999 0.22583333333333333 0.18716666666666665 0.07083333333333333 0.07566666666666667 0.7313333333333334 0.7313333333333334 0.8949999999999997 0.8934999999999995 0.17983333333333335 0.3026666666666667 0.7131666666666666 0.7239999999999999 0.7148333333333332 0.7304999999999998 0.0525 0.11299999999999998 0.13566666666666669 0.08500000000000002 0.18783333333333338 0.2161666666666667 0.26899999999999996 0.17533333333333334 0.161 0.15533333333333332 0.07683333333333335 0.06650000000000002 0.067 0.06833333333333334 0.06233333333333336 0.06966666666666667 0.3598333333333334 0.6698333333333335 0.14866666666666664 0.18033333333333332 0.8321666666666664 0.8334999999999998 
0.0 0.0 0.6031666666666669 0.9870000000000002 0.9016666666666663 0.7276666666666667 1.0 0.7285 0.9895 0.7293333333333334 0.3613333333333332 0.5228333333333335 0.42516666666666675 0.7201666666666668 0.6343333333333336 0.8735 0.0 0.0 0.0 0.04766666666666668 0.2658333333333334 0.003 0.445 0.5368333333333333 0.5093333333333332 0.9046666666666664 0.8086666666666666 0.8448333333333334 0.0 0.0 0.1256666666666667 0.4373333333333334 0.0 0.0986666666666667 0.8033333333333335 0.8214999999999998 0.42883333333333323 0.4213333333333334 0.4233333333333333 0.42849999999999994 0.06616666666666667 0.051999999999999984 0.3955000000000002 0.3326666666666666 0.16200000000000003 0.1673333333333333 0.23983333333333332 0.24133333333333326 0.04216666666666668 0.04016666666666666 0.638 0.6990000000000001 0.016000000000000004 0.023000000000000007 0.21850000000000003 0.13916666666666666 0.0011666666666666668 0.0 0.5666666666666669 0.5610000000000002 0.7381666666666667 0.7378333333333333 0.10966666666666665 0.17366666666666672 0.9816666666666669 0.9888333333333335 0.9739999999999999 0.9893333333333334 0.2833333333333334 0.36949999999999983 0.07516666666666665 0.010166666666666666 0.11883333333333329 0.14683333333333332 0.19783333333333336 0.10733333333333336 0.0021666666666666666 0.0011666666666666668 0.0 0.0 0.0 0.0 0.0005 0.0 0.6255000000000001 0.9331666666666664 0.4129999999999999 0.4478333333333332 0.8825000000000002 0.8816666666666666 
0.15516666666666667 0.15483333333333335 0.33616666666666667 0.7278333333333334 0.6358333333333335 0.893 0.7285 1.0 0.7353333333333336 0.8421666666666665 0.5164999999999998 0.7721666666666664 0.6619999999999999 0.7011666666666666 0.49050000000000016 0.7115000000000002 0.15266666666666667 0.15483333333333335 0.1521666666666667 0.10233333333333335 0.22566666666666665 0.22133333333333333 0.18016666666666661 0.27250000000000013 0.2421666666666667 0.6401666666666667 0.5439999999999999 0.7396666666666667 0.15383333333333338 0.15416666666666667 0.023333333333333338 0.17266666666666666 0.22166666666666657 0.333 0.5401666666666667 0.5576666666666668 0.1636666666666667 0.15783333333333333 0.15833333333333333 0.16616666666666668 0.22233333333333336 0.20049999999999993 0.13149999999999998 0.09283333333333334 0.027333333333333334 0.027166666666666672 0.09016666666666666 0.08616666666666668 0.02416666666666666 0.027166666666666662 0.7030000000000003 0.8246666666666664 0.1075 0.009833333333333338 0.16949999999999998 0.12416666666666665 0.15733333333333335 0.16216666666666668 0.816 0.8146666666666664 0.9756666666666665 0.9785000000000004 0.26583333333333337 0.389 0.7163333333333335 0.7273333333333335 0.7184999999999999 0.7341666666666669 0.051833333333333315 0.11399999999999999 0.19316666666666665 0.15666666666666662 0.2740000000000001 0.3021666666666667 0.3549999999999999 0.26166666666666666 0.2461666666666667 0.2403333333333334 0.06016666666666668 0.15200000000000002 0.15333333333333335 0.15433333333333335 0.1456666666666667 0.15600000000000003 0.36333333333333334 0.674666666666667 0.14933333333333337 0.18283333333333332 0.8269999999999997 0.8301666666666666 
0.0 0.0 0.5973333333333335 0.9868333333333336 0.8964999999999997 0.7325 0.9895 0.7353333333333336 1.0 0.7268333333333336 0.3626666666666666 0.5245000000000002 0.4261666666666668 0.7186666666666668 0.6318333333333336 0.8706666666666668 0.0 0.0 0.0 0.04783333333333334 0.26116666666666677 0.0023333333333333335 0.4406666666666667 0.5326666666666666 0.5033333333333332 0.9001666666666661 0.8044999999999999 0.8426666666666668 0.0 0.0 0.12533333333333335 0.4330000000000001 0.0 0.0986666666666667 0.8005 0.8180000000000001 0.42316666666666664 0.4161666666666665 0.41749999999999976 0.4233333333333333 0.06366666666666669 0.05 0.39033333333333353 0.32766666666666666 0.1576666666666667 0.1631666666666667 0.2343333333333334 0.2361666666666666 0.03916666666666667 0.0375 0.6443333333333334 0.7041666666666667 0.016000000000000004 0.02116666666666667 0.21283333333333337 0.13499999999999998 0.0011666666666666668 0.0 0.5710000000000002 0.5661666666666668 0.7446666666666668 0.7446666666666667 0.10966666666666665 0.1731666666666667 0.9765000000000001 0.9870000000000002 0.9794999999999999 0.9945000000000003 0.2826666666666667 0.3728333333333332 0.07233333333333332 0.0085 0.11883333333333329 0.14699999999999996 0.1985 0.10633333333333338 0.0006666666666666666 0.0 0.0003333333333333333 0.0 0.0 0.0 0.0005 0.0 0.6236666666666667 0.9346666666666664 0.4074999999999998 0.44283333333333325 0.8886666666666669 0.8875 
0.016666666666666666 0.0165 0.3379999999999999 0.7266666666666667 0.6371666666666667 0.9263333333333337 0.7293333333333334 0.8421666666666665 0.7268333333333336 1.0 0.3793333333333333 0.6338333333333334 0.5243333333333334 0.6116666666666665 0.6098333333333331 0.8040000000000004 0.015666666666666666 0.0165 0.014666666666666666 0.014166666666666668 0.1758333333333333 0.08383333333333337 0.18199999999999997 0.2731666666666667 0.24549999999999997 0.6425 0.5454999999999999 0.7419999999999999 0.016166666666666666 0.016 0.09699999999999998 0.1746666666666667 0.08300000000000005 0.19449999999999992 0.5400000000000001 0.5574999999999999 0.16583333333333333 0.16149999999999995 0.16149999999999998 0.17000000000000004 0.08683333333333333 0.06799999999999999 0.13433333333333333 0.12216666666666665 0.14899999999999997 0.14900000000000002 0.20600000000000004 0.1981666666666667 0.153 0.15649999999999997 0.8354999999999997 0.9570000000000006 0.07949999999999999 0.13583333333333328 0.28400000000000003 0.2451666666666666 0.018666666666666668 0.023500000000000007 0.6773333333333333 0.6759999999999999 0.8439999999999998 0.8438333333333332 0.12799999999999997 0.25066666666666665 0.7178333333333334 0.7278333333333333 0.7111666666666668 0.7266666666666667 0.048 0.10666666666666663 0.12650000000000003 0.04249999999999998 0.13583333333333333 0.1638333333333333 0.21716666666666673 0.12300000000000005 0.10883333333333337 0.1035 0.10033333333333332 0.014833333333333334 0.015499999999999998 0.016 0.02066666666666667 0.0175 0.3623333333333333 0.670666666666667 0.15416666666666667 0.18416666666666667 0.8296666666666666 0.8285000000000002 
0.6268333333333332 0.5988333333333332 0.04066666666666667 0.3629999999999999 0.2703333333333333 0.4311666666666666 0.3613333333333332 0.5164999999999998 0.3626666666666666 0.3793333333333333 1.0 0.6623333333333332 0.8523333333333332 0.4843333333333334 0.5256666666666667 0.36316666666666647 0.6200000000000001 0.631833333333333 0.6286666666666665 0.5761666666666667 0.17183333333333334 0.28466666666666673 0.023999999999999994 0.08166666666666669 0.015833333333333335 0.2795 0.18583333333333332 0.296 0.6309999999999998 0.631833333333333 0.3686666666666668 0.0915 0.5670000000000001 0.6536666666666668 0.18583333333333332 0.20366666666666675 0.005666666666666666 0.005833333333333334 0.006999999999999999 0.009333333333333332 0.3546666666666667 0.36583333333333334 0.0006666666666666666 0.0008333333333333334 0.0175 0.007333333333333334 0.001 0.0008333333333333333 0.09983333333333336 0.09616666666666668 0.3486666666666667 0.37916666666666665 0.5856666666666666 0.21349999999999994 0.09733333333333336 0.10166666666666668 0.6339999999999997 0.6271666666666664 0.6966666666666668 0.6964999999999999 0.507 0.5078333333333334 0.7425000000000002 0.7478333333333335 0.3556666666666666 0.3629999999999999 0.34649999999999986 0.3624999999999999 0.4253333333333334 0.35583333333333333 0.2613333333333333 0.25833333333333347 0.5101666666666668 0.5556666666666669 0.5738333333333333 0.48349999999999993 0.48349999999999993 0.5404999999999999 0.419 0.6168333333333331 0.6318333333333331 0.6286666666666665 0.6203333333333331 0.6331666666666664 0.1065 0.3091666666666666 0.007666666666666668 0.13333333333333333 0.3738333333333332 0.37633333333333335 
0.3003333333333333 0.2998333333333333 0.14083333333333337 0.5250000000000002 0.4318333333333333 0.6859999999999999 0.5228333333333335 0.7721666666666664 0.5245000000000002 0.6338333333333334 0.6623333333333332 1.0 0.8071666666666667 0.7098333333333336 0.4063333333333332 0.5253333333333334 0.2978333333333333 0.3003333333333333 0.2973333333333332 0.24683333333333335 0.07650000000000001 0.39966666666666656 0.060999999999999985 0.09366666666666669 0.05766666666666665 0.4409999999999999 0.3464999999999999 0.534 0.29883333333333323 0.2991666666666666 0.13216666666666665 0.09700000000000003 0.36699999999999994 0.47716666666666674 0.3398333333333333 0.3575 0.009666666666666667 0.009666666666666667 0.012833333333333332 0.020499999999999997 0.2691666666666666 0.2671666666666666 0.054666666666666634 0.06749999999999998 0.0785 0.079 0.059999999999999984 0.06283333333333332 0.08700000000000002 0.08816666666666668 0.53 0.6345 0.2523333333333333 0.1251666666666667 0.04716666666666666 0.01633333333333334 0.3024999999999999 0.3071666666666666 0.8836666666666667 0.8683333333333334 0.7618333333333334 0.7631666666666668 0.4109999999999998 0.5345 0.5169999999999999 0.5248333333333334 0.5081666666666667 0.5251666666666669 0.17250000000000007 0.12316666666666669 0.24466666666666673 0.24849999999999997 0.47699999999999987 0.5128333333333334 0.557 0.46666666666666656 0.3879999999999999 0.3843333333333333 0.19516666666666668 0.29716666666666663 0.2985 0.29949999999999993 0.2906666666666667 0.3011666666666667 0.16466666666666666 0.46983333333333327 0.010166666666666668 0.046166666666666654 0.6158333333333332 0.6191666666666665 
0.4893333333333333 0.485 0.084 0.4268333333333335 0.3343333333333332 0.5758333333333333 0.42516666666666675 0.6619999999999999 0.4261666666666668 0.5243333333333334 0.8523333333333332 0.8071666666666667 1.0 0.5471666666666667 0.5363333333333333 0.4265000000000002 0.4843333333333334 0.4896666666666667 0.48700000000000004 0.43599999999999994 0.08483333333333336 0.32799999999999996 0.022333333333333334 0.08116666666666669 0.023499999999999997 0.34333333333333316 0.24849999999999994 0.42883333333333334 0.4885 0.48966666666666664 0.3073333333333334 0.0728333333333333 0.5513333333333332 0.657166666666667 0.24183333333333337 0.2595 0.006666666666666666 0.006833333333333334 0.009000000000000001 0.01566666666666667 0.2856666666666667 0.2851666666666666 0.0005 0.0005 0.0015 0.0005 0.0 0.0 0.017333333333333333 0.019500000000000003 0.42666666666666664 0.5246666666666667 0.44266666666666654 0.08516666666666665 0.04866666666666666 0.023666666666666673 0.493 0.4976666666666667 0.8400000000000002 0.8408333333333334 0.6525 0.6538333333333334 0.6013333333333334 0.723 0.4191666666666667 0.42700000000000016 0.4103333333333334 0.42700000000000016 0.3526666666666666 0.2995 0.179 0.18066666666666664 0.4241666666666666 0.4725000000000001 0.49266666666666664 0.4031666666666667 0.5478333333333333 0.5574999999999999 0.3328333333333333 0.4836666666666666 0.48883333333333334 0.489 0.48066666666666663 0.49166666666666664 0.10650000000000004 0.37199999999999994 0.007666666666666666 0.12050000000000001 0.5094999999999998 0.5129999999999998 
0.12166666666666667 0.12133333333333335 0.3466666666666665 0.7268333333333333 0.6318333333333335 0.6328333333333336 0.7201666666666668 0.7011666666666666 0.7186666666666668 0.6116666666666665 0.4843333333333334 0.7098333333333336 0.5471666666666667 1.0 0.5950000000000001 0.7460000000000001 0.12116666666666667 0.12166666666666667 0.12066666666666666 0.07433333333333332 0.11816666666666667 0.2245000000000001 0.2676666666666667 0.30950000000000005 0.26916666666666667 0.6443333333333335 0.5533333333333332 0.5763333333333333 0.12116666666666667 0.1215 0.1595 0.30400000000000005 0.12050000000000002 0.21966666666666665 0.5446666666666666 0.5623333333333335 0.22316666666666662 0.22499999999999998 0.22716666666666663 0.23599999999999993 0.16116666666666662 0.14783333333333334 0.26649999999999996 0.2758333333333334 0.26833333333333337 0.27316666666666667 0.27533333333333326 0.2765 0.1625 0.15733333333333335 0.5369999999999999 0.5980000000000001 0.08966666666666667 0.14249999999999996 0.16199999999999995 0.10283333333333335 0.12266666666666669 0.12166666666666667 0.6528333333333335 0.6455 0.6943333333333331 0.6959999999999998 0.23133333333333328 0.29466666666666663 0.7218333333333333 0.7261666666666667 0.7036666666666668 0.7180000000000001 0.15966666666666668 0.21716666666666673 0.2815000000000001 0.2316666666666667 0.3235000000000002 0.3326666666666668 0.41383333333333333 0.31666666666666665 0.12050000000000002 0.12033333333333335 0.03583333333333333 0.12083333333333333 0.12083333333333333 0.12133333333333335 0.1225 0.12166666666666667 0.37116666666666664 0.6715000000000002 0.2243333333333333 0.26050000000000006 0.6456666666666666 0.649 
0.1631666666666667 0.1481666666666667 0.30100000000000005 0.6320000000000002 0.5445 0.5556666666666668 0.6343333333333336 0.49050000000000016 0.6318333333333336 0.6098333333333331 0.5256666666666667 0.4063333333333332 0.5363333333333333 0.5950000000000001 1.0 0.7373333333333334 0.15883333333333338 0.166 0.16566666666666666 0.16833333333333336 0.08283333333333333 0.02583333333333334 0.26600000000000007 0.313 0.25966666666666666 0.5549999999999999 0.4585 0.4876666666666666 0.16616666666666668 0.16683333333333333 0.40199999999999997 0.32116666666666666 0.16716666666666669 0.2663333333333334 0.4501666666666666 0.4661666666666666 0.22883333333333333 0.2266666666666666 0.2261666666666667 0.23149999999999996 0.038166666666666675 0.028833333333333332 0.23500000000000004 0.27216666666666667 0.3455 0.349 0.36200000000000015 0.3568333333333333 0.23733333333333342 0.22916666666666669 0.5951666666666668 0.6261666666666668 0.24150000000000005 0.25866666666666666 0.26683333333333326 0.2210000000000001 0.16949999999999998 0.16833333333333336 0.44233333333333336 0.4585 0.4916666666666668 0.49033333333333345 0.2778333333333334 0.34166666666666673 0.6258333333333335 0.631666666666667 0.6150000000000002 0.6308333333333336 0.32799999999999996 0.37583333333333324 0.13416666666666668 0.08933333333333332 0.13316666666666666 0.15383333333333332 0.21533333333333335 0.12066666666666669 0.13416666666666668 0.16366666666666668 0.18933333333333338 0.1596666666666667 0.16683333333333336 0.165 0.17733333333333337 0.16816666666666666 0.3388333333333333 0.5770000000000002 0.2275 0.3303333333333333 0.5459999999999998 0.5411666666666667 
0.0005 0.0005 0.49699999999999994 0.8785000000000001 0.7865000000000001 0.7558333333333332 0.8735 0.7115000000000002 0.8706666666666668 0.8040000000000004 0.36316666666666647 0.5253333333333334 0.4265000000000002 0.7460000000000001 0.7373333333333334 1.0 0.0005 0.0005 0.0008333333333333334 0.006 0.18666666666666662 0.005166666666666666 0.34216666666666656 0.4355 0.40483333333333343 0.7995 0.7038333333333333 0.7301666666666669 0.0005 0.0005 0.21166666666666664 0.3361666666666666 0.0 0.09883333333333334 0.6958333333333334 0.7146666666666668 0.32866666666666666 0.32449999999999996 0.3244999999999999 0.3345 0.069 0.053500000000000006 0.30116666666666675 0.2841666666666667 0.2711666666666668 0.2763333333333334 0.3436666666666667 0.33716666666666667 0.15400000000000003 0.15033333333333337 0.7311666666666667 0.7824999999999999 0.06916666666666665 0.13283333333333333 0.3135000000000001 0.24249999999999997 0.0016666666666666666 0.0005 0.5576666666666669 0.5525000000000001 0.7156666666666669 0.7151666666666668 0.11016666666666666 0.17383333333333337 0.8738333333333332 0.8783333333333333 0.8561666666666666 0.8705000000000002 0.18233333333333332 0.2553333333333334 0.10516666666666667 0.026166666666666668 0.12049999999999995 0.14716666666666664 0.2005 0.10666666666666667 0.00016666666666666666 0.0 0.07816666666666669 0.0005 0.0005 0.0005 0.0105 0.0005 0.5203333333333334 0.8223333333333332 0.317 0.3466666666666666 0.7823333333333331 0.7798333333333329 
0.9596666666666668 0.9358333333333334 0.03316666666666666 0.0 0.0 0.067 0.0 0.15266666666666667 0.0 0.015666666666666666 0.6200000000000001 0.2978333333333333 0.4843333333333334 0.12116666666666667 0.15883333333333338 0.0005 1.0 0.9563333333333336 0.959166666666667 0.9130000000000001 0.48899999999999977 0.58 0.27599999999999997 0.07683333333333334 0.037666666666666654 0.0 0.015333333333333336 0.014499999999999999 0.9588333333333336 0.9541666666666668 0.7066666666666669 0.35183333333333344 0.8825 0.7698333333333335 0.02566666666666666 0.02833333333333332 0.04416666666666665 0.04366666666666665 0.039666666666666656 0.03883333333333333 0.39683333333333337 0.4278333333333334 0.3090000000000001 0.3263333333333333 0.35916666666666663 0.3451666666666667 0.31716666666666665 0.3213333333333334 0.43983333333333335 0.43366666666666653 0.03966666666666666 0.01566666666666667 0.8663333333333334 0.5441666666666667 0.11816666666666664 0.4218333333333334 0.9451666666666664 0.9416666666666668 0.3324999999999999 0.3321666666666666 0.14316666666666664 0.14383333333333337 0.8365000000000002 0.7166666666666666 0.0 0.0 0.0 0.0 0.6733333333333333 0.5838333333333334 0.5083333333333332 0.566 0.6085 0.5638333333333335 0.5096666666666665 0.47133333333333327 0.6895 0.7776666666666665 0.7506666666666669 0.9545000000000005 0.9563333333333337 0.9605000000000004 0.9566666666666669 0.9476666666666667 0.09733333333333331 0.033666666666666664 0.040333333333333325 0.1255 0.010333333333333332 0.013000000000000001 
0.9866666666666667 0.9478333333333336 0.0030000000000000005 0.0 0.0 0.06833333333333334 0.0 0.15483333333333335 0.0 0.0165 0.631833333333333 0.3003333333333333 0.4896666666666667 0.12166666666666667 0.166 0.0005 0.9563333333333336 1.0 0.9911666666666668 0.9349999999999998 0.4539999999999999 0.5428333333333332 0.27866666666666684 0.037833333333333344 0.003833333333333333 0.0 0.0 0.015166666666666667 0.9936666666666669 0.9951666666666668 0.7260000000000002 0.3543333333333334 0.9243333333333331 0.8119999999999997 0.0011666666666666668 0.0016666666666666668 0.006999999999999999 0.006500000000000001 0.003833333333333333 0.004166666666666667 0.3625 0.38983333333333337 0.2710000000000001 0.2905 0.36433333333333323 0.3499999999999999 0.2786666666666666 0.2831666666666667 0.444 0.4371666666666666 0.03883333333333333 0.016666666666666666 0.9068333333333333 0.5663333333333332 0.08433333333333339 0.3806666666666667 0.9865000000000004 0.9831666666666667 0.3343333333333333 0.33416666666666656 0.1453333333333333 0.146 0.8779999999999998 0.7566666666666667 0.0 0.0 0.0 0.0 0.7010000000000001 0.6111666666666669 0.4696666666666666 0.5295000000000001 0.614 0.5668333333333332 0.5169999999999999 0.4664999999999999 0.6523333333333332 0.7653333333333333 0.7186666666666668 0.9320000000000003 0.9943333333333335 0.9915000000000002 0.9620000000000001 0.9898333333333335 0.09933333333333332 0.054499999999999986 0.0055 0.09983333333333333 0.011333333333333332 0.013833333333333333 
0.9885 0.9510000000000002 0.004666666666666667 0.0 0.0 0.06566666666666668 0.0 0.1521666666666667 0.0 0.014666666666666666 0.6286666666666665 0.2973333333333332 0.48700000000000004 0.12066666666666666 0.16566666666666666 0.0008333333333333334 0.959166666666667 0.9911666666666668 1.0 0.9398333333333332 0.45766666666666667 0.5441666666666665 0.2826666666666668 0.042166666666666686 0.0055 0.0 0.0 0.014166666666666666 0.9876666666666668 0.9890000000000002 0.7308333333333334 0.3581666666666667 0.9181666666666666 0.8051666666666665 0.0016666666666666666 0.0023333333333333335 0.009500000000000001 0.009000000000000001 0.005833333333333333 0.005833333333333333 0.36233333333333334 0.39116666666666666 0.275 0.2948333333333334 0.36883333333333324 0.35449999999999987 0.283 0.28783333333333333 0.44949999999999996 0.44299999999999995 0.03899999999999999 0.015000000000000005 0.9018333333333333 0.5714999999999999 0.0873333333333334 0.3861666666666668 0.9803333333333336 0.977 0.33199999999999996 0.33166666666666655 0.14266666666666666 0.14333333333333337 0.8715 0.7505 0.0 0.0 0.0 0.0 0.6971666666666667 0.6070000000000001 0.4723333333333332 0.5311666666666667 0.6163333333333334 0.5691666666666666 0.5186666666666667 0.4684999999999998 0.6536666666666666 0.7661666666666664 0.7205000000000001 0.9356666666666672 0.9915 0.9920000000000002 0.9588333333333335 0.9833333333333336 0.10349999999999998 0.05433333333333332 0.0071666666666666675 0.10016666666666665 0.009333333333333334 0.012000000000000002 
0.9400000000000002 0.9058333333333333 0.054833333333333345 0.04783333333333334 0.04766666666666668 0.049333333333333326 0.04766666666666668 0.10233333333333335 0.04783333333333334 0.014166666666666668 0.5761666666666667 0.24683333333333335 0.43599999999999994 0.07433333333333332 0.16833333333333336 0.006 0.9130000000000001 0.9349999999999998 0.9398333333333332 1.0 0.49433333333333335 0.4998333333333334 0.3366666666666667 0.09583333333333335 0.05616666666666667 0.04800000000000001 0.04766666666666668 0.06183333333333334 0.9331666666666666 0.9341666666666666 0.7356666666666668 0.41216666666666674 0.8616666666666666 0.7490000000000002 0.05033333333333335 0.051000000000000024 0.062166666666666676 0.061333333333333344 0.0575 0.057666666666666665 0.3155 0.347 0.32916666666666655 0.3424999999999999 0.3773333333333333 0.36333333333333323 0.2928333333333333 0.29866666666666664 0.45916666666666667 0.45250000000000007 0.041166666666666664 0.014000000000000004 0.879 0.5791666666666667 0.09383333333333338 0.3953333333333333 0.9245 0.9211666666666667 0.2818333333333334 0.2823333333333333 0.09333333333333334 0.09433333333333335 0.8156666666666667 0.6940000000000001 0.04750000000000001 0.04750000000000001 0.04750000000000001 0.04750000000000001 0.7393333333333334 0.6488333333333334 0.43083333333333335 0.4865 0.5719999999999998 0.5248333333333334 0.4746666666666666 0.4245000000000001 0.6096666666666668 0.7153333333333335 0.718166666666667 0.8876666666666665 0.9361666666666667 0.9395 0.906166666666667 0.9264999999999999 0.15683333333333338 0.10200000000000001 0.05900000000000001 0.14866666666666664 0.05050000000000001 0.05133333333333333 
0.4639999999999999 0.4948333333333333 0.40850000000000014 0.2706666666666668 0.2815 0.184 0.2658333333333334 0.22566666666666665 0.26116666666666677 0.1758333333333333 0.17183333333333334 0.07650000000000001 0.08483333333333336 0.11816666666666667 0.08283333333333333 0.18666666666666662 0.48899999999999977 0.4539999999999999 0.45766666666666667 0.49433333333333335 1.0 0.5364999999999999 0.5625 0.4661666666666667 0.44633333333333325 0.2806666666666667 0.32266666666666666 0.2905 0.45416666666666666 0.4513333333333333 0.31916666666666665 0.5575000000000001 0.38600000000000007 0.28466666666666673 0.34216666666666656 0.3436666666666666 0.5116666666666666 0.5126666666666666 0.5063333333333333 0.5018333333333334 0.4785000000000001 0.4816666666666668 0.6275 0.5643333333333336 0.3916666666666667 0.3924999999999999 0.507 0.5025000000000002 0.46199999999999997 0.4668333333333334 0.1696666666666667 0.14633333333333334 0.4083333333333334 0.4158333333333332 0.4583333333333332 0.7391666666666665 0.44366666666666654 0.44116666666666654 0.09966666666666668 0.09833333333333333 0.234 0.23299999999999998 0.34633333333333327 0.23499999999999996 0.2753333333333334 0.2725000000000001 0.2656666666666667 0.26150000000000007 0.38116666666666643 0.4035000000000001 0.6149999999999999 0.5523333333333335 0.42516666666666686 0.3575 0.3383333333333332 0.32433333333333325 0.3648333333333333 0.3395 0.5518333333333332 0.5009999999999998 0.4536666666666666 0.4594999999999999 0.46400000000000013 0.4453333333333333 0.41716666666666663 0.28683333333333344 0.4973333333333332 0.41316666666666685 0.25616666666666665 0.2615 
0.5535 0.5851666666666668 0.16083333333333333 0.0011666666666666668 0.02433333333333334 0.13616666666666666 0.003 0.22133333333333333 0.0023333333333333335 0.08383333333333337 0.28466666666666673 0.39966666666666656 0.32799999999999996 0.2245000000000001 0.02583333333333334 0.005166666666666666 0.58 0.5428333333333332 0.5441666666666665 0.4998333333333334 0.5364999999999999 1.0 0.42283333333333345 0.2315 0.23099999999999996 0.024666666666666667 0.06516666666666668 0.09483333333333334 0.5431666666666667 0.5401666666666667 0.4041666666666666 0.41966666666666674 0.59 0.5035000000000001 0.08600000000000002 0.08216666666666667 0.23283333333333328 0.23266666666666666 0.2256666666666666 0.2205 0.5019999999999998 0.5158333333333335 0.5025 0.5255 0.48966666666666675 0.5003333333333334 0.5241666666666667 0.5293333333333333 0.519 0.5326666666666668 0.06883333333333334 0.0841666666666667 0.456 0.48883333333333345 0.22166666666666665 0.4830000000000002 0.5333333333333333 0.5416666666666666 0.30200000000000005 0.29500000000000004 0.21216666666666664 0.21216666666666661 0.44533333333333336 0.44349999999999995 0.003 0.0015 0.005 0.0023333333333333335 0.3218333333333333 0.2583333333333333 0.6821666666666669 0.7531666666666668 0.6501666666666668 0.5833333333333334 0.5905 0.5810000000000001 0.6280000000000001 0.5638333333333334 0.5786666666666668 0.5991666666666667 0.5409999999999999 0.5476666666666666 0.5509999999999999 0.5365 0.17233333333333334 0.022166666666666668 0.2236666666666667 0.15833333333333327 0.07433333333333336 0.07650000000000004 
0.2893333333333334 0.32699999999999996 0.5105 0.44400000000000006 0.44583333333333336 0.1788333333333333 0.445 0.18016666666666661 0.4406666666666667 0.18199999999999997 0.023999999999999994 0.060999999999999985 0.022333333333333334 0.2676666666666667 0.26600000000000007 0.34216666666666656 0.27599999999999997 0.27866666666666684 0.2826666666666668 0.3366666666666667 0.5625 0.42283333333333345 1.0 0.6713333333333334 0.5668333333333332 0.4505000000000001 0.4606666666666667 0.36033333333333345 0.2763333333333334 0.2765000000000001 0.42700000000000016 0.8475 0.2716666666666667 0.2403333333333334 0.48266666666666674 0.48816666666666664 0.5325 0.5253333333333333 0.5170000000000001 0.509 0.16216666666666668 0.17983333333333335 0.8363333333333332 0.8079999999999999 0.6495000000000001 0.6671666666666666 0.693 0.6998333333333335 0.5338333333333334 0.5406666666666666 0.146 0.1493333333333334 0.2516666666666667 0.43616666666666665 0.2615 0.44749999999999995 0.268 0.2708333333333335 0.04166666666666666 0.046166666666666654 0.18850000000000008 0.18783333333333332 0.22933333333333336 0.1673333333333333 0.44666666666666666 0.445 0.4511666666666666 0.43966666666666676 0.47050000000000014 0.5283333333333335 0.4846666666666665 0.4755000000000002 0.4355 0.3776666666666666 0.36416666666666686 0.3475 0.25433333333333336 0.20849999999999994 0.3151666666666667 0.27516666666666667 0.2783333333333334 0.28383333333333344 0.25816666666666666 0.2708333333333335 0.6816666666666668 0.4961666666666666 0.5078333333333332 0.48033333333333333 0.33333333333333326 0.33583333333333326 
0.04833333333333333 0.08716666666666667 0.7331666666666667 0.5425 0.5105000000000002 0.26966666666666667 0.5368333333333333 0.27250000000000013 0.5326666666666666 0.2731666666666667 0.08166666666666669 0.09366666666666669 0.08116666666666669 0.30950000000000005 0.313 0.4355 0.07683333333333334 0.037833333333333344 0.042166666666666686 0.09583333333333335 0.4661666666666667 0.2315 0.6713333333333334 1.0 0.7894999999999996 0.49983333333333335 0.584 0.41133333333333333 0.039000000000000014 0.03583333333333334 0.1768333333333334 0.5880000000000001 0.031000000000000007 0.09783333333333336 0.6651666666666668 0.6778333333333331 0.7735000000000001 0.7674999999999998 0.7593333333333336 0.7513333333333335 0.3981666666666666 0.39983333333333343 0.6811666666666669 0.5960000000000001 0.3493333333333333 0.36599999999999994 0.5178333333333335 0.5178333333333331 0.23166666666666672 0.23866666666666675 0.20000000000000004 0.24050000000000007 0.01466666666666667 0.13466666666666668 0.503 0.36466666666666664 0.02766666666666667 0.03066666666666667 0.11616666666666667 0.1155 0.28049999999999997 0.2796666666666667 0.09350000000000001 0.08200000000000003 0.5519999999999999 0.5418333333333334 0.5475 0.5311666666666667 0.2521666666666666 0.31783333333333336 0.3401666666666667 0.2796666666666667 0.271 0.30866666666666676 0.2775000000000001 0.37083333333333335 0.21233333333333326 0.12016666666666664 0.15116666666666667 0.0965 0.03800000000000001 0.04333333333333335 0.05600000000000001 0.030333333333333337 0.8329999999999997 0.5513333333333332 0.7491666666666668 0.7283333333333334 0.42849999999999994 0.431 
0.008833333333333334 0.033499999999999995 0.8896666666666665 0.5098333333333332 0.6041666666666667 0.24166666666666664 0.5093333333333332 0.2421666666666667 0.5033333333333332 0.24549999999999997 0.015833333333333335 0.05766666666666665 0.023499999999999997 0.26916666666666667 0.25966666666666666 0.40483333333333343 0.037666666666666654 0.003833333333333333 0.0055 0.05616666666666667 0.44633333333333325 0.23099999999999996 0.5668333333333332 0.7894999999999996 1.0 0.5988333333333332 0.693 0.4853333333333335 0.006 0.0021666666666666666 0.14083333333333334 0.49750000000000016 0.0018333333333333335 0.0018333333333333333 0.6971666666666665 0.679 0.8884999999999998 0.883 0.8850000000000002 0.879166666666667 0.5150000000000001 0.4941666666666667 0.5815 0.4968333333333332 0.2508333333333333 0.2663333333333333 0.42 0.4186666666666667 0.13200000000000003 0.13883333333333334 0.2551666666666667 0.2108333333333333 0.0006666666666666666 0.06699999999999999 0.6306666666666666 0.33633333333333326 0.0003333333333333333 0.0015000000000000002 0.08366666666666665 0.08133333333333333 0.2506666666666667 0.24949999999999992 0.0008333333333333333 0.0031666666666666666 0.5201666666666664 0.5108333333333331 0.5199999999999998 0.5014999999999998 0.24350000000000002 0.3116666666666667 0.23266666666666672 0.18500000000000003 0.09583333333333338 0.13600000000000004 0.10716666666666669 0.24349999999999997 0.23650000000000004 0.14266666666666666 0.1573333333333333 0.06416666666666666 0.004333333333333333 0.006166666666666667 0.027833333333333328 0.0016666666666666668 0.6913333333333331 0.5076666666666665 0.8720000000000003 0.7865000000000002 0.39666666666666667 0.3988333333333333 
