1.0 0.586 0.06366666666666668 0.11150000000000002 0.11833333333333332 0.00016666666666666666 0.11583333333333334 0.23066666666666663 0.7393333333333334 0.8921666666666666 0.8803333333333334 0.9305000000000001 0.9411666666666667 0.9303333333333331 0.9271666666666668 0.9253333333333335 0.9036666666666666 0.8500000000000001 0.08600000000000002 0.07816666666666666 0.003333333333333333 0.011333333333333332 0.11566666666666667 0.13149999999999995 0.0 0.0 0.0716666666666667 0.0013333333333333333 0.9036666666666665 0.9029999999999997 0.15950000000000006 0.38783333333333325 0.8488333333333336 0.6266666666666666 0.0 0.0 0.002833333333333333 0.08983333333333329 0.0025 0.0025 0.34533333333333327 0.32750000000000007 0.10616666666666667 0.13 0.4006666666666667 0.5756666666666667 0.028166666666666663 0.23466666666666658 0.7796666666666665 0.7488333333333334 0.4759999999999999 0.7203333333333333 0.03416666666666668 0.2686666666666666 0.14666666666666667 0.0031666666666666666 0.7116666666666667 0.6249999999999998 0.1236666666666667 0.5169999999999999 0.4685 0.6558333333333334 0.9403333333333335 0.9476666666666667 0.2465 0.29749999999999993 0.05916666666666667 0.17066666666666666 0.06616666666666667 0.4006666666666668 0.06416666666666668 0.06666666666666667 0.5981666666666666 0.6896666666666664 0.5964999999999999 0.6670000000000001 0.06266666666666668 0.06666666666666667 0.8996666666666664 0.8908333333333333 0.9105 0.9063333333333331 0.7160000000000002 0.8804999999999997 0.9213333333333332 0.7236666666666666 0.011666666666666667 0.0 0.7175 0.055833333333333346 
0.586 1.0 0.07366666666666667 0.006500000000000001 0.01316666666666667 0.15433333333333332 0.14316666666666666 0.16416666666666668 0.35566666666666663 0.5706666666666667 0.6513333333333334 0.5251666666666668 0.5385000000000001 0.5248333333333333 0.5224999999999999 0.5218333333333333 0.5231666666666667 0.6026666666666667 0.48333333333333345 0.47633333333333316 0.21933333333333332 0.27866666666666673 0.007333333333333334 0.008666666666666668 0.195 0.1973333333333334 0.07866666666666668 0.12966666666666665 0.5228333333333332 0.5216666666666666 0.05500000000000001 0.11833333333333326 0.46600000000000014 0.34583333333333344 0.20449999999999993 0.20616666666666672 0.25766666666666665 0.264 0.26049999999999995 0.24733333333333335 0.5855 0.4193333333333333 0.15033333333333332 0.3196666666666666 0.10733333333333332 0.2825 0.353 0.6170000000000001 0.5226666666666666 0.4253333333333334 0.2588333333333333 0.34416666666666673 0.16416666666666668 0.07166666666666667 0.05733333333333334 0.24849999999999994 0.8633333333333334 0.9375000000000003 0.4176666666666666 0.8835000000000001 0.21066666666666667 0.4528333333333333 0.538 0.5573333333333335 0.003833333333333333 0.004666666666666666 0.19233333333333336 0.15199999999999997 0.4676666666666667 0.13949999999999996 0.4611666666666666 0.45433333333333337 0.7568333333333334 0.8553333333333333 0.9251666666666667 0.5011666666666666 0.46416666666666656 0.46799999999999997 0.5186666666666666 0.5178333333333334 0.5259999999999999 0.5314999999999999 0.5846666666666666 0.5548333333333333 0.5183333333333333 0.32116666666666666 0.28883333333333333 0.20283333333333334 0.4083333333333334 0.2023333333333333 
0.06366666666666668 0.07366666666666667 1.0 0.8459999999999998 0.7516666666666665 0.7333333333333333 0.5336666666666665 0.4316666666666668 0.22400000000000003 0.11449999999999998 0.08433333333333336 0.06466666666666669 0.06700000000000002 0.06566666666666668 0.06716666666666668 0.06733333333333336 0.04483333333333334 0.027666666666666662 0.16383333333333333 0.15166666666666667 0.509 0.39449999999999996 0.8766666666666663 0.8618333333333332 0.7173333333333334 0.6996666666666665 0.7255000000000001 0.738 0.044000000000000004 0.044000000000000004 0.7509999999999998 0.5666666666666667 0.07549999999999998 0.09849999999999999 0.5036666666666666 0.5043333333333334 0.4186666666666669 0.6365000000000001 0.41550000000000004 0.44099999999999995 0.13883333333333334 0.19866666666666663 0.7801666666666668 0.6880000000000002 0.45399999999999985 0.21833333333333318 0.3135 0.2353333333333333 0.16466666666666657 0.16566666666666666 0.5209999999999999 0.2401666666666667 0.6348333333333334 0.7498333333333335 0.45833333333333315 0.4488333333333334 0.06783333333333333 0.07233333333333332 0.20050000000000004 0.075 0.18399999999999994 0.126 0.06483333333333335 0.06550000000000003 0.5190000000000001 0.6711666666666666 0.4698333333333333 0.3401666666666667 0.15533333333333332 0.1516666666666667 0.17300000000000001 0.20516666666666666 0.11066666666666664 0.07116666666666667 0.07500000000000001 0.13816666666666666 0.1678333333333333 0.1685 0.045 0.05699999999999998 0.044333333333333336 0.04466666666666666 0.05183333333333333 0.04616666666666666 0.06650000000000002 0.23283333333333342 0.40550000000000014 0.6609999999999998 0.1266666666666667 0.5726666666666667 
0.11150000000000002 0.006500000000000001 0.8459999999999998 1.0 0.7624999999999998 0.6288333333333332 0.5584999999999998 0.5493333333333335 0.24350000000000008 0.163 0.12650000000000003 0.11366666666666665 0.11666666666666665 0.11533333333333332 0.1145 0.11583333333333332 0.09150000000000003 0.030000000000000006 0.0775 0.07750000000000001 0.41999999999999976 0.3085 0.9401666666666665 0.9296666666666665 0.6010000000000002 0.5836666666666667 0.6338333333333334 0.6555000000000001 0.09000000000000004 0.09133333333333336 0.6955 0.6261666666666665 0.1428333333333334 0.163 0.42016666666666663 0.4211666666666666 0.33433333333333337 0.5974999999999998 0.32983333333333337 0.3555 0.048999999999999995 0.09216666666666669 0.772 0.6400000000000001 0.5524999999999999 0.30400000000000005 0.23016666666666658 0.20483333333333337 0.18683333333333338 0.23116666666666674 0.5966666666666668 0.31100000000000005 0.5788333333333334 0.7963333333333334 0.43883333333333346 0.3579999999999999 0.003 0.006 0.12733333333333335 0.016833333333333336 0.23100000000000004 0.21316666666666662 0.11383333333333331 0.1156666666666667 0.5606666666666666 0.7573333333333332 0.40283333333333327 0.4476666666666666 0.07800000000000001 0.18733333333333335 0.091 0.1218333333333333 0.015 0.0045 0.009833333333333333 0.1418333333333333 0.08566666666666667 0.086 0.09483333333333334 0.10299999999999997 0.09266666666666667 0.08633333333333335 0.014500000000000006 0.061166666666666675 0.1191666666666667 0.30400000000000005 0.3134999999999999 0.5443333333333333 0.19666666666666674 0.4878333333333336 
0.11833333333333332 0.01316666666666667 0.7516666666666665 0.7624999999999998 1.0 0.8176666666666667 0.6068333333333331 0.36316666666666675 0.2576666666666666 0.12683333333333333 0.13616666666666666 0.12016666666666666 0.124 0.12133333333333333 0.12116666666666666 0.11933333333333333 0.09533333333333335 0.03416666666666666 0.25266666666666676 0.23916666666666667 0.594 0.47466666666666657 0.7799999999999998 0.7489999999999999 0.7726666666666666 0.7706666666666666 0.8301666666666666 0.8253333333333331 0.09500000000000001 0.09583333333333335 0.7218333333333332 0.5311666666666668 0.11716666666666666 0.14116666666666666 0.5823333333333333 0.5834999999999999 0.5060000000000002 0.5853333333333333 0.5018333333333334 0.5276666666666667 0.22066666666666668 0.282 0.6606666666666665 0.5166666666666667 0.3828333333333333 0.16483333333333333 0.4046666666666667 0.06999999999999999 0.179 0.13900000000000007 0.46249999999999986 0.19833333333333336 0.6844999999999999 0.6796666666666665 0.6140000000000001 0.5361666666666667 0.008666666666666668 0.012166666666666668 0.2995 0.013166666666666669 0.33766666666666667 0.18866666666666668 0.122 0.12266666666666667 0.5988333333333332 0.5724999999999999 0.5584999999999999 0.41899999999999993 0.24266666666666667 0.35633333333333334 0.2633333333333334 0.2918333333333333 0.09766666666666665 0.011333333333333336 0.013833333333333333 0.24733333333333335 0.2596666666666667 0.25883333333333336 0.09516666666666668 0.10583333333333336 0.0981666666666667 0.0915 0.08250000000000002 0.066 0.12249999999999997 0.22649999999999995 0.49550000000000005 0.7426666666666665 0.2933333333333334 0.6815000000000002 
0.00016666666666666666 0.15433333333333332 0.7333333333333333 0.6288333333333332 0.8176666666666667 1.0 0.4733333333333333 0.2075 0.12250000000000005 0.004 0.024666666666666674 0.0 0.0008333333333333333 0.0003333333333333333 0.00016666666666666666 0.0006666666666666666 0.005833333333333334 0.07833333333333338 0.3933333333333332 0.38499999999999995 0.7506666666666665 0.6296666666666667 0.6451666666666666 0.6296666666666667 0.9268333333333335 0.9326666666666668 0.8054999999999999 0.9409999999999998 0.004833333333333334 0.0045000000000000005 0.7066666666666667 0.43700000000000017 0.006000000000000001 0.06016666666666666 0.7398333333333332 0.74 0.6616666666666667 0.7441666666666665 0.657 0.6834999999999998 0.37266666666666665 0.4381666666666667 0.68 0.6663333333333336 0.26666666666666666 0.04583333333333332 0.5515000000000001 0.21066666666666667 0.13300000000000006 0.019166666666666672 0.3463333333333333 0.08066666666666666 0.7676666666666664 0.563 0.6128333333333336 0.6909999999999998 0.15116666666666664 0.15499999999999997 0.3331666666666666 0.15416666666666662 0.193 0.04583333333333333 0.0005 0.0005 0.45433333333333314 0.44783333333333347 0.5813333333333334 0.3241666666666667 0.38916666666666666 0.24066666666666667 0.41050000000000003 0.4378333333333333 0.23933333333333326 0.15383333333333332 0.1593333333333333 0.15033333333333335 0.40633333333333327 0.4051666666666667 0.006166666666666667 0.01583333333333333 0.002666666666666667 0.007833333333333333 0.20166666666666663 0.032833333333333325 0.0008333333333333333 0.1085 0.6486666666666667 0.9033333333333333 0.15550000000000003 0.6996666666666665 
0.11583333333333334 0.14316666666666666 0.5336666666666665 0.5584999999999998 0.6068333333333331 0.4733333333333333 1.0 0.5131666666666667 0.29816666666666664 0.17016666666666672 0.1838333333333334 0.11449999999999998 0.11833333333333335 0.11566666666666667 0.11600000000000002 0.11433333333333331 0.08950000000000002 0.03300000000000001 0.4859999999999999 0.4581666666666666 0.5485 0.5766666666666668 0.5404999999999999 0.5125000000000001 0.44383333333333325 0.43833333333333335 0.5756666666666667 0.48933333333333323 0.08950000000000002 0.09016666666666669 0.4918333333333333 0.32433333333333336 0.11466666666666665 0.20033333333333336 0.5741666666666665 0.5766666666666665 0.5883333333333333 0.28050000000000014 0.5913333333333335 0.5845000000000001 0.30949999999999994 0.2526666666666667 0.4053333333333333 0.30383333333333334 0.3658333333333333 0.22116666666666668 0.5653333333333334 0.3066666666666666 0.12616666666666665 0.16866666666666671 0.3666666666666668 0.18166666666666662 0.4873333333333333 0.43783333333333346 0.5926666666666667 0.5723333333333334 0.07683333333333332 0.14450000000000002 0.5405000000000001 0.14833333333333332 0.5193333333333332 0.26466666666666666 0.11716666666666668 0.12133333333333333 0.7766666666666667 0.4438333333333333 0.6850000000000002 0.5061666666666667 0.4816666666666666 0.47149999999999986 0.5043333333333333 0.5343333333333333 0.17733333333333332 0.08683333333333333 0.14950000000000002 0.3405 0.49916666666666665 0.4998333333333333 0.08950000000000002 0.09150000000000003 0.09250000000000004 0.08683333333333333 0.032333333333333325 0.061499999999999985 0.1168333333333333 0.13449999999999998 0.5868333333333334 0.4593333333333333 0.2548333333333333 0.6795 
0.23066666666666663 0.16416666666666668 0.4316666666666668 0.5493333333333335 0.36316666666666675 0.2075 0.5131666666666667 1.0 0.3508333333333332 0.3268333333333334 0.22883333333333333 0.196 0.2111666666666667 0.19933333333333342 0.19733333333333342 0.19466666666666668 0.16966666666666672 0.11233333333333334 0.32233333333333336 0.36849999999999994 0.1731666666666667 0.2375 0.5255000000000001 0.5158333333333333 0.18150000000000005 0.16683333333333333 0.2206666666666667 0.22366666666666662 0.1685000000000001 0.17000000000000007 0.33483333333333326 0.36899999999999983 0.2671666666666667 0.38933333333333336 0.18200000000000005 0.18233333333333335 0.22083333333333324 0.2306666666666667 0.2245 0.2126666666666667 0.109 0.07183333333333333 0.3803333333333333 0.2581666666666667 0.5633333333333332 0.5568333333333334 0.26083333333333336 0.4640000000000001 0.1641666666666667 0.393 0.4088333333333333 0.3453333333333334 0.18783333333333335 0.4320000000000001 0.25233333333333335 0.19533333333333328 0.0965 0.13199999999999998 0.39466666666666655 0.23533333333333334 0.48266666666666674 0.5486666666666666 0.20650000000000004 0.22600000000000006 0.49399999999999994 0.5313333333333332 0.33983333333333343 0.6758333333333334 0.366 0.46616666666666673 0.33166666666666667 0.298 0.07716666666666665 0.06549999999999996 0.1508333333333333 0.2358333333333333 0.332 0.33299999999999996 0.17266666666666677 0.16950000000000007 0.17500000000000004 0.17000000000000004 0.08100000000000002 0.14350000000000004 0.20283333333333342 0.3173333333333334 0.2005 0.13516666666666663 0.31166666666666665 0.28883333333333333 
0.7393333333333334 0.35566666666666663 0.22400000000000003 0.24350000000000008 0.2576666666666666 0.12250000000000005 0.29816666666666664 0.3508333333333332 1.0 0.7451666666666666 0.681 0.7514999999999997 0.7661666666666666 0.7533333333333332 0.7536666666666666 0.7439999999999998 0.7226666666666666 0.6659999999999999 0.14033333333333334 0.1353333333333333 0.09100000000000001 0.09833333333333333 0.2486666666666666 0.25416666666666665 0.11950000000000001 0.10950000000000003 0.17133333333333334 0.12916666666666665 0.7231666666666666 0.7231666666666666 0.32799999999999996 0.3368333333333334 0.6683333333333333 0.5111666666666665 0.08833333333333333 0.08900000000000001 0.08900000000000001 0.06283333333333331 0.08950000000000001 0.08983333333333335 0.43133333333333324 0.44366666666666676 0.16066666666666662 0.10466666666666667 0.4093333333333334 0.5295000000000001 0.09233333333333334 0.15700000000000003 0.5865 0.6616666666666666 0.42833333333333334 0.6773333333333333 0.10533333333333333 0.28650000000000003 0.22083333333333333 0.09083333333333334 0.4824999999999999 0.3953333333333333 0.17883333333333332 0.2853333333333333 0.493 0.45416666666666666 0.7624999999999998 0.7551666666666667 0.42766666666666664 0.40766666666666657 0.15333333333333335 0.21100000000000002 0.12433333333333334 0.4543333333333333 0.12066666666666666 0.11900000000000001 0.5423333333333331 0.4861666666666666 0.371 0.6435 0.11816666666666668 0.12299999999999998 0.7204999999999999 0.7143333333333333 0.73 0.7245000000000001 0.6124999999999998 0.6991666666666667 0.7471666666666665 0.6265000000000002 0.09216666666666669 0.09983333333333334 0.6700000000000002 0.16583333333333333 
0.8921666666666666 0.5706666666666667 0.11449999999999998 0.163 0.12683333333333333 0.004 0.17016666666666672 0.3268333333333334 0.7451666666666666 1.0 0.7935 0.8368333333333335 0.8523333333333334 0.8393333333333333 0.8373333333333334 0.833 0.8075000000000001 0.7530000000000001 0.13116666666666663 0.12333333333333334 0.006166666666666666 0.02 0.16700000000000004 0.18266666666666664 0.0085 0.0016666666666666666 0.07550000000000003 0.0085 0.8088333333333334 0.8085000000000001 0.1998333333333334 0.36900000000000005 0.7644999999999998 0.5933333333333334 0.003 0.0031666666666666666 0.008666666666666666 0.09016666666666664 0.008666666666666666 0.007500000000000002 0.3055 0.2826666666666667 0.14049999999999999 0.15049999999999997 0.42500000000000004 0.6285000000000001 0.053999999999999986 0.3048333333333333 0.6986666666666668 0.7781666666666669 0.4941666666666667 0.6964999999999998 0.03666666666666669 0.29583333333333334 0.1465 0.008 0.6383333333333333 0.5653333333333336 0.16983333333333334 0.5096666666666666 0.42700000000000005 0.6540000000000002 0.8499999999999999 0.8651666666666668 0.29400000000000004 0.3468333333333334 0.07500000000000001 0.2176666666666667 0.11266666666666668 0.4448333333333334 0.10683333333333332 0.09983333333333334 0.5113333333333333 0.6026666666666667 0.5585 0.5913333333333332 0.10766666666666663 0.11116666666666664 0.8045000000000002 0.7983333333333333 0.8163333333333334 0.8114999999999999 0.6709999999999999 0.7856666666666667 0.8313333333333333 0.6430000000000001 0.0165 0.0016666666666666666 0.6926666666666667 0.06000000000000001 
0.8803333333333334 0.6513333333333334 0.08433333333333336 0.12650000000000003 0.13616666666666666 0.024666666666666674 0.1838333333333334 0.22883333333333333 0.681 0.7935 1.0 0.8486666666666665 0.8638333333333335 0.8489999999999998 0.8483333333333333 0.8414999999999999 0.817333333333333 0.7681666666666668 0.1495 0.14366666666666666 0.028666666666666667 0.04466666666666667 0.12816666666666668 0.12866666666666665 0.02483333333333333 0.024666666666666667 0.096 0.024333333333333346 0.8173333333333329 0.8173333333333328 0.10600000000000001 0.2935 0.7655000000000001 0.5376666666666666 0.026999999999999996 0.026333333333333334 0.034499999999999996 0.10916666666666669 0.03483333333333333 0.02849999999999999 0.42216666666666663 0.37450000000000006 0.12483333333333334 0.15366666666666673 0.30449999999999994 0.47966666666666663 0.07450000000000001 0.2904999999999999 0.6966666666666665 0.6493333333333333 0.4261666666666667 0.6329999999999999 0.05849999999999999 0.22416666666666665 0.11066666666666666 0.032999999999999995 0.7708333333333333 0.6921666666666666 0.18766666666666673 0.5815 0.45166666666666666 0.6226666666666669 0.8640000000000001 0.8695000000000002 0.21250000000000002 0.2071666666666667 0.0855 0.18566666666666673 0.13100000000000006 0.3035000000000001 0.12616666666666665 0.1295 0.6741666666666667 0.7634999999999998 0.6605 0.7410000000000001 0.12533333333333332 0.12983333333333336 0.8123333333333329 0.8048333333333332 0.8255 0.8206666666666667 0.6535000000000001 0.7951666666666668 0.8439999999999998 0.6396666666666667 0.05166666666666666 0.026999999999999996 0.7003333333333335 0.10583333333333332 
0.9305000000000001 0.5251666666666668 0.06466666666666669 0.11366666666666665 0.12016666666666666 0.0 0.11449999999999998 0.196 0.7514999999999997 0.8368333333333335 0.8486666666666665 1.0 0.9760000000000004 0.9911666666666669 0.9876666666666671 0.9841666666666669 0.9651666666666668 0.9069999999999997 0.024833333333333332 0.02316666666666666 0.0 0.004 0.11649999999999999 0.13316666666666666 0.00016666666666666666 0.0 0.07250000000000004 0.0018333333333333335 0.9645000000000004 0.9648333333333334 0.16016666666666662 0.40850000000000014 0.9008333333333332 0.6489999999999999 0.0 0.0 0.0 0.09233333333333332 0.0 0.0 0.3335000000000001 0.3761666666666668 0.10716666666666667 0.1305 0.4273333333333335 0.6049999999999996 0.0 0.17433333333333323 0.8200000000000002 0.7786666666666667 0.4803333333333334 0.7793333333333332 0.03416666666666668 0.2694999999999999 0.14583333333333331 0.0 0.6551666666666666 0.5686666666666667 0.06366666666666668 0.4616666666666667 0.4159999999999999 0.6036666666666667 0.9811666666666672 0.9595 0.25366666666666665 0.3185 0.05916666666666668 0.16150000000000003 0.010000000000000002 0.35800000000000004 0.004833333333333333 0.007666666666666667 0.563 0.6566666666666667 0.5380000000000001 0.6133333333333334 0.003833333333333333 0.007166666666666666 0.9605000000000001 0.9523333333333335 0.9723333333333334 0.9658333333333334 0.7693333333333334 0.9389999999999995 0.9835000000000003 0.7871666666666668 0.0 0.0 0.6961666666666669 0.05283333333333335 
0.9411666666666667 0.5385000000000001 0.06700000000000002 0.11666666666666665 0.124 0.0008333333333333333 0.11833333333333335 0.2111666666666667 0.7661666666666666 0.8523333333333334 0.8638333333333335 0.9760000000000004 1.0 0.9778333333333336 0.9760000000000002 0.9715000000000003 0.9464999999999999 0.8896666666666667 0.039000000000000014 0.03466666666666668 0.001 0.007333333333333334 0.12016666666666667 0.13533333333333336 0.00016666666666666666 0.0 0.07483333333333336 0.0026666666666666666 0.9465 0.9475 0.15633333333333335 0.39866666666666684 0.8838333333333332 0.6398333333333333 0.0 0.0 0.0008333333333333333 0.08899999999999998 0.0006666666666666666 0.0008333333333333334 0.3396666666666667 0.3718333333333333 0.10649999999999998 0.13016666666666668 0.4143333333333333 0.5916666666666665 0.0021666666666666666 0.18900000000000003 0.8105000000000001 0.7655000000000003 0.47649999999999987 0.7628333333333335 0.03416666666666668 0.2713333333333333 0.142 0.0008333333333333334 0.6686666666666667 0.581 0.07866666666666668 0.4718333333333334 0.4341666666666666 0.618 0.9795000000000001 0.9621666666666668 0.25633333333333325 0.3109999999999999 0.060833333333333336 0.16716666666666666 0.022666666666666665 0.3636666666666667 0.019333333333333334 0.021833333333333337 0.5755 0.6708333333333333 0.5523333333333332 0.6313333333333332 0.018333333333333333 0.02166666666666667 0.9434999999999998 0.9350000000000002 0.9560000000000002 0.9485000000000003 0.7611666666666668 0.9226666666666666 0.9721666666666668 0.7706666666666666 0.002 0.0 0.7115000000000002 0.05533333333333335 
0.9303333333333331 0.5248333333333333 0.06566666666666668 0.11533333333333332 0.12133333333333333 0.0003333333333333333 0.11566666666666667 0.19933333333333342 0.7533333333333332 0.8393333333333333 0.8489999999999998 0.9911666666666669 0.9778333333333336 1.0 0.9878333333333336 0.983666666666667 0.9643333333333334 0.9069999999999999 0.025 0.0235 0.0 0.004 0.1185 0.13499999999999995 0.00016666666666666666 0.0 0.07316666666666669 0.0018333333333333335 0.9640000000000001 0.9636666666666668 0.159 0.40850000000000014 0.899833333333333 0.6476666666666665 0.0 0.0 0.0 0.09266666666666666 0.0 0.0 0.33366666666666667 0.3770000000000001 0.10716666666666665 0.13133333333333336 0.4251666666666668 0.6036666666666665 0.00016666666666666666 0.17449999999999993 0.8183333333333336 0.7775000000000002 0.47916666666666663 0.7783333333333331 0.034166666666666685 0.27033333333333326 0.1445 0.0 0.6558333333333334 0.5681666666666666 0.06366666666666668 0.4611666666666667 0.4176666666666666 0.6048333333333333 0.981666666666667 0.9593333333333337 0.2553333333333333 0.31833333333333325 0.059666666666666666 0.16483333333333333 0.010000000000000002 0.35866666666666674 0.004999999999999999 0.007833333333333333 0.5635 0.6576666666666666 0.5375 0.6149999999999999 0.0036666666666666666 0.007166666666666667 0.9596666666666668 0.9515000000000003 0.9708333333333334 0.964 0.7678333333333335 0.9374999999999999 0.9853333333333337 0.7868333333333335 0.0003333333333333333 0.0 0.6968333333333334 0.05333333333333334 
0.9271666666666668 0.5224999999999999 0.06716666666666668 0.1145 0.12116666666666666 0.00016666666666666666 0.11600000000000002 0.19733333333333342 0.7536666666666666 0.8373333333333334 0.8483333333333333 0.9876666666666671 0.9760000000000002 0.9878333333333336 1.0 0.9845000000000003 0.9618333333333333 0.9039999999999998 0.024166666666666673 0.021833333333333326 0.0 0.0045 0.11933333333333335 0.136 0.0 0.0 0.07450000000000002 0.0021666666666666666 0.9628333333333334 0.9631666666666667 0.15916666666666668 0.4063333333333333 0.8938333333333331 0.6423333333333332 0.0 0.0 0.0 0.09099999999999998 0.0 0.0 0.3335 0.3758333333333335 0.10433333333333332 0.13133333333333339 0.4230000000000002 0.600333333333333 0.0003333333333333333 0.17449999999999996 0.8181666666666668 0.7743333333333335 0.47733333333333333 0.7753333333333332 0.03500000000000001 0.273 0.14333333333333334 0.0 0.653 0.5665 0.06366666666666665 0.4588333333333335 0.4143333333333333 0.6021666666666666 0.9788333333333337 0.9561666666666668 0.2546666666666666 0.3154999999999999 0.06033333333333334 0.16299999999999998 0.009500000000000001 0.35850000000000004 0.0045 0.006999999999999999 0.5624999999999999 0.6566666666666667 0.5366666666666667 0.6146666666666668 0.003333333333333333 0.0068333333333333345 0.9575 0.9508333333333334 0.9686666666666668 0.9608333333333334 0.7681666666666668 0.9381666666666664 0.983166666666667 0.7843333333333333 0.0 0.0 0.6946666666666667 0.054833333333333345 
0.9253333333333335 0.5218333333333333 0.06733333333333336 0.11583333333333332 0.11933333333333333 0.0006666666666666666 0.11433333333333331 0.19466666666666668 0.7439999999999998 0.833 0.8414999999999999 0.9841666666666669 0.9715000000000003 0.983666666666667 0.9845000000000003 1.0 0.9620000000000002 0.9013333333333332 0.02283333333333333 0.019666666666666662 0.0 0.005 0.11933333333333333 0.13716666666666663 0.0008333333333333334 0.00016666666666666666 0.07483333333333336 0.0025 0.9630000000000003 0.9640000000000002 0.15949999999999998 0.4085000000000001 0.8933333333333331 0.6428333333333331 0.00016666666666666666 0.0 0.0 0.09349999999999997 0.0 0.0 0.32849999999999996 0.37716666666666676 0.10799999999999998 0.13083333333333338 0.4273333333333334 0.6003333333333332 0.00016666666666666666 0.17499999999999993 0.8273333333333335 0.7743333333333333 0.48383333333333345 0.7795000000000001 0.03600000000000002 0.27166666666666667 0.14566666666666664 0.0 0.6509999999999999 0.5650000000000001 0.06333333333333332 0.45966666666666667 0.4118333333333333 0.5981666666666665 0.971666666666667 0.9516666666666669 0.2528333333333333 0.3203333333333333 0.061000000000000006 0.163 0.006333333333333333 0.35400000000000004 0.004666666666666667 0.0085 0.5581666666666666 0.6541666666666669 0.5358333333333332 0.6106666666666667 0.0036666666666666666 0.005666666666666666 0.9590000000000001 0.9503333333333336 0.9648333333333337 0.9570000000000003 0.764166666666667 0.9321666666666667 0.9793333333333336 0.789 0.0 0.0 0.6875 0.054833333333333345 
0.9036666666666666 0.5231666666666667 0.04483333333333334 0.09150000000000003 0.09533333333333335 0.005833333333333334 0.08950000000000002 0.16966666666666672 0.7226666666666666 0.8075000000000001 0.817333333333333 0.9651666666666668 0.9464999999999999 0.9643333333333334 0.9618333333333333 0.9620000000000002 1.0 0.9151666666666665 0.023000000000000007 0.022166666666666664 0.004166666666666667 0.008666666666666666 0.09483333333333333 0.11233333333333331 0.005666666666666666 0.005333333333333333 0.048999999999999995 0.006666666666666667 0.9923333333333335 0.9923333333333335 0.18350000000000005 0.431 0.8906666666666662 0.6588333333333334 0.005333333333333333 0.004166666666666667 0.004166666666666667 0.09949999999999998 0.004166666666666667 0.004 0.3340000000000001 0.3808333333333334 0.0883333333333333 0.1396666666666667 0.41283333333333355 0.5819999999999999 0.0025 0.17549999999999993 0.8080000000000002 0.7551666666666668 0.4604999999999999 0.7633333333333332 0.02216666666666667 0.24933333333333324 0.16949999999999998 0.004 0.654 0.5674999999999999 0.0395 0.45916666666666667 0.385 0.5723333333333332 0.9506666666666669 0.9286666666666668 0.23133333333333328 0.2988333333333333 0.0385 0.137 0.009000000000000001 0.3296666666666666 0.006166666666666666 0.0085 0.5633333333333332 0.6556666666666667 0.5368333333333334 0.5858333333333334 0.005 0.006999999999999999 0.9895000000000002 0.9816666666666669 0.9871666666666671 0.9848333333333337 0.771666666666667 0.9613333333333334 0.9583333333333335 0.7708333333333335 0.004166666666666667 0.005 0.6663333333333336 0.03233333333333334 
0.8500000000000001 0.6026666666666667 0.027666666666666662 0.030000000000000006 0.03416666666666666 0.07833333333333338 0.03300000000000001 0.11233333333333334 0.6659999999999999 0.7530000000000001 0.7681666666666668 0.9069999999999997 0.8896666666666667 0.9069999999999999 0.9039999999999998 0.9013333333333332 0.9151666666666665 1.0 0.09716666666666668 0.1006666666666667 0.07800000000000004 0.08233333333333338 0.03333333333333334 0.05283333333333332 0.0781666666666667 0.0776666666666667 0.013833333333333335 0.07883333333333337 0.9136666666666664 0.9136666666666666 0.18649999999999994 0.35283333333333333 0.8281666666666666 0.6048333333333332 0.07800000000000003 0.07783333333333338 0.07783333333333338 0.1716666666666667 0.07783333333333338 0.07783333333333338 0.4130000000000001 0.4531666666666668 0.06416666666666665 0.21099999999999994 0.34700000000000003 0.5245000000000001 0.07616666666666669 0.25183333333333335 0.7795000000000001 0.6980000000000001 0.39666666666666656 0.6975 0.042 0.18716666666666665 0.162 0.0776666666666667 0.7346666666666667 0.6471666666666667 0.03916666666666666 0.5383333333333333 0.3305 0.5176666666666668 0.8960000000000001 0.8750000000000003 0.16733333333333333 0.2341666666666666 0.025666666666666667 0.07983333333333335 0.08700000000000002 0.2758333333333334 0.08150000000000004 0.08350000000000003 0.6419999999999999 0.7351666666666667 0.6168333333333335 0.5449999999999999 0.08000000000000003 0.08400000000000003 0.9111666666666666 0.9019999999999999 0.9169999999999999 0.9225 0.8475 0.9473333333333336 0.8973333333333331 0.7043333333333334 0.0781666666666667 0.07800000000000004 0.6120000000000002 0.02916666666666666 
0.08600000000000002 0.48333333333333345 0.16383333333333333 0.0775 0.25266666666666676 0.3933333333333332 0.4859999999999999 0.32233333333333336 0.14033333333333334 0.13116666666666663 0.1495 0.024833333333333332 0.039000000000000014 0.025 0.024166666666666673 0.02283333333333333 0.023000000000000007 0.09716666666666668 1.0 0.9305000000000001 0.6299999999999999 0.7391666666666665 0.05866666666666665 0.055333333333333304 0.4218333333333334 0.43999999999999995 0.3963333333333333 0.3641666666666666 0.022833333333333337 0.0225 0.1753333333333333 0.025500000000000002 0.04516666666666667 0.24383333333333337 0.6396666666666666 0.6391666666666667 0.7206666666666668 0.293 0.7241666666666666 0.699 0.6679999999999998 0.5651666666666667 0.18016666666666667 0.21316666666666667 0.09750000000000002 0.1653333333333333 0.8256666666666668 0.6104999999999999 0.05083333333333334 0.09066666666666665 0.010333333333333337 0.005833333333333333 0.4818333333333333 0.035500000000000004 0.5055000000000001 0.6916666666666668 0.3546666666666665 0.43316666666666664 0.9141666666666667 0.5126666666666665 0.5131666666666667 0.27283333333333337 0.03666666666666667 0.056833333333333326 0.35200000000000004 0.05349999999999998 0.6548333333333335 0.4828333333333334 0.9436666666666668 0.6196666666666666 0.95 0.9235000000000002 0.4476666666666668 0.3530000000000001 0.4415 0.37000000000000005 0.9573333333333334 0.959 0.023166666666666665 0.020500000000000004 0.026166666666666668 0.031166666666666676 0.23783333333333334 0.05366666666666667 0.0225 0.019000000000000003 0.7341666666666664 0.48150000000000015 0.252 0.557 
0.07816666666666666 0.47633333333333316 0.15166666666666667 0.07750000000000001 0.23916666666666667 0.38499999999999995 0.4581666666666666 0.36849999999999994 0.1353333333333333 0.12333333333333334 0.14366666666666666 0.02316666666666666 0.03466666666666668 0.0235 0.021833333333333326 0.019666666666666662 0.022166666666666664 0.1006666666666667 0.9305000000000001 1.0 0.5995 0.6980000000000001 0.04783333333333333 0.04966666666666665 0.4145000000000001 0.4326666666666666 0.38000000000000006 0.3559999999999999 0.021333333333333326 0.020999999999999998 0.1653333333333333 0.02166666666666667 0.06833333333333334 0.28383333333333327 0.6128333333333333 0.6138333333333336 0.6833333333333335 0.3023333333333333 0.6855000000000002 0.6599999999999998 0.6636666666666666 0.5644999999999999 0.17716666666666664 0.2161666666666667 0.12899999999999998 0.20933333333333334 0.7875 0.5874999999999999 0.05283333333333334 0.10550000000000001 0.014333333333333332 0.011500000000000003 0.4793333333333334 0.02550000000000001 0.4673333333333332 0.6521666666666667 0.349 0.4284999999999999 0.8810000000000001 0.5385 0.4913333333333332 0.3115 0.034666666666666686 0.05633333333333334 0.3231666666666666 0.05733333333333332 0.6314999999999998 0.5291666666666667 0.9618333333333337 0.621 0.9181666666666668 0.8796666666666664 0.44150000000000006 0.35 0.43699999999999994 0.3546666666666667 0.9229999999999999 0.922166666666667 0.02183333333333333 0.01933333333333333 0.024666666666666667 0.02966666666666666 0.23916666666666675 0.053833333333333344 0.022666666666666665 0.025666666666666674 0.6929999999999998 0.4720000000000002 0.2473333333333334 0.5308333333333333 
0.003333333333333333 0.21933333333333332 0.509 0.41999999999999976 0.594 0.7506666666666665 0.5485 0.1731666666666667 0.09100000000000001 0.006166666666666666 0.028666666666666667 0.0 0.001 0.0 0.0 0.0 0.004166666666666667 0.07800000000000004 0.6299999999999999 0.5995 1.0 0.869166666666667 0.4073333333333333 0.403 0.7809999999999999 0.8000000000000003 0.7278333333333332 0.7246666666666666 0.0034999999999999996 0.0031666666666666666 0.5138333333333334 0.26249999999999996 0.004833333333333333 0.12583333333333335 0.9310000000000004 0.9350000000000002 0.8961666666666668 0.6433333333333331 0.8943333333333332 0.9146666666666664 0.5031666666666667 0.5095000000000001 0.5324999999999999 0.5605000000000001 0.21183333333333323 0.03733333333333332 0.7918333333333334 0.3138333333333334 0.12383333333333338 0.009999999999999998 0.2651666666666667 0.04233333333333333 0.8093333333333335 0.37566666666666676 0.7593333333333334 0.9158333333333334 0.1998333333333334 0.21766666666666665 0.5750000000000001 0.22250000000000003 0.33349999999999996 0.061666666666666654 0.0 0.0008333333333333334 0.5239999999999998 0.27683333333333326 0.7745000000000001 0.4261666666666667 0.6206666666666667 0.42016666666666663 0.6541666666666667 0.6796666666666664 0.3005 0.2053333333333333 0.2268333333333333 0.2151666666666667 0.6488333333333333 0.649 0.0045 0.013333333333333332 0.0021666666666666666 0.007166666666666667 0.21433333333333338 0.03216666666666666 0.0 0.016166666666666673 0.8775 0.8328333333333334 0.17916666666666667 0.7416666666666668 
0.011333333333333332 0.27866666666666673 0.39449999999999996 0.3085 0.47466666666666657 0.6296666666666667 0.5766666666666668 0.2375 0.09833333333333333 0.02 0.04466666666666667 0.004 0.007333333333333334 0.004 0.0045 0.005 0.008666666666666666 0.08233333333333338 0.7391666666666665 0.6980000000000001 0.869166666666667 1.0 0.2916666666666666 0.28633333333333333 0.6619999999999999 0.6781666666666668 0.6200000000000003 0.6048333333333331 0.008 0.007666666666666666 0.407 0.17133333333333334 0.012333333333333337 0.16399999999999998 0.8751666666666668 0.8748333333333335 0.9406666666666665 0.5338333333333333 0.9446666666666669 0.9286666666666668 0.5433333333333333 0.5206666666666667 0.4155 0.45649999999999996 0.17483333333333334 0.07633333333333332 0.8755 0.42716666666666664 0.10400000000000001 0.02516666666666667 0.20733333333333342 0.027833333333333328 0.7021666666666668 0.26483333333333325 0.7238333333333334 0.9208333333333332 0.22483333333333325 0.2711666666666667 0.6845000000000002 0.296 0.39649999999999985 0.12283333333333334 0.004 0.004999999999999999 0.4973333333333333 0.19083333333333333 0.8236666666666664 0.48249999999999993 0.7216666666666667 0.47583333333333305 0.7635000000000001 0.781333333333333 0.3286666666666667 0.2349999999999999 0.2885 0.23916666666666667 0.7590000000000002 0.7579999999999997 0.009000000000000001 0.0105 0.006666666666666666 0.011666666666666667 0.21483333333333335 0.03666666666666666 0.004 0.009166666666666667 0.9153333333333334 0.7163333333333335 0.177 0.7071666666666664 
0.11566666666666667 0.007333333333333334 0.8766666666666663 0.9401666666666665 0.7799999999999998 0.6451666666666666 0.5404999999999999 0.5255000000000001 0.2486666666666666 0.16700000000000004 0.12816666666666668 0.11649999999999999 0.12016666666666667 0.1185 0.11933333333333335 0.11933333333333333 0.09483333333333333 0.03333333333333334 0.05866666666666665 0.04783333333333333 0.4073333333333333 0.2916666666666666 1.0 0.9508333333333335 0.6176666666666667 0.6010000000000001 0.6494999999999999 0.6718333333333333 0.09366666666666669 0.09500000000000001 0.7346666666666666 0.6438333333333334 0.12933333333333333 0.138 0.40116666666666667 0.40016666666666656 0.3153333333333334 0.5976666666666668 0.31199999999999994 0.33766666666666667 0.03899999999999999 0.09716666666666667 0.7838333333333335 0.6500000000000001 0.5316666666666668 0.28966666666666663 0.20800000000000002 0.19116666666666673 0.18383333333333332 0.22699999999999998 0.5913333333333333 0.30833333333333335 0.5466666666666665 0.8320000000000002 0.4238333333333332 0.3456666666666666 0.004333333333333333 0.007166666666666667 0.10533333333333333 0.009000000000000001 0.2085 0.18816666666666662 0.11716666666666667 0.11866666666666668 0.541 0.752 0.37683333333333324 0.4001666666666665 0.05 0.16383333333333333 0.06716666666666667 0.09916666666666664 0.013666666666666669 0.006 0.01 0.13916666666666666 0.063 0.06349999999999999 0.09649999999999999 0.10716666666666669 0.09583333333333334 0.08950000000000001 0.015500000000000003 0.06449999999999999 0.11916666666666668 0.3035 0.30333333333333334 0.5603333333333332 0.18666666666666665 0.48283333333333334 
0.13149999999999995 0.008666666666666668 0.8618333333333332 0.9296666666666665 0.7489999999999999 0.6296666666666667 0.5125000000000001 0.5158333333333333 0.25416666666666665 0.18266666666666664 0.12866666666666665 0.13316666666666666 0.13533333333333336 0.13499999999999995 0.136 0.13716666666666663 0.11233333333333331 0.05283333333333332 0.055333333333333304 0.04966666666666665 0.403 0.28633333333333333 0.9508333333333335 1.0 0.611 0.5935 0.6348333333333332 0.6535 0.11066666666666665 0.11216666666666666 0.7396666666666666 0.6691666666666667 0.15616666666666665 0.16566666666666663 0.3963333333333331 0.39599999999999996 0.3108333333333334 0.6144999999999999 0.3065000000000001 0.3326666666666667 0.03849999999999999 0.0935 0.7985000000000001 0.6611666666666665 0.5616666666666666 0.3176666666666667 0.20400000000000001 0.1988333333333334 0.20966666666666672 0.2515 0.6163333333333333 0.33333333333333326 0.5561666666666666 0.8430000000000001 0.43183333333333324 0.34 0.006666666666666666 0.008 0.10366666666666666 0.016000000000000004 0.18783333333333332 0.18499999999999997 0.13249999999999995 0.13333333333333333 0.5218333333333333 0.7793333333333335 0.37166666666666665 0.39866666666666667 0.04999999999999999 0.17650000000000002 0.06399999999999997 0.09633333333333333 0.011000000000000001 0.008333333333333333 0.010333333333333335 0.14033333333333334 0.059499999999999977 0.05966666666666663 0.11616666666666664 0.12483333333333332 0.11283333333333333 0.1075 0.034666666666666665 0.08399999999999996 0.1375 0.3304999999999999 0.29700000000000004 0.551 0.17700000000000002 0.47166666666666657 
0.0 0.195 0.7173333333333334 0.6010000000000002 0.7726666666666666 0.9268333333333335 0.44383333333333325 0.18150000000000005 0.11950000000000001 0.0085 0.02483333333333333 0.00016666666666666666 0.00016666666666666666 0.00016666666666666666 0.0 0.0008333333333333334 0.005666666666666666 0.0781666666666667 0.4218333333333334 0.4145000000000001 0.7809999999999999 0.6619999999999999 0.6176666666666667 0.611 1.0 0.965 0.7648333333333334 0.9099999999999996 0.004666666666666667 0.0045 0.7183333333333334 0.44816666666666677 0.006833333333333334 0.0565 0.7696666666666669 0.769 0.6905 0.7718333333333334 0.6863333333333332 0.7109999999999996 0.40300000000000014 0.46766666666666656 0.7231666666666665 0.7173333333333332 0.2781666666666667 0.05700000000000001 0.5806666666666669 0.26050000000000006 0.13533333333333336 0.028333333333333335 0.34400000000000014 0.091 0.8008333333333333 0.5703333333333335 0.6053333333333334 0.7211666666666667 0.1905 0.19649999999999998 0.3619999999999999 0.1953333333333334 0.15600000000000003 0.016333333333333335 0.0 0.0003333333333333333 0.42983333333333335 0.46116666666666684 0.5886666666666666 0.28833333333333333 0.41883333333333334 0.22866666666666663 0.44 0.46733333333333343 0.2790000000000001 0.19549999999999998 0.2003333333333333 0.142 0.4346666666666669 0.435 0.006 0.016 0.002666666666666667 0.007833333333333333 0.2021666666666667 0.032499999999999994 0.0005 0.11416666666666668 0.6781666666666666 0.9308333333333336 0.11566666666666668 0.6796666666666666 
