1.0 0.9533333333333337 0.1965 0.16516666666666668 0.003 0.006333333333333334 0.24416666666666667 0.5088333333333336 0.034166666666666685 0.05616666666666666 0.7661666666666664 0.7879999999999996 0.6794999999999999 0.7745000000000003 0.10083333333333336 0.0873333333333333 0.9533333333333336 0.9476666666666668 0.46083333333333343 0.6508333333333333 0.023500000000000007 0.04150000000000001 0.19666666666666668 0.1971666666666666 0.0025 0.002 0.0025 0.002 0.9533333333333337 0.9336666666666664 0.17500000000000007 0.24299999999999997 0.8698333333333335 0.9731666666666671 0.18816666666666673 0.023833333333333328 0.6211666666666666 0.8713333333333335 0.40916666666666673 0.6338333333333332 0.6378333333333333 0.7831666666666667 0.0023333333333333335 0.004666666666666666 0.002 0.18500000000000003 0.007666666666666667 0.0435 0.0055 0.12433333333333335 0.004999999999999999 0.10850000000000001 0.2546666666666667 0.09933333333333333 0.7121666666666665 0.698 0.9498333333333333 0.9380000000000003 0.5226666666666664 0.5471666666666666 0.8676666666666669 0.9651666666666671 0.9693333333333335 0.9708333333333337 0.026833333333333334 0.16600000000000004 0.13116666666666674 0.36599999999999994 0.37200000000000016 0.3331666666666665 0.015166666666666667 0.002833333333333333 0.7608333333333333 0.5609999999999998 0.2325 0.523 0.6498333333333332 0.8593333333333334 0.9438333333333336 0.9498333333333336 0.9511666666666669 0.9543333333333334 0.5385 0.9175000000000001 0.4646666666666668 0.2016666666666666 0.6916666666666668 0.3288333333333332 0.3748333333333334 0.40533333333333343 
0.9533333333333337 1.0 0.19616666666666668 0.16466666666666666 0.0 0.0003333333333333333 0.24133333333333332 0.47716666666666674 0.011 0.02533333333333334 0.7330000000000001 0.7561666666666668 0.6446666666666667 0.7414999999999999 0.068 0.05483333333333333 0.9843333333333335 0.9826666666666671 0.4573333333333335 0.6516666666666667 0.009666666666666667 0.03566666666666668 0.1961666666666667 0.19766666666666666 0.0 0.0 0.0 0.0 0.9796666666666668 0.9626666666666668 0.1738333333333334 0.21633333333333338 0.8711666666666668 0.9608333333333335 0.1876666666666667 0.022000000000000002 0.6608333333333332 0.9065000000000001 0.4309999999999999 0.6736666666666666 0.6770000000000002 0.8236666666666668 0.00016666666666666666 0.0 0.0 0.15166666666666667 0.005 0.04066666666666667 0.00016666666666666666 0.09050000000000002 0.00016666666666666666 0.07466666666666667 0.21983333333333338 0.10216666666666668 0.7446666666666666 0.6919999999999998 0.9848333333333338 0.9716666666666669 0.4835000000000001 0.5105000000000001 0.8295000000000003 0.9503333333333336 0.9463333333333336 0.9615000000000005 0.024000000000000004 0.1368333333333333 0.1281666666666667 0.342 0.3676666666666668 0.33 0.012333333333333332 0.0 0.8018333333333332 0.597 0.25000000000000006 0.5635 0.6868333333333334 0.8986666666666668 0.9825000000000004 0.9848333333333338 0.9848333333333337 0.9800000000000004 0.5396666666666665 0.9560000000000002 0.4713333333333335 0.2009999999999999 0.7316666666666666 0.3414999999999999 0.37450000000000006 0.3801666666666666 
0.1965 0.19616666666666668 1.0 0.7708333333333335 0.2975 0.25883333333333325 0.6724999999999999 0.5988333333333332 0.20383333333333337 0.17300000000000001 0.3381666666666667 0.32283333333333336 0.19166666666666665 0.3068333333333334 0.11449999999999998 0.1191666666666667 0.2005 0.19983333333333334 0.27399999999999985 0.1328333333333334 0.2241666666666666 0.24183333333333334 0.9768333333333338 0.9718333333333337 0.3304999999999999 0.32299999999999995 0.3256666666666666 0.31383333333333335 0.19933333333333333 0.22016666666666665 0.6003333333333333 0.8578333333333334 0.30816666666666664 0.19883333333333336 0.975166666666667 0.6481666666666669 0.4711666666666668 0.2798333333333332 0.7063333333333333 0.4678333333333334 0.4511666666666667 0.31583333333333335 0.32349999999999995 0.2909999999999999 0.32099999999999995 0.06616666666666667 0.36583333333333334 0.4943333333333335 0.25899999999999995 0.08683333333333332 0.2736666666666666 0.10899999999999999 0.02033333333333333 0.37066666666666664 0.40866666666666673 0.40966666666666673 0.19416666666666665 0.18033333333333335 0.018666666666666668 0.0055 0.14283333333333337 0.19266666666666665 0.18899999999999997 0.19033333333333335 0.5720000000000001 0.6353333333333332 0.35133333333333333 0.09283333333333338 0.15900000000000003 0.17416666666666672 0.3276666666666666 0.32799999999999996 0.3336666666666667 0.15449999999999997 0.23816666666666667 0.5638333333333334 0.14966666666666667 0.2306666666666667 0.20383333333333334 0.20133333333333334 0.1991666666666667 0.20099999999999998 0.6073333333333335 0.20983333333333332 0.6744999999999999 0.9633333333333336 0.40099999999999997 0.8014999999999999 0.8126666666666665 0.7349999999999998 
0.16516666666666668 0.16466666666666666 0.7708333333333335 1.0 0.37049999999999983 0.3324999999999999 0.8004999999999999 0.5805000000000002 0.278 0.24683333333333335 0.309 0.29050000000000004 0.29166666666666674 0.3011666666666667 0.18800000000000006 0.19199999999999995 0.1693333333333333 0.1675 0.33049999999999996 0.18483333333333338 0.2985 0.31599999999999995 0.7651666666666667 0.7621666666666665 0.40333333333333327 0.3966666666666667 0.39916666666666667 0.38699999999999996 0.16733333333333333 0.163 0.48766666666666675 0.6543333333333332 0.27783333333333327 0.16866666666666666 0.7691666666666667 0.7346666666666667 0.43566666666666687 0.24816666666666662 0.6435000000000001 0.41783333333333345 0.4121666666666666 0.2733333333333334 0.3968333333333332 0.36383333333333334 0.39416666666666655 0.13849999999999996 0.43583333333333335 0.5836666666666667 0.3328333333333333 0.1725 0.348 0.18649999999999994 0.09333333333333334 0.4403333333333334 0.37449999999999994 0.37483333333333335 0.16299999999999998 0.14949999999999997 0.21533333333333327 0.19800000000000004 0.16400000000000003 0.16649999999999998 0.16466666666666666 0.16183333333333338 0.7721666666666667 0.8388333333333332 0.4946666666666666 0.26483333333333337 0.3463333333333333 0.3178333333333333 0.5173333333333333 0.4408333333333333 0.2988333333333334 0.12633333333333333 0.33399999999999996 0.5291666666666667 0.19033333333333333 0.1985 0.1708333333333333 0.16999999999999996 0.16716666666666666 0.17033333333333334 0.40783333333333327 0.16533333333333336 0.639 0.7553333333333331 0.3288333333333333 0.6381666666666669 0.7829999999999998 0.7044999999999999 
0.003 0.0 0.2975 0.37049999999999983 1.0 0.9533333333333333 0.36683333333333346 0.12516666666666668 0.8980000000000001 0.8668333333333336 0.017666666666666667 0.01583333333333333 0.14533333333333334 0.020499999999999997 0.8101666666666668 0.8166666666666665 0.0 0.0 0.40516666666666656 0.24983333333333338 0.9213333333333332 0.9376666666666666 0.30233333333333323 0.29650000000000004 0.9638333333333334 0.97 0.9684999999999999 0.9776666666666669 0.0 0.0006666666666666666 0.6825000000000001 0.23949999999999996 0.09133333333333336 0.0 0.3056666666666667 0.625 0.07300000000000001 0.0 0.18733333333333335 0.06733333333333334 0.07566666666666669 0.006500000000000001 0.9685000000000001 0.9853333333333337 0.9701666666666668 0.7340000000000002 0.9151666666666668 0.715 0.9553333333333336 0.7789999999999998 0.9678333333333335 0.8028333333333333 0.6675000000000001 0.6883333333333335 0.008500000000000002 0.005666666666666666 0.0006666666666666666 0.010333333333333335 0.30266666666666664 0.2783333333333333 0.03183333333333334 0.0 0.00016666666666666666 0.0 0.5915 0.3468333333333332 0.715333333333333 0.45233333333333353 0.4725000000000002 0.5440000000000002 0.8476666666666667 0.9259999999999999 0.0033333333333333335 0.3685000000000001 0.6258333333333332 0.08033333333333331 0.12249999999999998 0.009833333333333335 0.0 0.0 0.0 0.0 0.17283333333333334 0.0015 0.2181666666666667 0.3056666666666666 0.0745 0.2041666666666667 0.2905 0.2198333333333333 
0.006333333333333334 0.0003333333333333333 0.25883333333333325 0.3324999999999999 0.9533333333333333 1.0 0.3285 0.1501666666666667 0.9380000000000002 0.9046666666666664 0.05483333333333333 0.054000000000000006 0.18233333333333338 0.05800000000000002 0.8515 0.8545 0.0003333333333333333 0.0 0.3648333333333335 0.22316666666666662 0.9518333333333335 0.9311666666666666 0.26366666666666666 0.25849999999999995 0.9251666666666667 0.933333333333333 0.9291666666666665 0.941 0.00016666666666666666 0.001 0.6439999999999999 0.2708333333333334 0.055999999999999994 0.003 0.26699999999999996 0.587 0.07100000000000001 0.0005 0.16933333333333334 0.06583333333333335 0.07283333333333336 0.006500000000000001 0.9301666666666667 0.9600000000000002 0.9308333333333333 0.7703333333333334 0.8761666666666668 0.6769999999999999 0.9853333333333337 0.8169999999999998 0.9758333333333337 0.8424999999999998 0.7061666666666667 0.6653333333333334 0.009166666666666668 0.02200000000000001 0.0006666666666666666 0.010333333333333335 0.32466666666666666 0.31416666666666665 0.0565 0.005166666666666666 0.006666666666666667 0.0023333333333333335 0.5535 0.37200000000000005 0.6763333333333336 0.4698333333333333 0.4338333333333334 0.5058333333333336 0.8096666666666669 0.8876666666666664 0.0033333333333333335 0.3671666666666667 0.5959999999999998 0.08099999999999997 0.12216666666666665 0.009666666666666667 0.0 0.0003333333333333333 0.0003333333333333333 0.0011666666666666668 0.13683333333333336 0.0015 0.1885 0.26733333333333326 0.07233333333333335 0.1765 0.25183333333333335 0.23883333333333334 
0.24416666666666667 0.24133333333333332 0.6724999999999999 0.8004999999999999 0.36683333333333346 0.3285 1.0 0.5508333333333333 0.27883333333333327 0.25249999999999995 0.3090000000000001 0.291 0.3221666666666666 0.3068333333333333 0.21450000000000005 0.21816666666666673 0.23983333333333337 0.2386666666666667 0.483 0.3281666666666667 0.2943333333333333 0.3213333333333334 0.6673333333333332 0.6611666666666666 0.3995000000000001 0.39250000000000007 0.39550000000000013 0.38283333333333347 0.2401666666666667 0.2321666666666667 0.4928333333333333 0.5608333333333334 0.35883333333333317 0.23983333333333337 0.6666666666666669 0.5926666666666667 0.3611666666666667 0.2461666666666666 0.5528333333333333 0.35083333333333344 0.3458333333333334 0.2666666666666666 0.3931666666666668 0.3603333333333334 0.3910000000000002 0.18883333333333327 0.433 0.6114999999999999 0.3288333333333333 0.2058333333333333 0.3438333333333333 0.2193333333333334 0.1276666666666667 0.4593333333333333 0.33266666666666667 0.3438333333333332 0.2425 0.24000000000000005 0.2870000000000001 0.24866666666666665 0.25183333333333335 0.24416666666666662 0.24449999999999997 0.24233333333333332 0.6553333333333333 0.6655 0.5404999999999999 0.34366666666666673 0.428 0.3985 0.5086666666666667 0.43616666666666676 0.3025 0.24999999999999992 0.42333333333333323 0.4604999999999999 0.30816666666666664 0.2709999999999999 0.23750000000000007 0.2388333333333334 0.23866666666666664 0.23883333333333337 0.4225000000000001 0.2323333333333334 0.5761666666666667 0.6621666666666667 0.3159999999999999 0.5680000000000001 0.6929999999999998 0.6156666666666665 
0.5088333333333336 0.47716666666666674 0.5988333333333332 0.5805000000000002 0.12516666666666668 0.1501666666666667 0.5508333333333333 1.0 0.1963333333333333 0.22216666666666673 0.7048333333333333 0.6856666666666663 0.4486666666666666 0.6664999999999999 0.21100000000000005 0.20716666666666664 0.48550000000000004 0.4765 0.3246666666666666 0.29066666666666663 0.1475 0.13433333333333333 0.5961666666666666 0.5941666666666667 0.14816666666666667 0.14216666666666672 0.14383333333333334 0.13483333333333336 0.4828333333333332 0.4711666666666666 0.33033333333333337 0.6776666666666666 0.5079999999999999 0.5088333333333334 0.5881666666666666 0.4241666666666667 0.5993333333333332 0.5603333333333332 0.6940000000000001 0.5924999999999998 0.5798333333333332 0.5560000000000002 0.1416666666666667 0.1265 0.14016666666666663 0.20149999999999998 0.17700000000000007 0.30216666666666664 0.14650000000000002 0.21816666666666662 0.14066666666666663 0.22299999999999995 0.17333333333333337 0.23816666666666667 0.6466666666666667 0.7169999999999999 0.4691666666666668 0.4585 0.21183333333333335 0.22499999999999998 0.4946666666666666 0.5153333333333334 0.5155000000000002 0.5008333333333337 0.3948333333333334 0.627 0.18333333333333335 0.20133333333333336 0.14616666666666667 0.12300000000000001 0.1706666666666667 0.15433333333333332 0.5846666666666666 0.38050000000000006 0.31249999999999994 0.7084999999999999 0.3656666666666667 0.47400000000000014 0.479 0.48133333333333334 0.48283333333333334 0.4875 0.4065 0.46649999999999997 0.7281666666666665 0.5896666666666665 0.5005000000000002 0.6156666666666666 0.7718333333333334 0.8430000000000001 
0.034166666666666685 0.011 0.20383333333333337 0.278 0.8980000000000001 0.9380000000000002 0.27883333333333327 0.1963333333333333 1.0 0.9585000000000004 0.10600000000000001 0.10116666666666667 0.23250000000000004 0.10766666666666666 0.9034999999999997 0.9071666666666666 0.013999999999999999 0.00866666666666667 0.3171666666666666 0.20300000000000004 0.9218333333333335 0.8896666666666665 0.20833333333333331 0.2033333333333334 0.8688333333333331 0.8773333333333336 0.8728333333333335 0.8833333333333333 0.013833333333333333 0.014833333333333336 0.5888333333333332 0.2903333333333334 0.04050000000000001 0.03116666666666668 0.21166666666666673 0.5316666666666666 0.05366666666666666 0.014166666666666666 0.12916666666666668 0.050333333333333334 0.054666666666666676 0.012833333333333337 0.8738333333333334 0.9061666666666668 0.8754999999999998 0.8203333333333331 0.8198333333333332 0.6213333333333335 0.9366666666666669 0.8704999999999998 0.9241666666666667 0.8973333333333333 0.7566666666666667 0.6190000000000001 0.02483333333333334 0.06900000000000002 0.008666666666666668 0.02 0.36666666666666664 0.365 0.09966666666666667 0.03766666666666668 0.03933333333333334 0.029666666666666678 0.49883333333333324 0.3988333333333335 0.6206666666666666 0.4773333333333334 0.3893333333333333 0.46 0.753333333333333 0.8333333333333333 0.010000000000000002 0.375 0.5928333333333333 0.08650000000000001 0.12749999999999997 0.014833333333333334 0.008833333333333335 0.011166666666666665 0.013166666666666667 0.016000000000000004 0.08633333333333333 0.012 0.13799999999999998 0.21233333333333335 0.05700000000000001 0.13050000000000003 0.19683333333333336 0.2429999999999999 
0.05616666666666666 0.02533333333333334 0.17300000000000001 0.24683333333333335 0.8668333333333336 0.9046666666666664 0.25249999999999995 0.22216666666666673 0.9585000000000004 1.0 0.13366666666666668 0.12833333333333338 0.26000000000000006 0.135 0.9285 0.9315000000000001 0.028833333333333332 0.021833333333333337 0.3048333333333333 0.20516666666666672 0.9018333333333328 0.8761666666666668 0.1778333333333334 0.17550000000000002 0.8373333333333329 0.8454999999999998 0.8416666666666665 0.8528333333333332 0.028500000000000004 0.029500000000000002 0.5578333333333334 0.28350000000000003 0.03916666666666666 0.052333333333333336 0.18099999999999997 0.5013333333333333 0.039666666666666676 0.027833333333333342 0.11166666666666666 0.039833333333333346 0.04066666666666666 0.022 0.8423333333333334 0.8755000000000003 0.8436666666666661 0.8473333333333335 0.7893333333333336 0.5905000000000001 0.9046666666666663 0.8971666666666668 0.892 0.9233333333333333 0.7845 0.5946666666666668 0.03699999999999999 0.09116666666666669 0.020000000000000004 0.032499999999999994 0.39049999999999996 0.3911666666666667 0.12583333333333335 0.059999999999999984 0.06266666666666666 0.05083333333333332 0.4671666666666666 0.3935 0.5893333333333332 0.48833333333333345 0.37983333333333325 0.44433333333333325 0.7221666666666667 0.8001666666666667 0.02083333333333334 0.38583333333333336 0.5903333333333333 0.09283333333333336 0.13699999999999998 0.02283333333333333 0.021833333333333337 0.02500000000000001 0.02766666666666667 0.030833333333333334 0.06316666666666665 0.02416666666666667 0.11233333333333327 0.182 0.04416666666666667 0.10933333333333334 0.16616666666666668 0.23699999999999993 
0.7661666666666664 0.7330000000000001 0.3381666666666667 0.309 0.017666666666666667 0.05483333333333333 0.3090000000000001 0.7048333333333333 0.10600000000000001 0.13366666666666668 1.0 0.9643333333333338 0.7128333333333333 0.9370000000000005 0.18516666666666665 0.17033333333333334 0.7424999999999997 0.7330000000000001 0.3453333333333333 0.4828333333333334 0.07983333333333335 0.06849999999999999 0.33783333333333343 0.33616666666666667 0.00016666666666666666 0.0016666666666666666 0.0008333333333333333 0.004833333333333334 0.7414999999999998 0.7281666666666666 0.18116666666666667 0.4443333333333333 0.7041666666666667 0.7671666666666666 0.33000000000000007 0.16250000000000003 0.6831666666666666 0.7919999999999999 0.5138333333333331 0.7003333333333335 0.66 0.7533333333333334 0.0018333333333333333 0.024333333333333332 0.002 0.24566666666666662 0.0011666666666666668 0.06983333333333333 0.05366666666666667 0.21 0.041166666666666664 0.19283333333333338 0.33049999999999985 0.0858333333333333 0.7766666666666667 0.8266666666666664 0.7256666666666668 0.7153333333333335 0.4254999999999999 0.4778333333333334 0.7389999999999999 0.7708333333333333 0.7708333333333331 0.7574999999999998 0.1481666666666667 0.3578333333333332 0.027500000000000004 0.29933333333333334 0.2535 0.22099999999999986 0.013833333333333331 0.0011666666666666668 0.7501666666666666 0.4451666666666666 0.20800000000000002 0.5896666666666668 0.5223333333333333 0.6679999999999999 0.7336666666666667 0.7383333333333333 0.7396666666666666 0.7451666666666665 0.48166666666666663 0.7136666666666668 0.5729999999999997 0.33983333333333327 0.6299999999999999 0.44433333333333347 0.5154999999999998 0.588 
0.7879999999999996 0.7561666666666668 0.32283333333333336 0.29050000000000004 0.01583333333333333 0.054000000000000006 0.291 0.6856666666666663 0.10116666666666667 0.12833333333333338 0.9643333333333338 1.0 0.7216666666666667 0.9535000000000005 0.17950000000000002 0.16533333333333336 0.7663333333333331 0.7574999999999998 0.3523333333333333 0.49566666666666664 0.07800000000000003 0.06816666666666665 0.3225 0.321 0.0 0.001 0.00016666666666666666 0.004166666666666667 0.7643333333333331 0.7531666666666665 0.18150000000000002 0.42816666666666675 0.7263333333333334 0.789333333333333 0.31433333333333324 0.14450000000000002 0.6761666666666667 0.8128333333333332 0.49933333333333335 0.6916666666666669 0.6585000000000002 0.7748333333333334 0.0011666666666666668 0.022500000000000006 0.0011666666666666668 0.2423333333333334 0.0011666666666666668 0.05983333333333334 0.05250000000000001 0.2046666666666667 0.039999999999999994 0.18716666666666662 0.32816666666666655 0.0815 0.7693333333333332 0.8128333333333332 0.7491666666666668 0.7384999999999999 0.43666666666666665 0.4908333333333333 0.7548333333333334 0.7911666666666664 0.7919999999999996 0.7791666666666666 0.13066666666666665 0.3376666666666668 0.03283333333333333 0.3036666666666667 0.26099999999999995 0.22616666666666652 0.0125 0.00016666666666666666 0.7698333333333331 0.45050000000000007 0.20883333333333337 0.5773333333333335 0.5208333333333335 0.6881666666666666 0.7573333333333333 0.7628333333333331 0.763 0.768333333333333 0.5006666666666666 0.7379999999999999 0.5641666666666667 0.32483333333333325 0.6503333333333333 0.4313333333333334 0.49883333333333324 0.5706666666666664 
0.6794999999999999 0.6446666666666667 0.19166666666666665 0.29166666666666674 0.14533333333333334 0.18233333333333338 0.3221666666666666 0.4486666666666666 0.23250000000000004 0.26000000000000006 0.7128333333333333 0.7216666666666667 1.0 0.7545000000000002 0.3115 0.2958333333333334 0.6538333333333333 0.6455 0.3183333333333333 0.41733333333333356 0.20666666666666667 0.19566666666666666 0.19266666666666668 0.19266666666666665 0.12899999999999998 0.1303333333333333 0.12949999999999998 0.13316666666666666 0.6539999999999999 0.6453333333333334 0.2875 0.29583333333333334 0.615 0.6788333333333334 0.18533333333333327 0.06066666666666664 0.41883333333333334 0.6145 0.27016666666666667 0.4383333333333333 0.41600000000000015 0.5443333333333332 0.13049999999999998 0.1516666666666667 0.13016666666666665 0.3588333333333333 0.12983333333333333 0.079 0.18116666666666664 0.3443333333333334 0.169 0.32199999999999995 0.4566666666666665 0.11333333333333334 0.5086666666666665 0.5593333333333333 0.6393333333333332 0.6268333333333334 0.5658333333333333 0.6225000000000002 0.6938333333333334 0.6828333333333333 0.6886666666666666 0.6728333333333333 0.17249999999999996 0.33899999999999997 0.16116666666666662 0.4470000000000002 0.39483333333333326 0.3483333333333333 0.22433333333333333 0.16433333333333336 0.5293333333333332 0.41833333333333333 0.2738333333333333 0.33 0.38300000000000006 0.5531666666666668 0.6431666666666668 0.6498333333333334 0.6511666666666668 0.6558333333333333 0.4539999999999999 0.6273333333333333 0.309 0.1963333333333333 0.47183333333333344 0.26816666666666666 0.2618333333333333 0.33283333333333326 
0.7745000000000003 0.7414999999999999 0.3068333333333334 0.3011666666666667 0.020499999999999997 0.05800000000000002 0.3068333333333333 0.6664999999999999 0.10766666666666666 0.135 0.9370000000000005 0.9535000000000005 0.7545000000000002 1.0 0.1855 0.172 0.7525 0.7429999999999999 0.3399999999999999 0.48216666666666647 0.08250000000000002 0.07149999999999998 0.308 0.3073333333333334 0.0045 0.006 0.004833333333333333 0.009 0.7506666666666668 0.7386666666666666 0.18299999999999997 0.41533333333333344 0.7123333333333334 0.7760000000000004 0.29966666666666675 0.13883333333333334 0.6455 0.7904999999999996 0.4696666666666666 0.6609999999999999 0.6296666666666666 0.7484999999999996 0.005833333333333333 0.027000000000000003 0.005833333333333333 0.24816666666666673 0.006333333333333334 0.062166666666666676 0.056833333333333354 0.21633333333333332 0.044499999999999984 0.1943333333333333 0.33383333333333326 0.08533333333333333 0.7348333333333333 0.7841666666666666 0.7346666666666666 0.7241666666666666 0.4665000000000001 0.5231666666666667 0.7668333333333333 0.7823333333333332 0.7821666666666666 0.7686666666666668 0.1418333333333333 0.34950000000000014 0.05650000000000002 0.32983333333333337 0.28700000000000003 0.24916666666666656 0.03316666666666667 0.017 0.7433333333333334 0.4278333333333333 0.20550000000000004 0.5436666666666666 0.496 0.667 0.7424999999999998 0.748 0.7483333333333334 0.7541666666666665 0.5048333333333334 0.7235 0.5351666666666667 0.3113333333333334 0.6388333333333335 0.4133333333333333 0.46833333333333327 0.5408333333333332 
0.10083333333333336 0.068 0.11449999999999998 0.18800000000000006 0.8101666666666668 0.8515 0.21450000000000005 0.21100000000000005 0.9034999999999997 0.9285 0.18516666666666665 0.17950000000000002 0.3115 0.1855 1.0 0.9710000000000002 0.0725 0.06516666666666666 0.29949999999999993 0.24033333333333323 0.8728333333333331 0.8571666666666666 0.11933333333333335 0.11816666666666671 0.7803333333333333 0.7881666666666667 0.7849999999999998 0.7961666666666666 0.07316666666666666 0.07383333333333333 0.5009999999999999 0.22716666666666668 0.07016666666666665 0.09649999999999999 0.12250000000000001 0.4421666666666667 0.010166666666666666 0.0705 0.07233333333333332 0.013000000000000005 0.01 0.041333333333333326 0.7856666666666667 0.8173333333333335 0.7876666666666666 0.9008333333333332 0.7323333333333334 0.5318333333333334 0.8486666666666669 0.9491666666666672 0.8353333333333333 0.9648333333333337 0.8346666666666667 0.5526666666666666 0.07266666666666667 0.1243333333333333 0.06283333333333332 0.07516666666666666 0.43616666666666665 0.4388333333333334 0.17116666666666666 0.10466666666666662 0.10783333333333331 0.09533333333333331 0.40849999999999986 0.3335000000000001 0.5318333333333334 0.5045000000000001 0.3944999999999999 0.4433333333333333 0.6641666666666669 0.7435 0.05433333333333332 0.42683333333333345 0.6058333333333333 0.09633333333333334 0.1708333333333333 0.04266666666666667 0.06333333333333332 0.06866666666666667 0.07133333333333333 0.07449999999999998 0.058499999999999996 0.06400000000000002 0.06716666666666665 0.12450000000000003 0.01516666666666667 0.06566666666666668 0.10766666666666666 0.18033333333333337 
0.0873333333333333 0.05483333333333333 0.1191666666666667 0.19199999999999995 0.8166666666666665 0.8545 0.21816666666666673 0.20716666666666664 0.9071666666666666 0.9315000000000001 0.17033333333333334 0.16533333333333336 0.2958333333333334 0.172 0.9710000000000002 1.0 0.059500000000000004 0.05233333333333332 0.30133333333333334 0.22883333333333336 0.8711666666666666 0.8553333333333332 0.12416666666666666 0.12283333333333336 0.7854999999999996 0.7929999999999997 0.7898333333333329 0.800333333333333 0.06000000000000001 0.061000000000000006 0.5058333333333332 0.2316666666666667 0.05966666666666669 0.08283333333333333 0.12716666666666668 0.44683333333333336 0.013666666666666669 0.0575 0.07583333333333331 0.01783333333333334 0.013666666666666669 0.05133333333333332 0.7911666666666665 0.824 0.7911666666666664 0.8871666666666667 0.7361666666666667 0.5360000000000003 0.8536666666666669 0.9358333333333334 0.8401666666666668 0.9551666666666669 0.8213333333333334 0.5533333333333333 0.06266666666666666 0.11416666666666667 0.049833333333333334 0.06266666666666668 0.4211666666666666 0.4238333333333333 0.15666666666666662 0.09116666666666663 0.09400000000000003 0.08166666666666668 0.41249999999999987 0.3368333333333333 0.5373333333333333 0.49683333333333335 0.3875 0.4415000000000001 0.6680000000000001 0.7480000000000002 0.05299999999999999 0.4155000000000001 0.6028333333333333 0.09500000000000003 0.16649999999999995 0.04866666666666667 0.05133333333333332 0.05550000000000001 0.058499999999999996 0.06133333333333334 0.059833333333333336 0.05833333333333333 0.06850000000000002 0.129 0.01883333333333334 0.0666666666666667 0.11216666666666665 0.18450000000000005 
0.9533333333333336 0.9843333333333335 0.2005 0.1693333333333333 0.0 0.0003333333333333333 0.23983333333333337 0.48550000000000004 0.013999999999999999 0.028833333333333332 0.7424999999999997 0.7663333333333331 0.6538333333333333 0.7525 0.0725 0.059500000000000004 1.0 0.9850000000000003 0.4528333333333335 0.6453333333333333 0.010833333333333335 0.03566666666666668 0.20066666666666674 0.20133333333333334 0.0 0.0 0.0 0.0 0.985166666666667 0.9703333333333335 0.17750000000000007 0.22300000000000003 0.8665 0.9650000000000003 0.19216666666666668 0.024000000000000004 0.6605000000000001 0.9115000000000001 0.4324999999999999 0.6729999999999999 0.6763333333333335 0.8235000000000002 0.0 0.0 0.0 0.15416666666666662 0.005 0.0395 0.0 0.09516666666666666 0.0 0.07950000000000002 0.22450000000000003 0.10250000000000002 0.7503333333333332 0.6993333333333333 0.9778333333333336 0.9676666666666668 0.48450000000000015 0.5123333333333333 0.8293333333333337 0.9520000000000003 0.9480000000000004 0.9625000000000005 0.025333333333333336 0.14416666666666667 0.12516666666666673 0.3406666666666668 0.36516666666666686 0.32799999999999996 0.012833333333333332 0.0003333333333333333 0.8009999999999999 0.5894999999999999 0.24716666666666667 0.5628333333333334 0.6774999999999999 0.8893333333333334 0.982333333333334 0.9880000000000004 0.9880000000000004 0.9893333333333336 0.5441666666666667 0.9576666666666669 0.47350000000000003 0.20549999999999993 0.731 0.3431666666666666 0.3783333333333334 0.38666666666666666 
0.9476666666666668 0.9826666666666671 0.19983333333333334 0.1675 0.0 0.0 0.2386666666666667 0.4765 0.00866666666666667 0.021833333333333337 0.7330000000000001 0.7574999999999998 0.6455 0.7429999999999999 0.06516666666666666 0.05233333333333332 0.9850000000000003 1.0 0.45416666666666683 0.6483333333333334 0.010833333333333332 0.03550000000000001 0.20000000000000004 0.20116666666666666 0.0 0.0 0.0 0.0 0.9828333333333336 0.9660000000000001 0.17616666666666675 0.21966666666666668 0.8681666666666668 0.956666666666667 0.19150000000000003 0.0235 0.666 0.9068333333333334 0.4346666666666667 0.6788333333333333 0.6818333333333331 0.8278333333333332 0.0 0.0 0.0 0.14699999999999996 0.005 0.04016666666666668 0.0 0.08766666666666664 0.0 0.07166666666666668 0.21700000000000003 0.10216666666666668 0.7451666666666666 0.6908333333333332 0.9828333333333339 0.9706666666666667 0.4788333333333334 0.5035 0.8211666666666669 0.9416666666666669 0.9393333333333337 0.9548333333333336 0.024833333333333332 0.1378333333333333 0.12533333333333338 0.33683333333333343 0.36533333333333345 0.3276666666666666 0.012333333333333333 0.00016666666666666666 0.8066666666666664 0.5956666666666666 0.25199999999999995 0.5690000000000002 0.6848333333333333 0.8949999999999999 0.9866666666666671 0.986666666666667 0.9843333333333335 0.9813333333333337 0.5431666666666666 0.9583333333333336 0.4738333333333334 0.20483333333333328 0.7365 0.344 0.3778333333333333 0.38066666666666654 
0.46083333333333343 0.4573333333333335 0.27399999999999985 0.33049999999999996 0.40516666666666656 0.3648333333333335 0.483 0.3246666666666666 0.3171666666666666 0.3048333333333333 0.3453333333333333 0.3523333333333333 0.3183333333333333 0.3399999999999999 0.29949999999999993 0.30133333333333334 0.4528333333333335 0.45416666666666683 1.0 0.7733333333333333 0.33649999999999997 0.3999999999999999 0.2683333333333333 0.26049999999999995 0.4343333333333333 0.42666666666666664 0.4311666666666667 0.4205 0.4540000000000002 0.43433333333333324 0.3613333333333334 0.17033333333333342 0.5761666666666666 0.4538333333333334 0.27083333333333326 0.335 0.29366666666666674 0.39916666666666667 0.2633333333333333 0.2908333333333333 0.31383333333333335 0.35783333333333345 0.4311666666666667 0.39649999999999985 0.42933333333333323 0.3534999999999999 0.4428333333333332 0.4744999999999998 0.36583333333333334 0.30816666666666664 0.38066666666666676 0.30816666666666664 0.3526666666666668 0.4023333333333333 0.29833333333333323 0.292 0.4595 0.4715 0.5230000000000001 0.4643333333333334 0.502 0.4561666666666666 0.4591666666666667 0.4573333333333335 0.4055 0.21500000000000008 0.6216666666666666 0.6441666666666667 0.7335000000000003 0.7036666666666666 0.4848333333333333 0.4408333333333336 0.33033333333333337 0.4743333333333334 0.6075 0.23450000000000004 0.6021666666666666 0.43666666666666665 0.4516666666666669 0.4530000000000001 0.4533333333333335 0.4523333333333335 0.39366666666666666 0.43933333333333335 0.3378333333333334 0.26183333333333336 0.3084999999999999 0.225 0.3960000000000001 0.3206666666666667 
0.6508333333333333 0.6516666666666667 0.1328333333333334 0.18483333333333338 0.24983333333333338 0.22316666666666662 0.3281666666666667 0.29066666666666663 0.20300000000000004 0.20516666666666672 0.4828333333333334 0.49566666666666664 0.41733333333333356 0.48216666666666647 0.24033333333333323 0.22883333333333336 0.6453333333333333 0.6483333333333334 0.7733333333333333 1.0 0.22066666666666668 0.27200000000000013 0.12766666666666665 0.128 0.26116666666666666 0.25916666666666666 0.26100000000000007 0.2546666666666667 0.6453333333333332 0.6253333333333331 0.179 0.0745 0.6823333333333335 0.6443333333333334 0.13083333333333333 0.20016666666666666 0.3964999999999999 0.5899999999999997 0.245 0.4043333333333334 0.4141666666666668 0.5228333333333333 0.2611666666666667 0.24433333333333337 0.26116666666666666 0.32050000000000006 0.267 0.32249999999999995 0.22399999999999995 0.2616666666666666 0.2328333333333333 0.24716666666666662 0.38633333333333325 0.32333333333333336 0.4568333333333333 0.43550000000000005 0.6541666666666667 0.6655 0.6665000000000001 0.612 0.67 0.6419999999999999 0.6458333333333331 0.6459999999999998 0.25433333333333336 0.10650000000000003 0.4341666666666666 0.5978333333333335 0.6848333333333333 0.6366666666666666 0.30516666666666664 0.26566666666666666 0.4943333333333332 0.5206666666666667 0.4988333333333334 0.2993333333333333 0.7301666666666671 0.5876666666666668 0.6453333333333333 0.6459999999999998 0.6449999999999999 0.6436666666666666 0.3885 0.6258333333333331 0.31550000000000006 0.12866666666666665 0.4253333333333335 0.18733333333333346 0.26300000000000007 0.21200000000000002 
0.023500000000000007 0.009666666666666667 0.2241666666666666 0.2985 0.9213333333333332 0.9518333333333335 0.2943333333333333 0.1475 0.9218333333333335 0.9018333333333328 0.07983333333333335 0.07800000000000003 0.20666666666666667 0.08250000000000002 0.8728333333333331 0.8711666666666666 0.010833333333333335 0.010833333333333332 0.33649999999999997 0.22066666666666668 1.0 0.9088333333333332 0.2288333333333333 0.22583333333333325 0.8901666666666668 0.8979999999999998 0.8948333333333331 0.9063333333333331 0.012833333333333334 0.013333333333333334 0.6096666666666668 0.25216666666666676 0.04650000000000001 0.018333333333333333 0.23216666666666672 0.552 0.07383333333333336 0.010000000000000002 0.158 0.07033333333333334 0.0761666666666667 0.011833333333333333 0.8961666666666668 0.9271666666666666 0.8988333333333334 0.7981666666666664 0.8421666666666665 0.6416666666666667 0.9523333333333336 0.8436666666666666 0.9446666666666669 0.861 0.7304999999999998 0.6504999999999999 0.013666666666666667 0.02833333333333334 0.010333333333333335 0.02 0.3478333333333332 0.3385000000000001 0.07816666666666666 0.02016666666666667 0.025 0.01733333333333334 0.519 0.34983333333333344 0.643 0.4571666666666666 0.4228333333333332 0.48999999999999994 0.7753333333333333 0.8543333333333334 0.007833333333333333 0.3783333333333334 0.5731666666666666 0.07966666666666664 0.12466666666666665 0.013833333333333335 0.008833333333333334 0.010833333333333335 0.011500000000000002 0.012833333333333334 0.11966666666666664 0.011000000000000001 0.1668333333333333 0.23233333333333334 0.07633333333333335 0.1591666666666667 0.2173333333333333 0.21900000000000003 
0.04150000000000001 0.03566666666666668 0.24183333333333334 0.31599999999999995 0.9376666666666666 0.9311666666666666 0.3213333333333334 0.13433333333333333 0.8896666666666665 0.8761666666666668 0.06849999999999999 0.06816666666666665 0.19566666666666666 0.07149999999999998 0.8571666666666666 0.8553333333333332 0.03566666666666668 0.03550000000000001 0.3999999999999999 0.27200000000000013 0.9088333333333332 1.0 0.24633333333333332 0.24099999999999994 0.9078333333333335 0.9150000000000001 0.9121666666666667 0.9229999999999999 0.03550000000000002 0.03583333333333335 0.6275 0.218 0.109 0.037833333333333344 0.24966666666666673 0.5700000000000001 0.045333333333333316 0.03500000000000001 0.1438333333333333 0.045666666666666654 0.046166666666666654 0.02650000000000001 0.9141666666666669 0.9443333333333334 0.9151666666666667 0.7848333333333335 0.859833333333333 0.660666666666667 0.9311666666666666 0.8281666666666666 0.9380000000000002 0.8516666666666666 0.7180000000000003 0.64 0.04116666666666668 0.03500000000000001 0.03633333333333335 0.04616666666666668 0.3449999999999999 0.3275 0.07466666666666665 0.03683333333333334 0.03950000000000001 0.03650000000000001 0.5375000000000001 0.32099999999999995 0.6609999999999999 0.48933333333333323 0.47350000000000003 0.5308333333333333 0.793333333333333 0.871 0.03383333333333334 0.4036666666666667 0.6466666666666666 0.10466666666666664 0.157 0.03200000000000001 0.03533333333333335 0.03566666666666668 0.03533333333333335 0.035833333333333356 0.13366666666666663 0.032166666666666684 0.16750000000000004 0.24966666666666668 0.04749999999999998 0.15483333333333335 0.2348333333333333 0.1855 
0.19666666666666668 0.1961666666666667 0.9768333333333338 0.7651666666666667 0.30233333333333323 0.26366666666666666 0.6673333333333332 0.5961666666666666 0.20833333333333331 0.1778333333333334 0.33783333333333343 0.3225 0.19266666666666668 0.308 0.11933333333333335 0.12416666666666666 0.20066666666666674 0.20000000000000004 0.2683333333333333 0.12766666666666665 0.2288333333333333 0.24633333333333332 1.0 0.9798333333333338 0.33533333333333326 0.3278333333333333 0.33049999999999996 0.31849999999999995 0.19949999999999998 0.22033333333333335 0.61 0.8618333333333336 0.3081666666666666 0.19883333333333336 0.978666666666667 0.6493333333333333 0.46850000000000025 0.27849999999999997 0.706 0.4668333333333335 0.4496666666666668 0.316 0.32816666666666655 0.29583333333333334 0.3261666666666667 0.07033333333333332 0.3715 0.49616666666666664 0.26366666666666666 0.09033333333333333 0.2781666666666667 0.11316666666666662 0.024499999999999997 0.37449999999999994 0.40666666666666673 0.4063333333333335 0.19433333333333344 0.1805 0.01616666666666667 0.0045 0.14383333333333337 0.1930000000000001 0.18933333333333338 0.1906666666666667 0.5688333333333333 0.6333333333333332 0.3499999999999999 0.08983333333333339 0.15566666666666668 0.1715 0.3254999999999999 0.3288333333333333 0.3331666666666667 0.15316666666666665 0.2338333333333334 0.5606666666666666 0.1449999999999999 0.23116666666666666 0.20383333333333334 0.20133333333333336 0.19916666666666671 0.20116666666666666 0.6076666666666666 0.20983333333333334 0.6733333333333335 0.9698333333333338 0.401 0.7974999999999999 0.812 0.7294999999999997 
0.1971666666666666 0.19766666666666666 0.9718333333333337 0.7621666666666665 0.29650000000000004 0.25849999999999995 0.6611666666666666 0.5941666666666667 0.2033333333333334 0.17550000000000002 0.33616666666666667 0.321 0.19266666666666665 0.3073333333333334 0.11816666666666671 0.12283333333333336 0.20133333333333334 0.20116666666666666 0.26049999999999995 0.128 0.22583333333333325 0.24099999999999994 0.9798333333333338 1.0 0.3295000000000001 0.322 0.32466666666666666 0.3128333333333334 0.20016666666666666 0.22116666666666668 0.6013333333333334 0.8575000000000002 0.3028333333333333 0.1991666666666667 0.9720000000000006 0.6451666666666667 0.4733333333333335 0.28133333333333327 0.7138333333333332 0.4731666666666668 0.4551666666666668 0.3205000000000001 0.3225 0.2905 0.32000000000000006 0.07049999999999998 0.36616666666666675 0.49266666666666664 0.25849999999999995 0.08883333333333335 0.273 0.11066666666666668 0.025333333333333336 0.3786666666666668 0.4136666666666668 0.4103333333333333 0.19599999999999998 0.18233333333333335 0.015333333333333332 0.003833333333333333 0.14400000000000007 0.19266666666666668 0.18900000000000003 0.1908333333333333 0.5610000000000002 0.6313333333333333 0.34333333333333327 0.08550000000000005 0.15066666666666667 0.16666666666666669 0.31783333333333325 0.32183333333333325 0.33799999999999997 0.15483333333333327 0.22650000000000006 0.5681666666666668 0.14999999999999997 0.23566666666666677 0.20583333333333337 0.20233333333333334 0.1996666666666667 0.2018333333333333 0.6026666666666667 0.2118333333333333 0.6785000000000001 0.9678333333333334 0.4054999999999999 0.8039999999999998 0.806 0.7294999999999999 
