1.0 0.12883333333333336 0.8404999999999996 0.8373333333333329 0.033 0.035666666666666666 0.8409999999999996 0.4531666666666666 0.3233333333333333 0.3343333333333332 0.7001666666666669 0.3423333333333333 0.5136666666666666 0.30166666666666664 0.033999999999999996 0.10316666666666668 0.10450000000000001 0.1031666666666667 0.8646666666666664 0.15300000000000005 0.03833333333333333 0.03783333333333333 0.8423333333333329 0.8404999999999996 0.5166666666666668 0.3303333333333333 0.033499999999999995 0.03383333333333334 0.10283333333333335 0.1026666666666667 0.704333333333333 0.7104999999999997 0.33516666666666667 0.11866666666666668 0.8408333333333329 0.8419999999999996 0.848333333333333 0.5296666666666664 0.1155 0.04616666666666666 0.2145 0.31866666666666676 0.8403333333333329 0.8393333333333329 0.8244999999999999 0.6371666666666664 0.838833333333333 0.8443333333333328 0.31850000000000006 0.152 0.6059999999999999 0.2775 0.041499999999999995 0.09383333333333337 0.03950000000000001 0.10150000000000003 0.1021666666666667 0.10183333333333336 0.44166666666666665 0.17933333333333334 0.49183333333333323 0.04066666666666666 0.10233333333333335 0.10100000000000003 0.8401666666666663 0.8110000000000003 0.8404999999999996 0.8396666666666661 0.14416666666666667 0.087 0.6759999999999999 0.8413333333333329 0.7491666666666665 0.10433333333333338 0.741 0.632 0.8898333333333336 0.8980000000000001 0.10200000000000001 0.10583333333333332 0.10200000000000004 0.10200000000000004 0.13533333333333336 0.10233333333333336 0.6916666666666664 0.6898333333333331 0.2450000000000001 0.10000000000000002 0.2871666666666666 0.155 
0.12883333333333336 1.0 0.02666666666666666 0.02433333333333333 0.8961666666666666 0.8994999999999997 0.0255 0.01983333333333333 0.5098333333333334 0.2815 0.02933333333333334 0.02183333333333333 0.06533333333333333 0.05833333333333332 0.896833333333333 0.964166666666667 0.8956666666666665 0.9033333333333333 0.06749999999999999 0.8381666666666666 0.9019999999999997 0.9014999999999997 0.02666666666666666 0.02666666666666666 0.2238333333333334 0.28166666666666673 0.897833333333333 0.8976666666666665 0.9038333333333333 0.9056666666666665 0.038500000000000006 0.03383333333333334 0.6973333333333334 0.8323333333333335 0.02666666666666666 0.02666666666666666 0.033333333333333326 0.3888333333333334 0.835166666666667 0.901666666666667 0.8968333333333328 0.7458333333333336 0.02666666666666666 0.02666666666666666 0.02666666666666666 0.019833333333333335 0.02666666666666666 0.02666666666666666 0.0245 0.2203333333333334 0.02416666666666667 0.22149999999999995 0.8913333333333331 0.9491666666666666 0.7573333333333333 0.9660000000000002 0.9626666666666669 0.9676666666666669 0.009 0.4803333333333332 0.08416666666666664 0.6826666666666668 0.896833333333333 0.9021666666666667 0.02483333333333333 0.009666666666666667 0.02666666666666666 0.02666666666666666 0.978166666666667 0.9443333333333334 0.0005 0.027499999999999997 0.3605000000000001 0.8906666666666666 0.1173333333333333 0.11333333333333333 0.07166666666666666 0.081 0.9081666666666665 0.8775 0.9606666666666669 0.9139999999999998 0.8949999999999999 0.9695000000000004 0.034166666666666665 0.03516666666666666 0.6729999999999998 0.9646666666666668 0.6001666666666667 0.6833333333333337 
0.8404999999999996 0.02666666666666666 1.0 0.9838333333333336 0.0016666666666666666 0.0003333333333333333 0.9891666666666669 0.5941666666666665 0.3398333333333332 0.3554999999999998 0.6751666666666665 0.4143333333333333 0.458 0.36666666666666664 0.0016666666666666666 0.0 0.0011666666666666668 0.0 0.8558333333333331 0.11533333333333334 0.0 0.0 0.989166666666667 0.9870000000000003 0.6285 0.4456666666666667 0.0016666666666666666 0.0016666666666666668 0.0 0.0 0.8163333333333337 0.8301666666666666 0.2806666666666668 0.06283333333333332 0.9898333333333337 0.9888333333333336 0.9238333333333333 0.569 0.07516666666666671 0.0034999999999999996 0.1108333333333333 0.21666666666666665 0.9898333333333337 0.9895000000000003 0.9756666666666669 0.7560000000000001 0.983166666666667 0.9831666666666667 0.43066666666666675 0.22583333333333333 0.7210000000000001 0.35800000000000004 0.0 0.0 0.001 0.0 0.0 0.0 0.5861666666666667 0.1648333333333334 0.4271666666666667 0.004999999999999999 0.0 0.0 0.9861666666666669 0.9593333333333333 0.9916666666666668 0.9910000000000002 0.0425 0.019 0.813 0.9821666666666671 0.6461666666666668 0.0013333333333333333 0.7025000000000001 0.5846666666666667 0.9356666666666668 0.9261666666666664 0.0 0.0045 0.0 0.0 0.05466666666666666 0.0 0.8061666666666669 0.8053333333333333 0.25483333333333325 0.0006666666666666666 0.27849999999999997 0.11416666666666664 
0.8373333333333329 0.02433333333333333 0.9838333333333336 1.0 0.003333333333333333 0.002 0.9843333333333335 0.6033333333333334 0.3441666666666666 0.36466666666666664 0.6829999999999999 0.41966666666666663 0.46566666666666656 0.37349999999999994 0.0034999999999999996 0.0 0.0018333333333333335 0.0013333333333333333 0.8556666666666665 0.1145 0.0016666666666666668 0.0018333333333333335 0.9843333333333335 0.9838333333333334 0.6204999999999999 0.4388333333333334 0.003333333333333333 0.0033333333333333335 0.0008333333333333333 0.0011666666666666668 0.8056666666666669 0.8188333333333334 0.27550000000000013 0.06649999999999999 0.9860000000000001 0.9836666666666669 0.9223333333333332 0.5701666666666667 0.07650000000000004 0.004 0.10766666666666666 0.21666666666666665 0.9813333333333337 0.9823333333333336 0.9663333333333337 0.7450000000000001 0.9776666666666669 0.9760000000000004 0.43150000000000027 0.2255 0.7110000000000002 0.3503333333333334 0.0016666666666666668 0.0 0.002833333333333333 0.0 0.0 0.0 0.591 0.1746666666666667 0.4348333333333333 0.013000000000000001 0.0006666666666666666 0.0008333333333333333 0.9870000000000002 0.9638333333333337 0.9828333333333336 0.9831666666666667 0.0395 0.016999999999999998 0.8198333333333332 0.9766666666666669 0.6411666666666666 0.0031666666666666666 0.6993333333333334 0.5900000000000001 0.9328333333333333 0.9233333333333327 0.0006666666666666666 0.006000000000000001 0.0 0.0008333333333333333 0.05633333333333334 0.0 0.7951666666666669 0.7943333333333337 0.25683333333333325 0.0006666666666666666 0.2815 0.12233333333333331 
0.033 0.8961666666666666 0.0016666666666666666 0.003333333333333333 1.0 0.9945000000000002 0.0018333333333333333 0.024 0.6099999999999999 0.3549999999999999 0.048833333333333326 0.024833333333333343 0.10433333333333335 0.07749999999999999 0.9956666666666668 0.9206666666666666 0.8386666666666663 0.8503333333333333 0.10433333333333332 0.8740000000000001 0.9926666666666669 0.9925000000000004 0.002833333333333333 0.0034999999999999996 0.20550000000000007 0.28133333333333327 0.9956666666666669 0.9950000000000001 0.8518333333333333 0.8558333333333331 0.005333333333333333 0.0025 0.6856666666666666 0.8428333333333334 0.0036666666666666666 0.003333333333333333 0.05833333333333332 0.3500000000000001 0.914333333333333 0.9828333333333338 0.8061666666666666 0.7018333333333334 0.0005 0.0005 0.00016666666666666666 0.004833333333333334 0.0011666666666666668 0.0008333333333333333 0.02516666666666667 0.21666666666666679 0.009000000000000001 0.20600000000000002 0.9695000000000001 0.9155 0.8418333333333333 0.9264999999999998 0.9183333333333334 0.9233333333333333 0.010666666666666666 0.5540000000000002 0.033666666666666664 0.7501666666666666 0.8411666666666663 0.8476666666666666 0.0031666666666666666 0.003 0.0006666666666666666 0.0016666666666666666 0.8799999999999994 0.941166666666667 0.0018333333333333333 0.0023333333333333335 0.26266666666666666 0.8326666666666666 0.02433333333333333 0.041333333333333326 0.001 0.002333333333333333 0.8596666666666666 0.8253333333333335 0.9155 0.8650000000000001 0.8708333333333336 0.9239999999999999 0.0016666666666666668 0.002833333333333333 0.7003333333333335 0.9269999999999999 0.6441666666666666 0.7531666666666668 
0.035666666666666666 0.8994999999999997 0.0003333333333333333 0.002 0.9945000000000002 1.0 0.0005 0.0225 0.6076666666666665 0.3521666666666667 0.04633333333333332 0.0235 0.10183333333333336 0.075 0.9945000000000002 0.9238333333333333 0.8411666666666665 0.8528333333333332 0.10549999999999998 0.8753333333333334 0.9955000000000002 0.9946666666666668 0.0015000000000000002 0.0021666666666666666 0.20433333333333337 0.27949999999999997 0.9958333333333335 0.9948333333333335 0.8543333333333335 0.8583333333333333 0.005666666666666666 0.002833333333333333 0.689 0.8460000000000001 0.0023333333333333335 0.002 0.05966666666666665 0.3493333333333334 0.9176666666666662 0.9843333333333336 0.8095 0.7050000000000002 0.0 0.0 0.0 0.004333333333333333 0.0006666666666666666 0.0005 0.02483333333333334 0.2163333333333334 0.008333333333333333 0.20583333333333328 0.9713333333333335 0.9183333333333334 0.8436666666666668 0.9303333333333331 0.9205000000000002 0.9261666666666666 0.01 0.5515000000000001 0.0325 0.7503333333333334 0.8436666666666661 0.8501666666666665 0.0018333333333333335 0.0016666666666666668 0.00016666666666666666 0.0003333333333333333 0.8839999999999997 0.9445000000000005 0.0008333333333333333 0.0015 0.26600000000000007 0.8353333333333332 0.024999999999999994 0.04383333333333333 0.0006666666666666666 0.002333333333333333 0.8621666666666666 0.8270000000000001 0.9180000000000001 0.8675000000000002 0.8738333333333338 0.9271666666666667 0.0018333333333333335 0.0031666666666666666 0.6998333333333333 0.9308333333333333 0.6428333333333334 0.7525000000000002 
0.8409999999999996 0.0255 0.9891666666666669 0.9843333333333335 0.0018333333333333333 0.0005 1.0 0.5960000000000002 0.34149999999999986 0.3591666666666666 0.6778333333333331 0.41566666666666663 0.46099999999999985 0.3678333333333333 0.0018333333333333333 0.0 0.0015000000000000002 0.0006666666666666666 0.8576666666666667 0.11433333333333334 0.0 0.0 0.9876666666666668 0.9855000000000003 0.6230000000000001 0.4408333333333334 0.0018333333333333333 0.0018333333333333335 0.0006666666666666666 0.0006666666666666666 0.8108333333333337 0.825 0.27783333333333343 0.06383333333333331 0.9863333333333334 0.9863333333333335 0.9218333333333331 0.5686666666666668 0.07483333333333338 0.003666666666666667 0.10916666666666665 0.21666666666666665 0.9850000000000001 0.9863333333333335 0.9706666666666669 0.7508333333333336 0.9803333333333333 0.9823333333333335 0.43000000000000005 0.22500000000000003 0.7158333333333333 0.35333333333333344 0.0 0.0 0.0008333333333333333 0.0 0.0 0.0 0.5873333333333335 0.16899999999999998 0.43149999999999994 0.007833333333333335 0.0005 0.0005 0.9880000000000001 0.9598333333333332 0.9865 0.9858333333333335 0.04100000000000001 0.017833333333333333 0.8168333333333331 0.9810000000000003 0.6443333333333334 0.0023333333333333335 0.7031666666666665 0.5855 0.9368333333333336 0.9246666666666661 0.0005 0.005666666666666666 0.0 0.0005 0.05466666666666666 0.0 0.8013333333333336 0.8001666666666667 0.25633333333333325 0.0006666666666666666 0.2805 0.11683333333333332 
0.4531666666666666 0.01983333333333333 0.5941666666666665 0.6033333333333334 0.024 0.0225 0.5960000000000002 1.0 0.37933333333333347 0.6294999999999998 0.6811666666666666 0.7343333333333334 0.6833333333333335 0.7281666666666665 0.02483333333333333 0.020499999999999997 0.09833333333333333 0.08883333333333336 0.4706666666666666 0.02283333333333333 0.022166666666666668 0.022666666666666672 0.5963333333333335 0.5948333333333333 0.2376666666666667 0.36700000000000005 0.023666666666666662 0.023666666666666662 0.084 0.08466666666666667 0.4155 0.42900000000000005 0.016333333333333335 0.0855 0.597 0.5973333333333334 0.5358333333333334 0.5338333333333334 0.018000000000000002 0.0225 0.026500000000000003 0.23099999999999996 0.5909999999999999 0.5923333333333332 0.5755 0.5051666666666668 0.5866666666666667 0.5880000000000001 0.7623333333333333 0.5726666666666665 0.49016666666666653 0.4928333333333333 0.03933333333333335 0.0365 0.16649999999999998 0.01933333333333333 0.027000000000000003 0.0215 0.9618333333333333 0.4323333333333333 0.8124999999999997 0.2668333333333333 0.09833333333333333 0.09499999999999996 0.5996666666666667 0.6275 0.5931666666666666 0.5936666666666666 0.0195 0.01933333333333333 0.7576666666666667 0.5893333333333334 0.26666666666666666 0.10749999999999997 0.3566666666666666 0.4733333333333334 0.5445 0.5328333333333335 0.07850000000000001 0.09066666666666665 0.026833333333333334 0.07600000000000001 0.034333333333333334 0.01933333333333333 0.4086666666666666 0.4058333333333334 0.24466666666666664 0.01933333333333333 0.2446666666666667 0.21233333333333332 
0.3233333333333333 0.5098333333333334 0.3398333333333332 0.3441666666666666 0.6099999999999999 0.6076666666666665 0.34149999999999986 0.37933333333333347 1.0 0.7261666666666668 0.38266666666666665 0.20216666666666672 0.3178333333333334 0.20766666666666672 0.6099999999999998 0.5353333333333333 0.45666666666666655 0.4688333333333332 0.4031666666666667 0.48833333333333323 0.606 0.6064999999999998 0.344 0.344 0.1503333333333333 0.4058333333333334 0.6098333333333332 0.6094999999999999 0.4724999999999999 0.47350000000000003 0.17616666666666667 0.18466666666666665 0.3021666666666667 0.45849999999999996 0.34316666666666656 0.3435 0.4031666666666666 0.6761666666666669 0.5276666666666666 0.6039999999999999 0.42683333333333323 0.5258333333333333 0.33916666666666656 0.3386666666666665 0.3194999999999999 0.19466666666666668 0.3386666666666666 0.34333333333333327 0.20866666666666667 0.10583333333333336 0.179 0.09750000000000002 0.5828333333333334 0.5295000000000001 0.45799999999999996 0.5403333333333333 0.5325 0.5373333333333334 0.3631666666666667 0.5365 0.358 0.3659999999999999 0.45899999999999996 0.4649999999999999 0.34166666666666656 0.34083333333333327 0.3391666666666666 0.3394999999999999 0.49383333333333357 0.5541666666666668 0.34983333333333333 0.3486666666666666 0.12183333333333335 0.4515 0.1635 0.1675 0.3408333333333332 0.3368333333333332 0.4780000000000001 0.4728333333333332 0.5315 0.4829999999999998 0.5246666666666667 0.5378333333333333 0.1656666666666667 0.16383333333333333 0.7500000000000001 0.5403333333333334 0.6285 0.5761666666666666 
0.3343333333333332 0.2815 0.3554999999999998 0.36466666666666664 0.3549999999999999 0.3521666666666667 0.3591666666666666 0.6294999999999998 0.7261666666666668 1.0 0.5499999999999999 0.44866666666666666 0.5258333333333333 0.4533333333333333 0.3549999999999999 0.2851666666666667 0.3611666666666666 0.35416666666666674 0.4166666666666666 0.3331666666666666 0.34983333333333333 0.3509999999999999 0.3605 0.36033333333333323 0.1493333333333334 0.38799999999999996 0.35316666666666663 0.35316666666666663 0.3486666666666667 0.35033333333333333 0.1851666666666667 0.19466666666666665 0.2278333333333334 0.37433333333333335 0.3591666666666665 0.3604999999999998 0.42083333333333345 0.5196666666666666 0.311 0.34733333333333327 0.257 0.2801666666666667 0.3548333333333332 0.3541666666666666 0.3356666666666666 0.269 0.3529999999999999 0.35700000000000004 0.4463333333333333 0.32833333333333337 0.2558333333333333 0.2445 0.3591666666666666 0.3121666666666667 0.39250000000000007 0.28733333333333333 0.29350000000000004 0.2881666666666667 0.6136666666666667 0.6154999999999997 0.6128333333333333 0.43816666666666654 0.36316666666666664 0.3616666666666667 0.36033333333333323 0.3846666666666667 0.3548333333333332 0.3554999999999999 0.2808333333333334 0.31683333333333336 0.4861666666666667 0.3629999999999999 0.13049999999999998 0.35916666666666663 0.191 0.28550000000000003 0.35949999999999993 0.3536666666666665 0.34299999999999997 0.35416666666666663 0.2930000000000001 0.3421666666666667 0.31166666666666676 0.28583333333333333 0.17866666666666667 0.17616666666666667 0.5481666666666666 0.2884999999999999 0.5383333333333334 0.522 
0.7001666666666669 0.02933333333333334 0.6751666666666665 0.6829999999999999 0.048833333333333326 0.04633333333333332 0.6778333333333331 0.6811666666666666 0.38266666666666665 0.5499999999999999 1.0 0.5636666666666666 0.7596666666666665 0.5349999999999999 0.04849999999999999 0.03266666666666666 0.10966666666666665 0.10033333333333334 0.7031666666666666 0.05283333333333334 0.04499999999999999 0.045666666666666654 0.6773333333333333 0.6766666666666667 0.3441666666666668 0.32566666666666677 0.04699999999999999 0.04749999999999998 0.09649999999999999 0.09666666666666666 0.5241666666666667 0.5338333333333335 0.11983333333333336 0.09966666666666668 0.6773333333333333 0.6783333333333335 0.7033333333333333 0.4791666666666668 0.06266666666666666 0.04366666666666666 0.048499999999999995 0.2486666666666666 0.6748333333333332 0.6729999999999998 0.6588333333333333 0.6015 0.675 0.6754999999999999 0.5233333333333333 0.34483333333333327 0.5846666666666667 0.35333333333333333 0.05633333333333334 0.039 0.16349999999999998 0.03166666666666666 0.037500000000000006 0.0315 0.6713333333333332 0.41466666666666663 0.6786666666666664 0.2408333333333334 0.11033333333333334 0.10516666666666667 0.6808333333333332 0.7091666666666666 0.6739999999999999 0.6748333333333332 0.03066666666666667 0.02716666666666667 0.805 0.6721666666666667 0.4926666666666669 0.11866666666666667 0.5681666666666667 0.661833333333333 0.6956666666666667 0.6943333333333332 0.08933333333333333 0.10200000000000001 0.03766666666666667 0.08833333333333332 0.06783333333333333 0.029666666666666668 0.5165000000000001 0.5125000000000001 0.2451666666666667 0.030999999999999996 0.26649999999999996 0.2413333333333333 
0.3423333333333333 0.02183333333333333 0.4143333333333333 0.41966666666666663 0.024833333333333343 0.0235 0.41566666666666663 0.7343333333333334 0.20216666666666672 0.44866666666666666 0.5636666666666666 1.0 0.7175 0.9023333333333333 0.025666666666666674 0.027166666666666672 0.10716666666666669 0.09716666666666668 0.3348333333333334 0.014333333333333332 0.023000000000000003 0.024000000000000007 0.41283333333333333 0.4123333333333333 0.3813333333333334 0.5068333333333334 0.0245 0.02450000000000001 0.09566666666666666 0.09283333333333335 0.58 0.5740000000000001 0.02216666666666667 0.08116666666666669 0.41333333333333333 0.4121666666666666 0.3496666666666667 0.32866666666666666 0.020000000000000004 0.020333333333333342 0.024666666666666663 0.23883333333333337 0.4121666666666666 0.4126666666666667 0.431 0.6459999999999999 0.4078333333333334 0.4045 0.9105000000000001 0.7508333333333336 0.6656666666666667 0.6790000000000002 0.04133333333333335 0.044000000000000004 0.1733333333333333 0.022333333333333334 0.03250000000000001 0.027000000000000007 0.738666666666667 0.2846666666666667 0.6481666666666667 0.24916666666666668 0.1075 0.10200000000000004 0.418 0.4445000000000002 0.4118333333333332 0.4131666666666666 0.022 0.01916666666666667 0.5676666666666668 0.4048333333333333 0.2991666666666667 0.10333333333333332 0.5379999999999999 0.6281666666666665 0.36033333333333323 0.3555 0.08683333333333336 0.11883333333333335 0.034166666666666665 0.08383333333333334 0.04699999999999999 0.024833333333333332 0.5680000000000001 0.5665000000000001 0.07400000000000001 0.022833333333333327 0.08800000000000002 0.12766666666666665 
0.5136666666666666 0.06533333333333333 0.458 0.46566666666666656 0.10433333333333335 0.10183333333333336 0.46099999999999985 0.6833333333333335 0.3178333333333334 0.5258333333333333 0.7596666666666665 0.7175 1.0 0.7096666666666668 0.10450000000000005 0.06716666666666665 0.14550000000000002 0.13533333333333333 0.5136666666666667 0.10050000000000002 0.10150000000000002 0.10233333333333335 0.4601666666666666 0.45933333333333315 0.2573333333333333 0.3288333333333335 0.102 0.10350000000000001 0.13016666666666662 0.13149999999999998 0.44033333333333324 0.4438333333333333 0.09483333333333333 0.153 0.4591666666666665 0.4589999999999999 0.49916666666666676 0.3746666666666667 0.10066666666666667 0.09666666666666666 0.06849999999999999 0.2813333333333333 0.45699999999999996 0.4556666666666667 0.4505000000000001 0.5241666666666667 0.4546666666666666 0.4568333333333334 0.6673333333333334 0.5049999999999999 0.5218333333333335 0.47533333333333333 0.11416666666666668 0.08483333333333333 0.25116666666666676 0.06733333333333333 0.07399999999999998 0.06866666666666667 0.6809999999999999 0.40349999999999997 0.6938333333333333 0.3441666666666666 0.14700000000000005 0.14283333333333334 0.4628333333333333 0.4919999999999999 0.4555 0.4561666666666666 0.06666666666666667 0.07800000000000001 0.6271666666666668 0.45666666666666667 0.40700000000000003 0.15233333333333332 0.48783333333333334 0.6078333333333333 0.4695 0.4701666666666667 0.1228333333333333 0.1366666666666667 0.0725 0.12233333333333332 0.10966666666666666 0.06733333333333333 0.4303333333333333 0.42699999999999994 0.16183333333333333 0.06733333333333333 0.19216666666666668 0.2346666666666666 
0.30166666666666664 0.05833333333333332 0.36666666666666664 0.37349999999999994 0.07749999999999999 0.075 0.3678333333333333 0.7281666666666665 0.20766666666666672 0.4533333333333333 0.5349999999999999 0.9023333333333333 0.7096666666666668 1.0 0.07733333333333334 0.061499999999999985 0.1408333333333333 0.13 0.30350000000000005 0.06633333333333334 0.07433333333333332 0.07533333333333331 0.3651666666666666 0.3656666666666666 0.3273333333333334 0.47816666666666663 0.0765 0.07683333333333334 0.129 0.12649999999999997 0.5011666666666668 0.49383333333333335 0.055833333333333304 0.11799999999999997 0.36700000000000005 0.36550000000000005 0.31266666666666665 0.30916666666666665 0.07133333333333333 0.069 0.05833333333333333 0.2613333333333333 0.36383333333333334 0.3646666666666667 0.3811666666666666 0.5698333333333332 0.3613333333333334 0.35650000000000004 0.8713333333333334 0.7428333333333333 0.5948333333333333 0.6589999999999999 0.08833333333333333 0.07999999999999999 0.22550000000000003 0.06166666666666667 0.06899999999999998 0.06316666666666665 0.7354999999999999 0.2973333333333333 0.6495000000000001 0.30050000000000004 0.14150000000000001 0.136 0.37133333333333324 0.3971666666666666 0.3648333333333334 0.36483333333333334 0.058166666666666665 0.05966666666666666 0.5211666666666667 0.3578333333333334 0.29716666666666663 0.137 0.4861666666666666 0.5873333333333333 0.31716666666666665 0.31433333333333335 0.12049999999999997 0.15000000000000002 0.06699999999999998 0.11749999999999998 0.08433333333333332 0.061166666666666654 0.5016666666666666 0.49883333333333335 0.06933333333333336 0.05916666666666665 0.0916666666666667 0.14316666666666664 
0.033999999999999996 0.896833333333333 0.0016666666666666666 0.0034999999999999996 0.9956666666666668 0.9945000000000002 0.0018333333333333333 0.02483333333333333 0.6099999999999998 0.3549999999999999 0.04849999999999999 0.025666666666666674 0.10450000000000005 0.07733333333333334 1.0 0.9219999999999997 0.8406666666666665 0.8523333333333332 0.10366666666666663 0.8731666666666668 0.9923333333333336 0.9928333333333336 0.002833333333333333 0.0036666666666666666 0.20550000000000007 0.2815 0.9946666666666668 0.9943333333333335 0.8538333333333334 0.8578333333333333 0.005333333333333334 0.0026666666666666666 0.687 0.8441666666666667 0.003833333333333333 0.0034999999999999996 0.058166666666666644 0.3503333333333334 0.9146666666666664 0.9828333333333336 0.8073333333333332 0.7025000000000002 0.0005 0.0005 0.00016666666666666666 0.004666666666666667 0.0013333333333333333 0.001 0.025666666666666674 0.2176666666666667 0.008833333333333334 0.20616666666666666 0.9695000000000001 0.9161666666666666 0.8428333333333333 0.9271666666666664 0.9193333333333333 0.9243333333333331 0.011333333333333336 0.5533333333333335 0.034499999999999996 0.7511666666666668 0.8431666666666664 0.8496666666666666 0.003333333333333333 0.0031666666666666666 0.0006666666666666666 0.0018333333333333333 0.8806666666666664 0.9418333333333336 0.002333333333333333 0.0025 0.26400000000000007 0.8348333333333332 0.025500000000000002 0.043 0.0011666666666666668 0.002 0.8616666666666666 0.8273333333333334 0.9165000000000001 0.867 0.8713333333333335 0.9249999999999998 0.0016666666666666666 0.002833333333333333 0.6995 0.9276666666666666 0.6435 0.7520000000000002 
0.10316666666666668 0.964166666666667 0.0 0.0 0.9206666666666666 0.9238333333333333 0.0 0.020499999999999997 0.5353333333333333 0.2851666666666667 0.03266666666666666 0.027166666666666672 0.06716666666666665 0.061499999999999985 0.9219999999999997 1.0 0.915333333333333 0.9260000000000003 0.03783333333333333 0.8059999999999999 0.9263333333333335 0.9268333333333332 0.0 0.0 0.19683333333333336 0.27516666666666667 0.9219999999999999 0.9226666666666667 0.9288333333333335 0.9321666666666667 0.013000000000000001 0.008 0.6706666666666665 0.8244999999999999 0.0 0.0 0.004166666666666667 0.40116666666666667 0.852 0.9241666666666666 0.8831666666666663 0.7765 0.0 0.0 0.00016666666666666666 0.009166666666666668 0.0 0.0 0.031333333333333345 0.2305 0.01516666666666667 0.21499999999999994 0.9144999999999999 0.9691666666666668 0.7765000000000001 0.9895000000000002 0.9876666666666668 0.9923333333333335 0.009666666666666665 0.47766666666666646 0.08766666666666664 0.679666666666667 0.9154999999999996 0.9196666666666664 0.0 0.0 0.0 0.0 0.9480000000000003 0.9378333333333336 0.0005 0.0015 0.33899999999999986 0.9088333333333332 0.09716666666666667 0.11716666666666663 0.046833333333333324 0.0565 0.9363333333333334 0.9025 0.9891666666666669 0.9396666666666665 0.9021666666666665 0.9940000000000001 0.008333333333333333 0.009500000000000001 0.6493333333333333 0.9883333333333336 0.5745000000000001 0.679666666666667 
0.10450000000000001 0.8956666666666665 0.0011666666666666668 0.0018333333333333335 0.8386666666666663 0.8411666666666665 0.0015000000000000002 0.09833333333333333 0.45666666666666655 0.3611666666666666 0.10966666666666665 0.10716666666666669 0.14550000000000002 0.1408333333333333 0.8406666666666665 0.915333333333333 1.0 0.9823333333333337 0.03883333333333333 0.7988333333333334 0.8439999999999998 0.8448333333333331 0.0013333333333333333 0.0013333333333333333 0.19916666666666674 0.3176666666666667 0.8389999999999997 0.8396666666666666 0.9778333333333336 0.9795000000000001 0.015333333333333332 0.010333333333333335 0.6723333333333333 0.8744999999999997 0.0011666666666666668 0.001 0.0055000000000000005 0.3988333333333333 0.7689999999999999 0.8411666666666663 0.8643333333333332 0.6968333333333334 0.0011666666666666668 0.0013333333333333333 0.0011666666666666668 0.052166666666666674 0.0011666666666666668 0.0013333333333333333 0.11100000000000002 0.30899999999999994 0.06000000000000001 0.2629999999999999 0.8388333333333335 0.914833333333333 0.786 0.9071666666666665 0.9189999999999998 0.9139999999999999 0.08900000000000001 0.5566666666666668 0.1673333333333334 0.7563333333333333 0.982166666666667 0.9786666666666671 0.0016666666666666668 0.01566666666666667 0.001 0.0013333333333333333 0.8883333333333333 0.8623333333333335 0.07750000000000004 0.0018333333333333335 0.3439999999999999 0.9733333333333336 0.11833333333333332 0.19399999999999992 0.048166666666666656 0.057833333333333334 0.9740000000000003 0.9538333333333334 0.9211666666666667 0.971666666666667 0.8496666666666663 0.9103333333333332 0.010666666666666666 0.011666666666666667 0.5865 0.9053333333333334 0.5863333333333334 0.7238333333333334 
0.1031666666666667 0.9033333333333333 0.0 0.0013333333333333333 0.8503333333333333 0.8528333333333332 0.0006666666666666666 0.08883333333333336 0.4688333333333332 0.35416666666666674 0.10033333333333334 0.09716666666666668 0.13533333333333333 0.13 0.8523333333333332 0.9260000000000003 0.9823333333333337 1.0 0.03766666666666667 0.7976666666666666 0.8556666666666668 0.8565 0.0 0.0 0.19766666666666674 0.3128333333333334 0.8506666666666667 0.8513333333333334 0.9848333333333338 0.9898333333333337 0.013999999999999999 0.009000000000000001 0.6704999999999999 0.8698333333333332 0.0 0.0 0.0045000000000000005 0.40449999999999997 0.7806666666666664 0.8528333333333333 0.8683333333333333 0.7071666666666667 0.0 0.0 0.0 0.0475 0.0 0.0 0.10083333333333336 0.3011666666666666 0.0555 0.2569999999999999 0.8501666666666671 0.9234999999999995 0.7911666666666666 0.9178333333333333 0.9303333333333331 0.9250000000000002 0.07850000000000003 0.5468333333333334 0.15700000000000003 0.7465 0.9811666666666671 0.9850000000000004 0.0008333333333333333 0.011333333333333336 0.0 0.0 0.8923333333333332 0.872 0.06766666666666668 0.0008333333333333333 0.3418333333333332 0.9725000000000001 0.11766666666666667 0.18616666666666665 0.04666666666666667 0.05666666666666668 0.9826666666666671 0.965166666666667 0.933166666666667 0.9830000000000004 0.8596666666666664 0.9223333333333334 0.009333333333333334 0.010333333333333335 0.5904999999999999 0.9163333333333336 0.5820000000000002 0.7171666666666667 
0.8646666666666664 0.06749999999999999 0.8558333333333331 0.8556666666666665 0.10433333333333332 0.10549999999999998 0.8576666666666667 0.4706666666666666 0.4031666666666667 0.4166666666666666 0.7031666666666666 0.3348333333333334 0.5136666666666667 0.30350000000000005 0.10366666666666663 0.03783333333333333 0.03883333333333333 0.03766666666666667 1.0 0.22016666666666662 0.10366666666666666 0.10399999999999998 0.8603333333333332 0.8598333333333332 0.5220000000000001 0.3358333333333334 0.10399999999999998 0.10366666666666663 0.037333333333333336 0.03833333333333334 0.7025 0.7099999999999999 0.36283333333333334 0.14816666666666664 0.8601666666666665 0.8606666666666666 0.9260000000000004 0.49583333333333335 0.17783333333333332 0.10416666666666664 0.146 0.25283333333333335 0.8564999999999998 0.8569999999999998 0.8386666666666666 0.6335 0.8573333333333332 0.8619999999999998 0.31349999999999995 0.14466666666666664 0.6041666666666667 0.27283333333333337 0.0995 0.04766666666666668 0.1043333333333333 0.041999999999999996 0.03983333333333333 0.04016666666666666 0.45716666666666667 0.2595 0.42233333333333334 0.10799999999999998 0.038833333333333324 0.04033333333333333 0.8561666666666664 0.8276666666666666 0.8571666666666665 0.8561666666666666 0.08450000000000003 0.09433333333333332 0.6955 0.8608333333333331 0.6829999999999998 0.03933333333333334 0.6685 0.5538333333333335 0.862 0.8585 0.036333333333333336 0.03833333333333334 0.03916666666666666 0.038666666666666655 0.10566666666666666 0.0405 0.6886666666666668 0.6866666666666669 0.2998333333333334 0.04466666666666666 0.3736666666666666 0.22849999999999998 
0.15300000000000005 0.8381666666666666 0.11533333333333334 0.1145 0.8740000000000001 0.8753333333333334 0.11433333333333334 0.02283333333333333 0.48833333333333323 0.3331666666666666 0.05283333333333334 0.014333333333333332 0.10050000000000002 0.06633333333333334 0.8731666666666668 0.8059999999999999 0.7988333333333334 0.7976666666666666 0.22016666666666662 1.0 0.8753333333333334 0.8751666666666666 0.11666666666666668 0.11733333333333335 0.319 0.316 0.8745000000000002 0.8730000000000001 0.7946666666666666 0.7988333333333334 0.12116666666666666 0.11833333333333335 0.8055000000000004 0.892 0.11716666666666667 0.11666666666666665 0.1743333333333333 0.3486666666666667 0.8096666666666664 0.8698333333333335 0.8618333333333333 0.5873333333333336 0.11533333333333334 0.1155 0.11516666666666668 0.0645 0.11566666666666668 0.11566666666666667 0.017333333333333333 0.1996666666666667 0.061500000000000006 0.24866666666666667 0.855166666666667 0.8141666666666666 0.7750000000000001 0.8136666666666668 0.8091666666666666 0.8089999999999999 0.010166666666666668 0.5495 0.032 0.7498333333333334 0.7985 0.8006666666666666 0.11500000000000002 0.08750000000000002 0.11516666666666668 0.1155 0.8528333333333334 0.8663333333333335 0.005333333333333333 0.11383333333333333 0.37633333333333335 0.7986666666666666 0.12116666666666667 0.053 0.11633333333333333 0.11816666666666664 0.7965000000000001 0.7689999999999998 0.8061666666666666 0.7991666666666666 0.8325000000000001 0.8109999999999999 0.1175 0.11866666666666668 0.6576666666666666 0.8156666666666667 0.7344999999999999 0.7671666666666667 
0.03833333333333333 0.9019999999999997 0.0 0.0016666666666666668 0.9926666666666669 0.9955000000000002 0.0 0.022166666666666668 0.606 0.34983333333333333 0.04499999999999999 0.023000000000000003 0.10150000000000002 0.07433333333333332 0.9923333333333336 0.9263333333333335 0.8439999999999998 0.8556666666666668 0.10366666666666666 0.8753333333333334 1.0 0.9955000000000002 0.0011666666666666668 0.0018333333333333333 0.2035000000000001 0.2783333333333333 0.9940000000000002 0.9926666666666669 0.8571666666666666 0.8611666666666666 0.005333333333333333 0.0025 0.6905000000000001 0.848 0.0018333333333333333 0.0015 0.058999999999999976 0.35100000000000003 0.9179999999999996 0.9861666666666669 0.8118333333333335 0.7071666666666667 0.0 0.0 0.0 0.0045000000000000005 0.0003333333333333333 0.0 0.025000000000000005 0.21666666666666676 0.0085 0.2053333333333333 0.9735000000000003 0.9205 0.8438333333333332 0.9325 0.9233333333333336 0.9286666666666666 0.009666666666666665 0.5488333333333334 0.033 0.7480000000000001 0.8464999999999996 0.8529999999999996 0.0013333333333333333 0.0011666666666666668 0.0 0.0 0.885833333333333 0.9465 0.0005 0.0015 0.2681666666666667 0.8381666666666666 0.02633333333333333 0.04583333333333332 0.001 0.003 0.8649999999999999 0.8298333333333332 0.9208333333333334 0.8703333333333333 0.8748333333333336 0.9296666666666666 0.0016666666666666668 0.003 0.6976666666666665 0.9323333333333333 0.6406666666666666 0.7503333333333336 
0.03783333333333333 0.9014999999999997 0.0 0.0018333333333333335 0.9925000000000004 0.9946666666666668 0.0 0.022666666666666672 0.6064999999999998 0.3509999999999999 0.045666666666666654 0.024000000000000007 0.10233333333333335 0.07533333333333331 0.9928333333333336 0.9268333333333332 0.8448333333333331 0.8565 0.10399999999999998 0.8751666666666666 0.9955000000000002 1.0 0.0011666666666666668 0.002 0.20400000000000007 0.2793333333333333 0.9928333333333336 0.9931666666666669 0.8580000000000002 0.862 0.006000000000000001 0.003 0.6910000000000001 0.8478333333333333 0.002 0.0016666666666666668 0.058999999999999976 0.3511666666666667 0.9174999999999995 0.9853333333333336 0.8115000000000001 0.7070000000000002 0.0 0.0 0.0 0.005 0.0005 0.00016666666666666666 0.02583333333333334 0.21850000000000008 0.009166666666666668 0.2065 0.9733333333333336 0.9206666666666666 0.8453333333333333 0.9319999999999999 0.9241666666666668 0.9288333333333333 0.010166666666666666 0.5498333333333333 0.03283333333333333 0.7506666666666668 0.847333333333333 0.8538333333333331 0.0015 0.0013333333333333333 0.0 0.00016666666666666666 0.8853333333333331 0.9456666666666669 0.001 0.0016666666666666666 0.2683333333333334 0.839 0.026666666666666658 0.04633333333333332 0.0008333333333333333 0.002333333333333333 0.8658333333333332 0.8306666666666667 0.9216666666666669 0.8711666666666668 0.8748333333333338 0.9294999999999999 0.002 0.003333333333333333 0.6973333333333332 0.9318333333333331 0.6405 0.7500000000000003 
0.8423333333333329 0.02666666666666666 0.989166666666667 0.9843333333333335 0.002833333333333333 0.0015000000000000002 0.9876666666666668 0.5963333333333335 0.344 0.3605 0.6773333333333333 0.41283333333333333 0.4601666666666666 0.3651666666666666 0.002833333333333333 0.0 0.0013333333333333333 0.0 0.8603333333333332 0.11666666666666668 0.0011666666666666668 0.0011666666666666668 1.0 0.9905000000000003 0.6268333333333334 0.44333333333333336 0.002833333333333333 0.002833333333333333 0.0 0.0 0.8121666666666669 0.8253333333333335 0.28183333333333344 0.06416666666666665 0.9906666666666669 0.991666666666667 0.9273333333333333 0.5708333333333335 0.07650000000000004 0.003666666666666667 0.11099999999999996 0.2165 0.9876666666666671 0.9873333333333336 0.9716666666666671 0.7515000000000002 0.9813333333333335 0.9833333333333337 0.42583333333333345 0.2216666666666667 0.7164999999999999 0.3533333333333335 0.0011666666666666668 0.0 0.0023333333333333335 0.0 0.0 0.0 0.5848333333333334 0.16816666666666666 0.42999999999999994 0.006 0.0 0.0 0.9880000000000001 0.9595000000000001 0.9878333333333336 0.9891666666666669 0.0425 0.019 0.8136666666666666 0.9843333333333338 0.6458333333333335 0.0013333333333333333 0.6993333333333333 0.5816666666666667 0.9366666666666668 0.9268333333333326 0.0 0.004666666666666666 0.0 0.0 0.055999999999999994 0.0 0.8013333333333335 0.8001666666666668 0.2588333333333332 0.0006666666666666666 0.282 0.11616666666666664 
0.8404999999999996 0.02666666666666666 0.9870000000000003 0.9838333333333334 0.0034999999999999996 0.0021666666666666666 0.9855000000000003 0.5948333333333333 0.344 0.36033333333333323 0.6766666666666667 0.4123333333333333 0.45933333333333315 0.3656666666666666 0.0036666666666666666 0.0 0.0013333333333333333 0.0 0.8598333333333332 0.11733333333333335 0.0018333333333333333 0.002 0.9905000000000003 1.0 0.6271666666666667 0.4446666666666668 0.0034999999999999996 0.0034999999999999996 0.0 0.0 0.8115000000000003 0.8243333333333334 0.28233333333333344 0.06466666666666665 0.9918333333333337 0.9908333333333336 0.9273333333333333 0.5688333333333335 0.07700000000000004 0.004 0.11099999999999996 0.21633333333333332 0.9865000000000002 0.9868333333333338 0.9703333333333335 0.7505 0.984166666666667 0.9815000000000004 0.4255 0.22050000000000003 0.7161666666666667 0.3526666666666667 0.0016666666666666666 0.0 0.002833333333333333 0.0 0.0 0.0 0.5823333333333333 0.16766666666666666 0.42800000000000005 0.006833333333333334 0.0 0.0 0.9865000000000004 0.9583333333333337 0.986666666666667 0.9886666666666669 0.0425 0.019 0.8131666666666665 0.982166666666667 0.6456666666666667 0.0013333333333333333 0.6998333333333331 0.5821666666666667 0.9368333333333335 0.9261666666666659 0.0 0.004666666666666666 0.0 0.0 0.05666666666666667 0.0 0.801 0.8005000000000001 0.25916666666666666 0.0006666666666666666 0.2813333333333332 0.11599999999999998 
0.5166666666666668 0.2238333333333334 0.6285 0.6204999999999999 0.20550000000000007 0.20433333333333337 0.6230000000000001 0.2376666666666667 0.1503333333333333 0.1493333333333334 0.3441666666666668 0.3813333333333334 0.2573333333333333 0.3273333333333334 0.20550000000000007 0.19683333333333336 0.19916666666666674 0.19766666666666674 0.5220000000000001 0.319 0.2035000000000001 0.20400000000000007 0.6268333333333334 0.6271666666666667 1.0 0.5779999999999998 0.20550000000000004 0.2056666666666667 0.20050000000000004 0.19750000000000004 0.7713333333333332 0.7755000000000003 0.4800000000000001 0.26216666666666666 0.6280000000000001 0.6261666666666668 0.5615 0.22683333333333333 0.27833333333333327 0.20366666666666675 0.3046666666666667 0.09216666666666669 0.626 0.6258333333333334 0.6428333333333334 0.6888333333333333 0.6223333333333333 0.6183333333333334 0.39149999999999996 0.45383333333333326 0.6851666666666667 0.5238333333333332 0.2015 0.1981666666666667 0.20416666666666672 0.19933333333333342 0.19700000000000006 0.19733333333333342 0.23149999999999987 0.2371666666666667 0.15300000000000002 0.20733333333333337 0.19766666666666674 0.19683333333333336 0.6256666666666667 0.5968333333333333 0.6270000000000001 0.629 0.23933333333333337 0.21800000000000008 0.44649999999999984 0.6183333333333334 0.48533333333333334 0.19950000000000004 0.6538333333333335 0.5216666666666667 0.5713333333333334 0.5676666666666668 0.1978333333333334 0.2165 0.1973333333333334 0.19750000000000004 0.2445 0.19700000000000004 0.7753333333333333 0.7796666666666667 0.2881666666666666 0.19883333333333336 0.33866666666666667 0.2425 
