1.0 0.9556666666666669 0.534 0.5351666666666666 0.4793333333333332 0.5551666666666667 0.9080000000000001 0.9034999999999997 0.5826666666666667 0.42033333333333345 0.40016666666666667 0.9371666666666669 0.37883333333333347 0.8283333333333331 0.07100000000000001 0.4761666666666665 0.05866666666666667 0.038000000000000006 0.9566666666666669 0.9556666666666668 0.45616666666666666 0.6799999999999998 0.08400000000000002 0.039833333333333346 0.04283333333333332 0.047499999999999994 0.16349999999999998 0.7063333333333333 0.04033333333333333 0.04183333333333333 0.08266666666666671 0.2636666666666666 0.9450000000000003 0.9241666666666667 0.7253333333333332 0.7589999999999998 0.037666666666666675 0.037666666666666675 0.037666666666666675 0.037666666666666675 0.037666666666666675 0.037666666666666675 0.27599999999999997 0.33649999999999997 0.37633333333333324 0.9418333333333335 0.44683333333333336 0.3660000000000001 0.9501666666666669 0.9493333333333335 0.8691666666666664 0.9354999999999997 0.7726666666666666 0.7531666666666667 0.037666666666666675 0.27449999999999997 0.8826666666666667 0.9540000000000002 0.9188333333333334 0.9383333333333332 0.9153333333333336 0.9163333333333336 0.8671666666666665 0.9536666666666669 0.13033333333333336 0.8916666666666666 0.9115000000000001 0.914 0.9535000000000001 0.9553333333333336 0.04249999999999999 0.03950000000000001 0.4625000000000002 0.41400000000000015 0.5693333333333334 0.5165000000000001 0.24316666666666667 0.5326666666666667 0.04066666666666666 0.06266666666666666 0.037666666666666675 0.21249999999999994 0.037666666666666675 0.037666666666666675 0.32366666666666655 0.6955 0.037666666666666675 0.038166666666666675 0.9023333333333331 0.8998333333333334 
0.9556666666666669 1.0 0.49516666666666675 0.4976666666666664 0.4409999999999999 0.5693333333333332 0.9443333333333337 0.9405000000000001 0.5656666666666665 0.3830000000000001 0.37799999999999984 0.975166666666667 0.3436666666666667 0.8628333333333338 0.033666666666666664 0.44 0.02250000000000001 0.001 0.9956666666666668 0.9940000000000001 0.41833333333333345 0.7189999999999996 0.04783333333333334 0.0013333333333333333 0.004833333333333333 0.010000000000000002 0.1255 0.745833333333333 0.0036666666666666666 0.0055 0.04666666666666667 0.23200000000000004 0.982 0.9618333333333332 0.7623333333333333 0.7963333333333331 0.0003333333333333333 0.0005 0.0003333333333333333 0.00016666666666666666 0.0003333333333333333 0.0005 0.23883333333333334 0.2999999999999999 0.3408333333333332 0.9818333333333337 0.40800000000000003 0.3288333333333333 0.9885000000000003 0.9873333333333336 0.8556666666666668 0.9346666666666665 0.7338333333333334 0.723 0.0003333333333333333 0.31383333333333335 0.8480000000000001 0.9926666666666669 0.9558333333333334 0.9750000000000003 0.9523333333333334 0.9536666666666666 0.9001666666666667 0.9930000000000001 0.092 0.9289999999999996 0.9488333333333336 0.9516666666666667 0.9905000000000003 0.9926666666666668 0.006 0.002833333333333333 0.5016666666666665 0.4553333333333335 0.6093333333333334 0.5573333333333332 0.20516666666666666 0.572 0.004166666666666667 0.025333333333333336 0.0006666666666666666 0.17766666666666667 0.0003333333333333333 0.0 0.28616666666666657 0.6951666666666667 0.0 0.0005 0.9396666666666665 0.9375000000000003 
0.534 0.49516666666666675 1.0 0.9166666666666667 0.8878333333333331 0.7341666666666667 0.5441666666666667 0.5431666666666666 0.7516666666666667 0.7958333333333334 0.10433333333333332 0.4846666666666667 0.46349999999999997 0.5354999999999998 0.37300000000000005 0.7648333333333334 0.39466666666666683 0.39416666666666683 0.4960000000000001 0.49750000000000016 0.8851666666666667 0.587 0.43383333333333335 0.4776666666666667 0.4791666666666666 0.48350000000000004 0.5983333333333334 0.5589999999999999 0.39383333333333354 0.3943333333333334 0.41516666666666674 0.3101666666666667 0.5085000000000001 0.5255 0.3965000000000001 0.4343333333333335 0.4070000000000002 0.3953333333333335 0.40616666666666673 0.40566666666666684 0.3951666666666668 0.3953333333333335 0.6408333333333333 0.7153333333333333 0.7126666666666667 0.5008333333333332 0.7923333333333333 0.7618333333333335 0.5028333333333332 0.5045000000000001 0.6058333333333332 0.5496666666666666 0.7436666666666665 0.7163333333333335 0.4065000000000001 0.1595 0.6273333333333333 0.4948333333333334 0.5343333333333334 0.5161666666666666 0.5371666666666666 0.5363333333333333 0.5133333333333332 0.49650000000000005 0.5006666666666667 0.542 0.5363333333333334 0.5343333333333333 0.5001666666666668 0.4975 0.39466666666666683 0.3995000000000001 0.14533333333333334 0.03216666666666666 0.11383333333333338 0.08866666666666666 0.41716666666666674 0.16066666666666665 0.3945000000000002 0.3856666666666668 0.3956666666666668 0.2651666666666667 0.40900000000000014 0.41416666666666674 0.7166666666666666 0.6993333333333333 0.4111666666666667 0.4155 0.5464999999999999 0.5474999999999999 
0.5351666666666666 0.4976666666666664 0.9166666666666667 1.0 0.9009999999999999 0.7684999999999996 0.5501666666666666 0.5534999999999999 0.779 0.7673333333333335 0.12816666666666668 0.49 0.4626666666666667 0.5246666666666665 0.3373333333333333 0.7490000000000003 0.358 0.3598333333333333 0.499333333333333 0.5003333333333331 0.8759999999999999 0.6283333333333333 0.4020000000000001 0.4686666666666666 0.47283333333333316 0.4765 0.5925 0.6029999999999999 0.3575 0.35749999999999993 0.3753333333333333 0.3041666666666666 0.5114999999999997 0.5319999999999999 0.4408333333333334 0.47966666666666663 0.37399999999999983 0.35966666666666663 0.37383333333333324 0.37199999999999994 0.3613333333333333 0.3608333333333333 0.6098333333333331 0.6841666666666668 0.6741666666666667 0.5056666666666666 0.735 0.7311666666666667 0.5061666666666667 0.5084999999999998 0.6358333333333333 0.556 0.7270000000000002 0.6921666666666666 0.37366666666666654 0.12483333333333331 0.6281666666666668 0.49866666666666654 0.5396666666666667 0.5195 0.5426666666666666 0.5413333333333332 0.5081666666666667 0.4996666666666665 0.4968333333333333 0.5636666666666666 0.5456666666666667 0.5439999999999999 0.5039999999999999 0.5013333333333331 0.35766666666666663 0.3623333333333333 0.12516666666666665 0.05483333333333331 0.11599999999999998 0.10549999999999997 0.36650000000000005 0.17166666666666672 0.35783333333333334 0.35766666666666663 0.36033333333333334 0.2626666666666666 0.37599999999999995 0.38116666666666654 0.6836666666666666 0.7668333333333333 0.3771666666666665 0.3816666666666665 0.5518333333333332 0.5556666666666668 
0.4793333333333332 0.4409999999999999 0.8878333333333331 0.9009999999999999 1.0 0.8386666666666663 0.49250000000000016 0.49616666666666664 0.8584999999999999 0.8186666666666669 0.08283333333333333 0.4353333333333333 0.45016666666666666 0.528833333333333 0.39350000000000024 0.7995000000000003 0.41083333333333344 0.4096666666666667 0.4414999999999999 0.44266666666666665 0.9576666666666672 0.6890000000000001 0.4695000000000001 0.5450000000000003 0.5565000000000001 0.5598333333333333 0.6794999999999999 0.6551666666666666 0.4110000000000001 0.41083333333333344 0.4071666666666667 0.30399999999999994 0.4543333333333333 0.4743333333333332 0.3868333333333334 0.4241666666666665 0.4251666666666666 0.4110000000000001 0.42416666666666664 0.42300000000000004 0.41233333333333344 0.4108333333333334 0.6601666666666667 0.6898333333333336 0.7006666666666667 0.44849999999999995 0.7661666666666668 0.7546666666666668 0.44883333333333325 0.4504999999999999 0.5751666666666668 0.49433333333333335 0.6955000000000001 0.6810000000000003 0.4246666666666667 0.15033333333333332 0.5746666666666667 0.44166666666666665 0.48133333333333334 0.4611666666666665 0.48466666666666663 0.4833333333333333 0.446 0.4421666666666666 0.49833333333333335 0.5086666666666666 0.48833333333333334 0.4859999999999998 0.4458333333333332 0.44316666666666665 0.41116666666666674 0.40750000000000014 0.07266666666666664 0.01600000000000001 0.061333333333333344 0.05466666666666668 0.3975 0.12083333333333333 0.4106666666666668 0.3835000000000002 0.4113333333333334 0.23083333333333342 0.42649999999999993 0.4278333333333333 0.6685000000000001 0.7038333333333334 0.4268333333333334 0.4268333333333332 0.49450000000000005 0.4986666666666666 
0.5551666666666667 0.5693333333333332 0.7341666666666667 0.7684999999999996 0.8386666666666663 1.0 0.6205000000000003 0.6241666666666668 0.7369999999999999 0.6731666666666668 0.11216666666666669 0.5623333333333334 0.3156666666666666 0.5971666666666667 0.24750000000000008 0.6588333333333332 0.26233333333333336 0.26150000000000007 0.5696666666666667 0.5706666666666667 0.8146666666666669 0.8363333333333332 0.32116666666666677 0.3979999999999999 0.4124999999999999 0.4164999999999999 0.5373333333333334 0.8033333333333335 0.2631666666666667 0.2626666666666667 0.2576666666666667 0.17916666666666664 0.5823333333333335 0.6023333333333333 0.5178333333333334 0.5548333333333331 0.27866666666666673 0.26350000000000007 0.2823333333333333 0.27816666666666673 0.26550000000000007 0.26433333333333336 0.5131666666666669 0.5410000000000003 0.5513333333333332 0.5765 0.6156666666666665 0.6026666666666665 0.5764999999999999 0.5786666666666668 0.6325 0.5571666666666666 0.5693333333333332 0.5760000000000002 0.28400000000000003 0.26983333333333326 0.5061666666666668 0.5691666666666666 0.6093333333333334 0.5891666666666668 0.6126666666666667 0.6113333333333333 0.5668333333333332 0.5701666666666667 0.35533333333333333 0.6363333333333334 0.6163333333333333 0.614 0.5738333333333333 0.5711666666666666 0.26266666666666666 0.258 0.19649999999999998 0.14633333333333332 0.1905 0.18433333333333338 0.25450000000000006 0.24883333333333332 0.2625 0.2371666666666666 0.26283333333333336 0.15216666666666667 0.27916666666666673 0.2783333333333334 0.5196666666666666 0.6533333333333334 0.278 0.2771666666666667 0.6225 0.6266666666666668 
0.9080000000000001 0.9443333333333337 0.5441666666666667 0.5501666666666666 0.49250000000000016 0.6205000000000003 1.0 0.9848333333333339 0.6160000000000001 0.3903333333333335 0.348 0.9271666666666667 0.31666666666666665 0.8145000000000002 0.036000000000000004 0.42466666666666664 0.0005 0.0 0.9466666666666669 0.9476666666666667 0.4679999999999999 0.7695000000000001 0.0285 0.050333333333333334 0.05266666666666667 0.05700000000000002 0.17599999999999993 0.7953333333333336 0.0 0.0 0.012166666666666673 0.1905 0.9598333333333339 0.9768333333333336 0.8115000000000002 0.8461666666666667 0.002 0.0 0.0025 0.0018333333333333335 0.0 0.0 0.2401666666666667 0.30216666666666653 0.31116666666666665 0.9431666666666668 0.42833333333333334 0.3423333333333333 0.9521666666666668 0.9538333333333334 0.9071666666666662 0.8936666666666666 0.7671666666666668 0.6738333333333334 0.0026666666666666666 0.3046666666666667 0.8029999999999999 0.9438333333333336 0.9853333333333337 0.9675000000000005 0.9885000000000004 0.9876666666666671 0.8551666666666669 0.9455000000000002 0.14583333333333334 0.9778333333333336 0.9863333333333335 0.9858333333333337 0.9518333333333334 0.9490000000000001 0.0 0.0 0.4538333333333334 0.4253333333333337 0.5588333333333332 0.5111666666666665 0.15700000000000003 0.5655 0.0 0.024666666666666667 0.0 0.17733333333333334 0.0026666666666666666 0.002833333333333333 0.2913333333333332 0.7446666666666663 0.0025 0.004166666666666667 0.9803333333333337 0.9796666666666671 
0.9034999999999997 0.9405000000000001 0.5431666666666666 0.5534999999999999 0.49616666666666664 0.6241666666666668 0.9848333333333339 1.0 0.6198333333333333 0.3921666666666666 0.3441666666666666 0.9241666666666668 0.31450000000000006 0.8113333333333336 0.03666666666666667 0.4251666666666666 0.002 0.0013333333333333335 0.9415 0.9421666666666668 0.47200000000000003 0.7726666666666665 0.025333333333333336 0.054000000000000006 0.0565 0.060833333333333336 0.1796666666666666 0.797 0.0013333333333333335 0.0013333333333333335 0.011000000000000003 0.18550000000000005 0.9553333333333337 0.9753333333333335 0.8143333333333334 0.849333333333333 0.004166666666666667 0.0013333333333333335 0.004666666666666666 0.003333333333333333 0.0013333333333333335 0.0013333333333333335 0.24216666666666664 0.30249999999999994 0.31216666666666665 0.9393333333333334 0.43183333333333335 0.34483333333333344 0.9480000000000001 0.9496666666666667 0.9089999999999998 0.8885000000000001 0.7625000000000002 0.6688333333333334 0.004833333333333333 0.30383333333333334 0.7986666666666667 0.9400000000000003 0.9811666666666672 0.9636666666666668 0.9843333333333336 0.9838333333333336 0.8508333333333333 0.9421666666666669 0.14816666666666664 0.979666666666667 0.9821666666666671 0.980666666666667 0.9466666666666665 0.9445 0.0013333333333333335 0.0013333333333333335 0.4501666666666666 0.42433333333333356 0.5555 0.5081666666666667 0.15650000000000006 0.5643333333333331 0.0013333333333333335 0.026333333333333334 0.0013333333333333335 0.17866666666666667 0.004666666666666666 0.004833333333333333 0.2931666666666666 0.7458333333333331 0.0045 0.006166666666666667 0.9781666666666671 0.9808333333333336 
0.5826666666666667 0.5656666666666665 0.7516666666666667 0.779 0.8584999999999999 0.7369999999999999 0.6160000000000001 0.6198333333333333 1.0 0.6873333333333332 0.17566666666666667 0.5596666666666665 0.5206666666666667 0.6554999999999999 0.32949999999999996 0.7001666666666668 0.2793333333333333 0.27833333333333327 0.5661666666666665 0.5668333333333333 0.8271666666666665 0.7999999999999998 0.34166666666666656 0.4148333333333334 0.4286666666666668 0.43333333333333335 0.552 0.7883333333333333 0.2791666666666666 0.2796666666666666 0.2751666666666666 0.3863333333333335 0.5785 0.5984999999999999 0.513 0.5506666666666665 0.29516666666666663 0.28049999999999997 0.2948333333333333 0.293 0.282 0.2804999999999999 0.5301666666666666 0.5584999999999999 0.5705 0.5701666666666664 0.6309999999999999 0.6191666666666668 0.5729999999999998 0.575 0.6681666666666668 0.5941666666666666 0.774666666666667 0.7705000000000001 0.2953333333333333 0.18250000000000002 0.6620000000000004 0.5666666666666665 0.6056666666666667 0.5856666666666667 0.6091666666666667 0.6078333333333336 0.5663333333333334 0.5666666666666665 0.4266666666666668 0.6326666666666666 0.6125000000000002 0.6101666666666667 0.5701666666666666 0.5673333333333331 0.2791666666666666 0.2756666666666666 0.19583333333333328 0.14166666666666664 0.18666666666666668 0.18099999999999994 0.3418333333333334 0.2433333333333334 0.27949999999999997 0.25283333333333324 0.2799999999999999 0.15216666666666664 0.29666666666666663 0.2963333333333333 0.5366666666666666 0.7375 0.2955 0.2953333333333333 0.6194999999999999 0.6231666666666666 
0.42033333333333345 0.3830000000000001 0.7958333333333334 0.7673333333333335 0.8186666666666669 0.6731666666666668 0.3903333333333335 0.3921666666666666 0.6873333333333332 1.0 0.1921666666666667 0.3805000000000001 0.4828333333333332 0.48266666666666674 0.5513333333333333 0.8651666666666665 0.5518333333333333 0.5780000000000001 0.3830000000000001 0.3833333333333336 0.8346666666666664 0.5205000000000001 0.47999999999999987 0.48933333333333323 0.5003333333333333 0.5011666666666665 0.6023333333333334 0.48883333333333334 0.5723333333333332 0.5688333333333333 0.5115 0.30733333333333335 0.38350000000000006 0.3858333333333335 0.26 0.29450000000000004 0.5948333333333333 0.5781666666666667 0.5943333333333333 0.593 0.5821666666666667 0.5808333333333333 0.8283333333333335 0.8488333333333332 0.8303333333333334 0.38966666666666677 0.8270000000000004 0.8461666666666666 0.3845000000000002 0.3846666666666668 0.4513333333333333 0.43250000000000005 0.5943333333333333 0.6243333333333333 0.5973333333333334 0.27949999999999997 0.5181666666666667 0.3833333333333335 0.3851666666666669 0.3841666666666669 0.3875000000000001 0.3873333333333335 0.3896666666666666 0.3835000000000002 0.43916666666666665 0.39283333333333337 0.3871666666666668 0.3866666666666669 0.3830000000000002 0.3830000000000002 0.5684999999999999 0.5676666666666665 0.08799999999999997 0.12316666666666666 0.03966666666666666 0.05550000000000001 0.4353333333333334 0.21766666666666662 0.5703333333333332 0.5526666666666666 0.5783333333333334 0.4025000000000001 0.595 0.5938333333333332 0.8288333333333334 0.5904999999999999 0.5935 0.5934999999999999 0.3940000000000001 0.3895 
0.40016666666666667 0.37799999999999984 0.10433333333333332 0.12816666666666668 0.08283333333333333 0.11216666666666669 0.348 0.3441666666666666 0.17566666666666667 0.1921666666666667 1.0 0.3889999999999999 0.5936666666666666 0.3171666666666666 0.6268333333333331 0.2523333333333333 0.6331666666666667 0.6074999999999999 0.3773333333333332 0.3769999999999999 0.08883333333333335 0.2195 0.5653333333333334 0.5030000000000001 0.48233333333333334 0.4806666666666667 0.31483333333333335 0.24999999999999997 0.6135 0.6165 0.6263333333333334 0.7154999999999998 0.3676666666666666 0.3543333333333333 0.4046666666666667 0.3728333333333333 0.5904999999999998 0.607 0.5881666666666665 0.5908333333333331 0.6034999999999999 0.6051666666666666 0.33549999999999996 0.29683333333333334 0.3176666666666666 0.3823333333333332 0.18099999999999997 0.21466666666666662 0.3763333333333332 0.37499999999999994 0.39383333333333354 0.424 0.26833333333333337 0.27449999999999997 0.5876666666666663 0.6766666666666667 0.379 0.3794999999999999 0.3506666666666666 0.3619999999999999 0.348 0.3484999999999999 0.36899999999999994 0.3779999999999999 0.4816666666666665 0.34483333333333327 0.3491666666666666 0.3489999999999999 0.37316666666666654 0.37499999999999994 0.6169999999999999 0.6138333333333333 0.7448333333333333 0.9036666666666665 0.7628333333333331 0.8148333333333333 0.5581666666666668 0.7123333333333332 0.6148333333333333 0.6266666666666667 0.6068333333333333 0.7795000000000001 0.5891666666666665 0.5874999999999997 0.3201666666666667 0.2951666666666667 0.5879999999999999 0.5891666666666665 0.3386666666666666 0.3464999999999999 
0.9371666666666669 0.975166666666667 0.4846666666666667 0.49 0.4353333333333333 0.5623333333333334 0.9271666666666667 0.9241666666666668 0.5596666666666665 0.3805000000000001 0.3889999999999999 1.0 0.3549999999999999 0.8698333333333338 0.04483333333333334 0.4464999999999999 0.037833333333333344 0.016000000000000004 0.9758333333333336 0.9746666666666668 0.4116666666666666 0.7129999999999996 0.049499999999999995 0.006 0.009000000000000001 0.013333333333333334 0.12583333333333332 0.7395 0.018833333333333337 0.020833333333333336 0.05583333333333333 0.2406666666666667 0.9625 0.9435000000000001 0.757833333333333 0.7919999999999999 0.009833333333333333 0.015666666666666672 0.009333333333333334 0.009333333333333334 0.01516666666666667 0.015500000000000005 0.24383333333333337 0.3035 0.3403333333333333 0.9613333333333336 0.3991666666666667 0.3265 0.9688333333333334 0.9670000000000001 0.8406666666666669 0.915 0.7164999999999999 0.7066666666666664 0.009666666666666667 0.3233333333333333 0.8390000000000003 0.9790000000000003 0.9380000000000002 0.9558333333333335 0.9358333333333335 0.936666666666667 0.9045000000000001 0.9775000000000003 0.09183333333333334 0.9143333333333333 0.9318333333333336 0.9345000000000003 0.9721666666666671 0.9743333333333338 0.021 0.018000000000000002 0.5093333333333333 0.46649999999999997 0.6106666666666668 0.5684999999999999 0.21533333333333335 0.5825 0.019333333333333334 0.0405 0.015666666666666672 0.18866666666666665 0.009833333333333333 0.0095 0.2859999999999999 0.6858333333333333 0.009166666666666667 0.010166666666666668 0.9231666666666668 0.9218333333333333 
0.37883333333333347 0.3436666666666667 0.46349999999999997 0.4626666666666667 0.45016666666666666 0.3156666666666666 0.31666666666666665 0.31450000000000006 0.5206666666666667 0.4828333333333332 0.5936666666666666 0.3549999999999999 1.0 0.426 0.6410000000000001 0.5873333333333333 0.6468333333333334 0.6208333333333335 0.3433333333333334 0.3434999999999999 0.42249999999999993 0.3459999999999999 0.5743333333333333 0.5134999999999998 0.49516666666666675 0.505 0.4451666666666667 0.3618333333333333 0.6261666666666666 0.6298333333333335 0.6413333333333334 0.737 0.3341666666666667 0.3235 0.30933333333333335 0.3158333333333333 0.6021666666666667 0.6200000000000001 0.597 0.6018333333333333 0.6156666666666666 0.6176666666666667 0.5071666666666665 0.48583333333333323 0.5108333333333331 0.34333333333333327 0.36349999999999993 0.39416666666666667 0.3418333333333334 0.3406666666666667 0.3686666666666665 0.392 0.5176666666666666 0.5863333333333334 0.596 0.435 0.48100000000000004 0.34550000000000003 0.3183333333333333 0.32850000000000007 0.3168333333333333 0.31733333333333336 0.43050000000000005 0.3440000000000001 0.49516666666666664 0.31499999999999995 0.31750000000000006 0.31733333333333336 0.3393333333333334 0.3408333333333334 0.6303333333333334 0.6321666666666667 0.49216666666666664 0.5261666666666667 0.4438333333333333 0.4953333333333331 0.5783333333333333 0.4215 0.6280000000000002 0.6040000000000001 0.6203333333333335 0.5400000000000001 0.6014999999999998 0.6024999999999998 0.5303333333333332 0.4123333333333333 0.6015 0.6041666666666667 0.30816666666666664 0.31549999999999995 
0.8283333333333331 0.8628333333333338 0.5354999999999998 0.5246666666666665 0.528833333333333 0.5971666666666667 0.8145000000000002 0.8113333333333336 0.6554999999999999 0.48266666666666674 0.3171666666666666 0.8698333333333338 0.426 1.0 0.14116666666666663 0.554 0.13733333333333334 0.11316666666666667 0.862166666666667 0.8613333333333337 0.4979999999999999 0.7316666666666667 0.1436666666666667 0.09383333333333331 0.0975 0.10166666666666664 0.21516666666666664 0.7518333333333334 0.11766666666666666 0.11999999999999998 0.14066666666666666 0.31116666666666665 0.8476666666666668 0.829166666666667 0.6360000000000001 0.6704999999999999 0.10516666666666664 0.114 0.10516666666666664 0.10499999999999997 0.11149999999999997 0.11266666666666664 0.3464999999999999 0.3838333333333334 0.4351666666666667 0.8495000000000004 0.4865 0.419 0.8555000000000004 0.8528333333333336 0.7466666666666667 0.8223333333333335 0.7050000000000002 0.7751666666666667 0.10616666666666663 0.3395 0.794 0.865166666666667 0.8238333333333335 0.8410000000000001 0.8223333333333336 0.8228333333333334 0.8573333333333334 0.8638333333333336 0.13150000000000006 0.8013333333333336 0.8188333333333334 0.8211666666666669 0.8575000000000004 0.8593333333333338 0.11966666666666667 0.11516666666666665 0.4641666666666666 0.36766666666666686 0.4903333333333334 0.46950000000000003 0.2945 0.4768333333333333 0.11800000000000001 0.08633333333333335 0.11299999999999999 0.15183333333333332 0.10416666666666664 0.10149999999999997 0.34716666666666673 0.6491666666666669 0.10349999999999997 0.10133333333333332 0.8100000000000004 0.81 
0.07100000000000001 0.033666666666666664 0.37300000000000005 0.3373333333333333 0.39350000000000024 0.24750000000000008 0.036000000000000004 0.03666666666666667 0.32949999999999996 0.5513333333333333 0.6268333333333331 0.04483333333333334 0.6410000000000001 0.14116666666666663 1.0 0.5138333333333333 0.9251666666666667 0.9431666666666664 0.03333333333333333 0.03333333333333333 0.4106666666666668 0.15566666666666668 0.8461666666666666 0.8310000000000001 0.8163333333333332 0.8141666666666665 0.648 0.1316666666666666 0.9434999999999997 0.9414999999999998 0.8816666666666666 0.7325 0.03333333333333333 0.034833333333333334 0.09966666666666668 0.06933333333333333 0.9484999999999998 0.946333333333333 0.9449999999999997 0.9478333333333332 0.9461666666666665 0.9454999999999997 0.6861666666666664 0.6036666666666666 0.5764999999999999 0.03900000000000001 0.5268333333333333 0.5666666666666668 0.03333333333333333 0.03333333333333333 0.09366666666666668 0.08033333333333333 0.24516666666666673 0.27983333333333327 0.9444999999999998 0.6893333333333334 0.16849999999999998 0.033666666666666664 0.034166666666666665 0.033499999999999995 0.035666666666666666 0.035500000000000004 0.09966666666666665 0.03383333333333333 0.7051666666666668 0.03816666666666667 0.034833333333333334 0.035 0.03333333333333333 0.03333333333333333 0.940333333333333 0.9401666666666664 0.5059999999999999 0.5603333333333333 0.4145 0.45749999999999985 0.7851666666666663 0.4320000000000001 0.9436666666666663 0.9169999999999999 0.946333333333333 0.7756666666666666 0.9476666666666663 0.9446666666666664 0.6268333333333335 0.19533333333333336 0.9479999999999997 0.9463333333333328 0.043500000000000004 0.03716666666666667 
0.4761666666666665 0.44 0.7648333333333334 0.7490000000000003 0.7995000000000003 0.6588333333333332 0.42466666666666664 0.4251666666666666 0.7001666666666668 0.8651666666666665 0.2523333333333333 0.4464999999999999 0.5873333333333333 0.554 0.5138333333333333 1.0 0.5548333333333334 0.5388333333333333 0.4395 0.4403333333333333 0.7796666666666667 0.531 0.4818333333333333 0.43433333333333346 0.4376666666666667 0.4433333333333333 0.5373333333333334 0.49750000000000005 0.547 0.5481666666666667 0.5278333333333334 0.3913333333333333 0.43133333333333346 0.4251666666666666 0.2800000000000001 0.31483333333333335 0.5246666666666667 0.5413333333333333 0.5208333333333335 0.5246666666666667 0.5381666666666667 0.5393333333333333 0.7669999999999999 0.7958333333333332 0.8340000000000001 0.44383333333333325 0.7531666666666667 0.7460000000000001 0.43949999999999995 0.43866666666666665 0.4755 0.48783333333333323 0.6341666666666669 0.6906666666666668 0.52 0.23566666666666666 0.5766666666666665 0.44233333333333325 0.4239999999999998 0.42999999999999994 0.4238333333333332 0.4241666666666665 0.4565000000000001 0.44116666666666665 0.37599999999999995 0.4218333333333332 0.42283333333333334 0.4226666666666666 0.43699999999999994 0.4385 0.5466666666666667 0.5436666666666666 0.1353333333333333 0.18349999999999994 0.10433333333333335 0.14516666666666672 0.44933333333333336 0.21733333333333327 0.5488333333333334 0.5091666666666668 0.5418333333333334 0.3578333333333332 0.5245000000000001 0.5208333333333333 0.7446666666666668 0.5823333333333334 0.5236666666666667 0.5216666666666667 0.43049999999999977 0.4221666666666665 
0.05866666666666667 0.02250000000000001 0.39466666666666683 0.358 0.41083333333333344 0.26233333333333336 0.0005 0.002 0.2793333333333333 0.5518333333333333 0.6331666666666667 0.037833333333333344 0.6468333333333334 0.13733333333333334 0.9251666666666667 0.5548333333333334 1.0 0.9690000000000002 0.021833333333333337 0.021333333333333336 0.4296666666666667 0.11050000000000003 0.8988333333333336 0.8520000000000004 0.8338333333333336 0.8313333333333337 0.6653333333333333 0.08183333333333331 0.9776666666666669 0.9810000000000002 0.9525000000000001 0.7360000000000001 0.01583333333333333 0.005666666666666666 0.05966666666666665 0.027666666666666666 0.9533333333333336 0.9718333333333337 0.9485000000000003 0.9535000000000002 0.9675000000000002 0.9688333333333335 0.6996666666666667 0.629 0.6476666666666668 0.02766666666666668 0.5371666666666666 0.5714999999999999 0.020833333333333336 0.02 0.053833333333333316 0.06949999999999998 0.21316666666666662 0.27266666666666667 0.9473333333333335 0.6455000000000001 0.15933333333333335 0.024333333333333335 0.001 0.010666666666666666 0.0006666666666666666 0.0011666666666666668 0.0928333333333333 0.023333333333333334 0.7073333333333334 0.0006666666666666666 0.0011666666666666668 0.0008333333333333334 0.018833333333333334 0.020166666666666666 0.9808333333333336 0.9740000000000002 0.49900000000000005 0.5636666666666665 0.4068333333333333 0.45733333333333337 0.8071666666666669 0.3854999999999999 0.9798333333333334 0.9393333333333334 0.9718333333333335 0.7879999999999999 0.9525000000000001 0.9500000000000004 0.6313333333333333 0.1728333333333334 0.9531666666666669 0.9500000000000004 0.006666666666666666 0.0 
0.038000000000000006 0.001 0.39416666666666683 0.3598333333333333 0.4096666666666667 0.26150000000000007 0.0 0.0013333333333333335 0.27833333333333327 0.5780000000000001 0.6074999999999999 0.016000000000000004 0.6208333333333335 0.11316666666666667 0.9431666666666664 0.5388333333333333 0.9690000000000002 1.0 0.0003333333333333333 0.00016666666666666666 0.4288333333333334 0.1105 0.8776666666666668 0.8538333333333337 0.8336666666666669 0.8311666666666668 0.6646666666666665 0.08283333333333331 0.9896666666666667 0.986 0.9256666666666665 0.7091666666666667 0.0 0.0005 0.05916666666666665 0.0275 0.9806666666666668 0.9945 0.9758333333333333 0.9808333333333334 0.9938333333333336 0.9951666666666666 0.7221666666666667 0.6454999999999999 0.6211666666666664 0.007333333333333333 0.5565 0.5954999999999999 0.00016666666666666666 0.0 0.055333333333333325 0.04949999999999998 0.21216666666666661 0.24900000000000005 0.9746666666666667 0.6709999999999999 0.14 0.0025 0.0 0.0 0.0 0.0 0.07050000000000001 0.0023333333333333335 0.7081666666666665 0.0005 0.0 0.0 0.0 0.0 0.9858333333333333 0.9843333333333334 0.47683333333333344 0.5371666666666665 0.38483333333333336 0.4298333333333334 0.7836666666666665 0.41183333333333344 0.9881666666666666 0.9678333333333335 0.9945 0.8171666666666666 0.9791666666666667 0.9753333333333333 0.6596666666666667 0.18250000000000002 0.9791666666666669 0.9763333333333335 0.006666666666666666 0.0 
0.9566666666666669 0.9956666666666668 0.4960000000000001 0.499333333333333 0.4414999999999999 0.5696666666666667 0.9466666666666669 0.9415 0.5661666666666665 0.3830000000000001 0.3773333333333332 0.9758333333333336 0.3433333333333334 0.862166666666667 0.03333333333333333 0.4395 0.021833333333333337 0.0003333333333333333 1.0 0.9966666666666668 0.4181666666666667 0.7196666666666661 0.04766666666666666 0.0013333333333333333 0.004666666666666666 0.009500000000000001 0.12583333333333332 0.7453333333333332 0.003 0.004666666666666666 0.046000000000000006 0.23116666666666666 0.9833333333333333 0.9625000000000001 0.7641666666666665 0.7978333333333333 0.0 0.0 0.0 0.0 0.0 0.0 0.23850000000000002 0.29949999999999993 0.3401666666666665 0.9828333333333336 0.4086666666666667 0.32899999999999996 0.9901666666666668 0.9890000000000003 0.8575000000000003 0.9360000000000003 0.7350000000000001 0.7225000000000001 0.0 0.3133333333333333 0.8483333333333334 0.9936666666666669 0.9568333333333334 0.976666666666667 0.9540000000000001 0.9556666666666668 0.902 0.9930000000000001 0.09349999999999997 0.9303333333333329 0.9500000000000004 0.9528333333333334 0.9928333333333335 0.9950000000000001 0.005333333333333333 0.002 0.5021666666666667 0.4543333333333334 0.6090000000000001 0.5563333333333333 0.20583333333333337 0.5716666666666668 0.003333333333333333 0.024666666666666667 0.0 0.1775 0.0 0.0 0.2864999999999999 0.6966666666666665 0.0 0.0005 0.9413333333333334 0.9381666666666669 
0.9556666666666668 0.9940000000000001 0.49750000000000016 0.5003333333333331 0.44266666666666665 0.5706666666666667 0.9476666666666667 0.9421666666666668 0.5668333333333333 0.3833333333333336 0.3769999999999999 0.9746666666666668 0.3434999999999999 0.8613333333333337 0.03333333333333333 0.4403333333333333 0.021333333333333336 0.00016666666666666666 0.9966666666666668 1.0 0.41900000000000004 0.720333333333333 0.04733333333333333 0.002333333333333333 0.0055000000000000005 0.010166666666666668 0.12666666666666665 0.7456666666666665 0.003 0.004666666666666666 0.045500000000000006 0.231 0.9836666666666666 0.9638333333333334 0.7645000000000001 0.7981666666666666 0.0 0.0 0.0 0.0 0.0 0.0 0.2385 0.3001666666666665 0.3398333333333332 0.9835000000000004 0.4100000000000001 0.3296666666666668 0.9911666666666668 0.9896666666666669 0.8595000000000002 0.9380000000000002 0.7363333333333335 0.7226666666666668 0.0 0.31266666666666665 0.8473333333333334 0.9926666666666668 0.9575000000000001 0.9770000000000003 0.9543333333333334 0.9556666666666668 0.9016666666666667 0.9936666666666669 0.09483333333333334 0.9313333333333331 0.9510000000000004 0.9535000000000003 0.9931666666666668 0.9950000000000001 0.005333333333333333 0.0021666666666666666 0.5018333333333332 0.4531666666666668 0.6078333333333333 0.5558333333333333 0.20483333333333334 0.5711666666666667 0.003333333333333333 0.0245 0.0 0.17716666666666664 0.0 0.0 0.2871666666666665 0.6980000000000001 0.0 0.0005 0.9409999999999998 0.9388333333333335 
0.45616666666666666 0.41833333333333345 0.8851666666666667 0.8759999999999999 0.9576666666666672 0.8146666666666669 0.4679999999999999 0.47200000000000003 0.8271666666666665 0.8346666666666664 0.08883333333333335 0.4116666666666666 0.42249999999999993 0.4979999999999999 0.4106666666666668 0.7796666666666667 0.4296666666666667 0.4288333333333334 0.4181666666666667 0.41900000000000004 1.0 0.6658333333333333 0.48800000000000004 0.5633333333333331 0.5763333333333331 0.579333333333333 0.6980000000000001 0.6339999999999999 0.43016666666666664 0.42966666666666675 0.4268333333333332 0.2836666666666667 0.4305 0.45066666666666655 0.36466666666666675 0.4014999999999999 0.4445000000000001 0.43016666666666675 0.4471666666666667 0.4421666666666667 0.43183333333333335 0.43050000000000005 0.6785000000000001 0.7134999999999999 0.7206666666666668 0.425 0.7828333333333336 0.7703333333333334 0.42500000000000004 0.42666666666666664 0.5508333333333332 0.46933333333333344 0.6668333333333334 0.6468333333333334 0.4456666666666667 0.1701666666666667 0.5508333333333334 0.4181666666666667 0.4574999999999999 0.4371666666666667 0.4608333333333332 0.45949999999999996 0.41816666666666663 0.41866666666666674 0.5228333333333332 0.48450000000000004 0.4646666666666666 0.4623333333333333 0.42183333333333345 0.41966666666666674 0.4298333333333334 0.42583333333333345 0.06399999999999997 0.020500000000000004 0.042333333333333355 0.035333333333333335 0.40050000000000013 0.11866666666666667 0.42950000000000005 0.41216666666666674 0.43000000000000005 0.2606666666666666 0.44533333333333336 0.4453333333333335 0.6908333333333333 0.6773333333333333 0.44500000000000006 0.4450000000000001 0.4701666666666667 0.4749999999999999 
0.6799999999999998 0.7189999999999996 0.587 0.6283333333333333 0.6890000000000001 0.8363333333333332 0.7695000000000001 0.7726666666666665 0.7999999999999998 0.5205000000000001 0.2195 0.7129999999999996 0.3459999999999999 0.7316666666666667 0.15566666666666668 0.531 0.11050000000000003 0.1105 0.7196666666666661 0.720333333333333 0.6658333333333333 1.0 0.17266666666666666 0.24633333333333338 0.26083333333333336 0.265 0.3865 0.9555000000000001 0.11150000000000002 0.11083333333333335 0.10650000000000003 0.2285 0.7321666666666661 0.752 0.6698333333333334 0.7063333333333333 0.1266666666666667 0.11150000000000002 0.13100000000000003 0.12600000000000003 0.11350000000000003 0.11250000000000002 0.36033333333333334 0.39050000000000007 0.3999999999999999 0.721 0.4631666666666666 0.44933333333333325 0.7263333333333332 0.7284999999999998 0.7403333333333333 0.6733333333333335 0.6204999999999999 0.6306666666666668 0.13166666666666668 0.31516666666666665 0.6 0.719333333333333 0.759166666666667 0.7391666666666667 0.7626666666666669 0.7613333333333335 0.708 0.720333333333333 0.26766666666666666 0.7861666666666665 0.7659999999999999 0.7636666666666666 0.7234999999999998 0.7211666666666662 0.11083333333333335 0.10650000000000003 0.3339999999999999 0.2948333333333332 0.341 0.3345000000000001 0.16833333333333333 0.39666666666666656 0.1106666666666667 0.08683333333333336 0.11100000000000002 0.09700000000000002 0.12683333333333338 0.12633333333333335 0.3726666666666668 0.7016666666666667 0.12583333333333335 0.1255 0.7733333333333335 0.7768333333333335 
0.08400000000000002 0.04783333333333334 0.43383333333333335 0.4020000000000001 0.4695000000000001 0.32116666666666677 0.0285 0.025333333333333336 0.34166666666666656 0.47999999999999987 0.5653333333333334 0.049499999999999995 0.5743333333333333 0.1436666666666667 0.8461666666666666 0.4818333333333333 0.8988333333333336 0.8776666666666668 0.04766666666666666 0.04733333333333333 0.48800000000000004 0.17266666666666666 1.0 0.9131666666666667 0.8915000000000002 0.8885000000000002 0.7256666666666669 0.14700000000000002 0.8823333333333333 0.8833333333333337 0.9206666666666665 0.758 0.03616666666666669 0.025333333333333336 0.09933333333333332 0.06733333333333334 0.8683333333333337 0.8771666666666669 0.8655000000000004 0.8675000000000003 0.8743333333333336 0.875166666666667 0.6121666666666666 0.5473333333333334 0.5873333333333334 0.05599999999999998 0.5313333333333332 0.5486666666666666 0.047 0.046000000000000006 0.091 0.09749999999999996 0.24066666666666667 0.30416666666666664 0.865166666666667 0.5973333333333334 0.17583333333333329 0.04616666666666667 0.02866666666666667 0.03266666666666667 0.02433333333333334 0.0245 0.10533333333333335 0.045333333333333344 0.7720000000000001 0.0295 0.028500000000000004 0.027666666666666666 0.04316666666666667 0.045333333333333344 0.8840000000000002 0.8816666666666668 0.5120000000000001 0.49000000000000005 0.4206666666666667 0.45183333333333336 0.8136666666666668 0.32550000000000007 0.8830000000000002 0.8483333333333336 0.8763333333333336 0.7026666666666667 0.869166666666667 0.8705000000000004 0.5604999999999998 0.21149999999999994 0.870666666666667 0.8696666666666673 0.03316666666666667 0.02883333333333333 
0.039833333333333346 0.0013333333333333333 0.4776666666666667 0.4686666666666666 0.5450000000000003 0.3979999999999999 0.050333333333333334 0.054000000000000006 0.4148333333333334 0.48933333333333323 0.5030000000000001 0.006 0.5134999999999998 0.09383333333333331 0.8310000000000001 0.43433333333333346 0.8520000000000004 0.8538333333333337 0.0013333333333333333 0.002333333333333333 0.5633333333333331 0.24633333333333338 0.9131666666666667 1.0 0.9683333333333336 0.9643333333333338 0.8033333333333332 0.21983333333333324 0.8515000000000004 0.852166666666667 0.8536666666666668 0.6856666666666666 0.013999999999999999 0.0335 0.14683333333333334 0.11650000000000002 0.8653333333333337 0.8515000000000004 0.863666666666667 0.8631666666666671 0.8528333333333336 0.852166666666667 0.6021666666666667 0.5289999999999999 0.5278333333333333 0.013666666666666669 0.5473333333333334 0.5716666666666665 0.0075000000000000015 0.00866666666666667 0.13416666666666666 0.054333333333333324 0.25549999999999995 0.24400000000000005 0.8646666666666669 0.584 0.13499999999999998 0.0015 0.04066666666666666 0.020333333333333335 0.04400000000000002 0.04233333333333334 0.0635 0.002333333333333333 0.8396666666666666 0.06650000000000002 0.04683333333333332 0.04500000000000001 0.006 0.0031666666666666666 0.8525000000000003 0.8506666666666668 0.4681666666666667 0.43033333333333346 0.3775 0.3881666666666667 0.7734999999999999 0.31116666666666665 0.8520000000000004 0.8264999999999998 0.8511666666666667 0.6765000000000001 0.8660000000000001 0.8696666666666668 0.5601666666666667 0.2658333333333332 0.8683333333333336 0.8703333333333334 0.05416666666666667 0.059333333333333335 
