1.0 0.4115 0.23433333333333323 0.26899999999999996 0.26516666666666655 0.09916666666666667 0.2875000000000001 0.217 0.21150000000000005 0.4969999999999999 0.32783333333333325 0.3026666666666667 0.3225 0.32516666666666666 0.23800000000000002 0.11366666666666671 0.5051666666666668 0.4258333333333333 0.7743333333333333 0.5951666666666666 0.19700000000000004 0.22866666666666657 0.23433333333333325 0.2341666666666666 0.23383333333333325 0.23383333333333325 0.25449999999999995 0.26533333333333325 0.34083333333333327 0.4361666666666668 0.2339999999999999 0.2339999999999999 0.09516666666666669 0.124 0.23483333333333323 0.29700000000000004 0.2578333333333332 0.5856666666666667 0.2644999999999999 0.5006666666666666 0.2546666666666666 0.5283333333333335 0.52 0.5358333333333333 0.5191666666666669 0.5019999999999998 0.6375000000000002 0.6236666666666668 0.5183333333333331 0.42450000000000015 0.535 0.359 0.49449999999999994 0.6410000000000001 0.6588333333333335 0.6094999999999999 0.7966666666666667 0.5413333333333334 0.30833333333333335 0.3016666666666667 0.30250000000000005 0.30100000000000005 0.14150000000000004 0.3008333333333334 0.24233333333333323 0.32116666666666666 0.31199999999999994 0.09600000000000003 0.5403333333333332 0.46399999999999997 0.06149999999999999 0.251 0.21083333333333332 0.28766666666666674 0.22966666666666666 0.30016666666666675 0.14850000000000002 0.2476666666666667 0.48583333333333334 0.5843333333333334 0.47100000000000003 0.5135000000000002 0.642 0.8244999999999999 0.32916666666666666 0.4723333333333333 0.26333333333333325 0.26783333333333326 0.3964999999999999 0.381 
0.4115 1.0 0.01866666666666667 0.08183333333333334 0.0 0.15916666666666665 0.7953333333333332 0.7998333333333332 0.4556666666666667 0.5076666666666667 0.8475000000000001 0.8859999999999998 0.8468333333333333 0.8451666666666668 0.07216666666666666 0.2491666666666667 0.5195000000000001 0.512 0.5713333333333334 0.6988333333333333 0.07050000000000001 0.0 0.0 0.0 0.0 0.0 0.006666666666666667 0.0 0.45083333333333314 0.5033333333333335 0.0005 0.0 0.6559999999999998 0.7073333333333336 0.0003333333333333333 0.04150000000000002 0.0055 0.10499999999999997 0.006500000000000001 0.023666666666666666 0.022166666666666668 0.14483333333333334 0.21366666666666664 0.1905 0.1108333333333333 0.22649999999999995 0.11383333333333329 0.11266666666666662 0.21033333333333332 0.3486666666666666 0.2495 0.41400000000000003 0.23966666666666675 0.11249999999999996 0.13533333333333333 0.11399999999999999 0.2911666666666667 0.8181666666666665 0.877 0.8859999999999998 0.8854999999999998 0.8871666666666665 0.6535 0.8878333333333331 0.2253333333333333 0.32066666666666666 0.3239999999999999 0.6331666666666669 0.6435000000000002 0.5385 0.6043333333333334 0.29200000000000004 0.7483333333333334 0.6625000000000001 0.8111666666666665 0.8869999999999999 0.4936666666666666 0.8341666666666664 0.5128333333333335 0.36483333333333334 0.5091666666666665 0.5598333333333333 0.12166666666666666 0.33983333333333327 0.051166666666666666 0.06399999999999997 0.0 0.0011666666666666668 0.7521666666666669 0.7768333333333335 
0.23433333333333323 0.01866666666666667 1.0 0.8336666666666663 0.8258333333333333 0.6574999999999998 0.163 0.146 0.4546666666666668 0.056999999999999995 0.07350000000000002 0.07366666666666669 0.07366666666666669 0.07400000000000002 0.8311666666666666 0.5973333333333333 0.004999999999999999 0.0 0.08700000000000001 0.0034999999999999996 0.7433333333333334 0.8706666666666666 0.920833333333333 0.9211666666666664 0.9153333333333329 0.9166666666666665 0.8176666666666667 0.8298333333333335 0.046000000000000006 0.0 0.9198333333333331 0.9214999999999999 0.2876666666666667 0.23699999999999996 0.921833333333333 0.9081666666666663 0.7981666666666668 0.31633333333333336 0.8021666666666667 0.4336666666666666 0.7801666666666668 0.37266666666666665 0.09366666666666668 0.165 0.6703333333333334 0.10949999999999999 0.2139999999999999 0.2413333333333333 0.08849999999999998 0.0016666666666666668 0.08016666666666668 0.0003333333333333333 0.06466666666666666 0.21433333333333324 0.23633333333333323 0.24616666666666664 0.3256666666666666 0.00016666666666666666 0.07416666666666669 0.07350000000000002 0.07366666666666669 0.07366666666666669 0.2086666666666667 0.07366666666666669 0.7746666666666667 0.6614999999999999 0.6431666666666668 0.29766666666666663 0.0021666666666666666 0.0008333333333333334 0.3411666666666666 0.6563333333333334 0.18233333333333335 0.05050000000000002 0.12516666666666668 0.07333333333333336 0.38816666666666677 0.08116666666666666 0.0 0.081 0.0 0.0 0.3723333333333334 0.22133333333333335 0.8781666666666667 0.7438333333333333 0.8221666666666668 0.8218333333333335 0.1728333333333334 0.16516666666666668 
0.26899999999999996 0.08183333333333334 0.8336666666666663 1.0 0.8048333333333333 0.6335000000000001 0.17699999999999996 0.16283333333333336 0.32449999999999996 0.06533333333333333 0.08350000000000002 0.08350000000000002 0.08350000000000002 0.08366666666666667 0.6863333333333332 0.4674999999999999 0.0031666666666666666 0.0013333333333333333 0.10950000000000001 0.022166666666666668 0.7223333333333332 0.8513333333333333 0.9021666666666666 0.9018333333333333 0.8966666666666666 0.898 0.7966666666666669 0.8088333333333334 0.0011666666666666668 0.001 0.9064999999999996 0.9061666666666665 0.30033333333333334 0.2553333333333333 0.905833333333333 0.8440000000000001 0.7755 0.31866666666666665 0.7798333333333334 0.489 0.7553333333333333 0.355 0.09333333333333334 0.1653333333333333 0.591 0.11049999999999999 0.2144999999999999 0.2418333333333333 0.08916666666666664 0.0023333333333333335 0.08083333333333334 0.001 0.06516666666666668 0.21483333333333327 0.23683333333333323 0.247 0.3328333333333333 0.08166666666666668 0.084 0.083 0.08350000000000002 0.08350000000000002 0.1768333333333333 0.0836666666666667 0.7065 0.6906666666666668 0.6629999999999999 0.31633333333333336 0.0068333333333333345 0.0015000000000000002 0.34333333333333327 0.6093333333333334 0.09783333333333338 0.009000000000000001 0.12666666666666668 0.08283333333333336 0.37333333333333335 0.094 0.001 0.08199999999999999 0.0008333333333333333 0.010166666666666668 0.36566666666666675 0.22816666666666666 0.7998333333333334 0.6743333333333331 0.8011666666666667 0.8008333333333333 0.18400000000000002 0.17666666666666667 
0.26516666666666655 0.0 0.8258333333333333 0.8048333333333333 1.0 0.8236666666666664 0.03816666666666668 0.028500000000000004 0.46833333333333327 0.10333333333333332 0.04333333333333333 0.0016666666666666668 0.04066666666666667 0.042166666666666665 0.8644999999999999 0.6508333333333334 0.07333333333333336 0.0 0.08333333333333331 0.0 0.9144999999999999 0.9131666666666668 0.9019999999999996 0.9019999999999996 0.9071666666666662 0.9061666666666663 0.9848333333333338 0.9936666666666669 0.0005 0.0005 0.895333333333333 0.8969999999999996 0.13833333333333336 0.124 0.8976666666666663 0.8333333333333331 0.9633333333333336 0.317 0.9680000000000001 0.5934999999999999 0.9463333333333337 0.4736666666666665 0.09166666666666666 0.16366666666666668 0.5771666666666665 0.10133333333333333 0.21199999999999997 0.2393333333333333 0.08849999999999998 0.0016666666666666668 0.0785 0.0003333333333333333 0.063 0.21233333333333324 0.23433333333333325 0.24449999999999997 0.32249999999999995 0.0 0.007166666666666666 0.001 0.0011666666666666668 0.0 0.2281666666666666 0.0 0.6038333333333331 0.5000000000000001 0.4704999999999999 0.12883333333333336 0.0016666666666666668 0.0034999999999999996 0.22383333333333336 0.5266666666666666 0.10633333333333336 0.0 0.04816666666666665 0.0 0.4600000000000001 0.007666666666666667 0.024333333333333332 0.08316666666666667 0.0025 0.0 0.4723333333333336 0.2721666666666667 0.8349999999999999 0.6605 0.9943333333333334 0.9905000000000003 0.14699999999999996 0.12383333333333332 
0.09916666666666667 0.15916666666666665 0.6574999999999998 0.6335000000000001 0.8236666666666664 1.0 0.18349999999999997 0.19216666666666668 0.5220000000000001 0.24250000000000005 0.20683333333333334 0.16449999999999995 0.20383333333333337 0.2053333333333333 0.7278333333333332 0.6991666666666664 0.23183333333333336 0.159 0.13166666666666665 0.15916666666666665 0.8621666666666666 0.7458333333333331 0.7293333333333331 0.7294999999999997 0.7341666666666664 0.7331666666666665 0.8268333333333332 0.8214999999999999 0.16066666666666665 0.1595 0.7223333333333332 0.7241666666666663 0.3003333333333334 0.2863333333333334 0.7249999999999995 0.6614999999999998 0.8128333333333331 0.15733333333333333 0.8103333333333333 0.42566666666666664 0.8106666666666665 0.3901666666666668 0.12283333333333334 0.15716666666666668 0.4231666666666667 0.15316666666666662 0.06583333333333333 0.09016666666666666 0.08199999999999999 0.15616666666666665 0.09900000000000002 0.159 0.12166666666666667 0.05966666666666666 0.07716666666666665 0.10016666666666665 0.15483333333333332 0.15966666666666668 0.17300000000000001 0.16449999999999995 0.16516666666666663 0.16349999999999998 0.3918333333333334 0.1628333333333333 0.43700000000000017 0.3335000000000001 0.31749999999999995 0.2841666666666667 0.16416666666666666 0.16616666666666668 0.38333333333333336 0.40016666666666656 0.26883333333333337 0.16016666666666665 0.21100000000000005 0.1628333333333333 0.6171666666666665 0.17049999999999998 0.18283333333333332 0.14416666666666664 0.16099999999999995 0.15883333333333333 0.3048333333333333 0.15266666666666664 0.6641666666666669 0.4904999999999999 0.8228333333333332 0.8176666666666665 0.20250000000000004 0.19399999999999998 
0.2875000000000001 0.7953333333333332 0.163 0.17699999999999996 0.03816666666666668 0.18349999999999997 1.0 0.8398333333333332 0.556666666666667 0.4736666666666666 0.8899999999999997 0.8951666666666663 0.8936666666666665 0.8924999999999998 0.16333333333333333 0.33533333333333337 0.38116666666666665 0.40833333333333327 0.4255 0.5461666666666667 0.08049999999999999 0.05333333333333332 0.08883333333333335 0.08933333333333335 0.08466666666666668 0.08566666666666668 0.04133333333333334 0.03800000000000001 0.4594999999999999 0.3828333333333333 0.09166666666666667 0.09100000000000001 0.7381666666666666 0.7269999999999999 0.09166666666666667 0.09200000000000001 0.03900000000000001 0.03416666666666667 0.03400000000000001 0.04333333333333335 0.04433333333333334 0.075 0.08683333333333333 0.06283333333333334 0.064 0.09699999999999999 0.014666666666666668 0.01416666666666667 0.10333333333333332 0.21433333333333335 0.1485 0.2775 0.13999999999999999 0.014000000000000002 0.038000000000000006 0.015333333333333332 0.13549999999999998 0.6611666666666668 0.9004999999999996 0.895833333333333 0.8971666666666664 0.8959999999999998 0.7213333333333335 0.8954999999999999 0.3811666666666666 0.47066666666666684 0.4873333333333334 0.7513333333333334 0.4988333333333334 0.44733333333333336 0.6706666666666666 0.3803333333333333 0.7553333333333334 0.6511666666666666 0.8180000000000001 0.894833333333333 0.4316666666666665 0.8416666666666666 0.37550000000000006 0.2323333333333333 0.3728333333333333 0.4228333333333334 0.05066666666666668 0.22416666666666657 0.075 0.07783333333333335 0.03816666666666668 0.03750000000000002 0.8344999999999998 0.8483333333333334 
0.217 0.7998333333333332 0.146 0.16283333333333336 0.028500000000000004 0.19216666666666668 0.8398333333333332 1.0 0.45533333333333326 0.4071666666666667 0.8660000000000001 0.9084999999999996 0.8745000000000002 0.8730000000000001 0.15499999999999997 0.348 0.38833333333333336 0.4414999999999998 0.38000000000000006 0.5493333333333333 0.09450000000000001 0.05783333333333336 0.07150000000000001 0.07066666666666667 0.06866666666666668 0.07033333333333334 0.03633333333333333 0.029833333333333337 0.486 0.4055000000000002 0.07566666666666669 0.07450000000000001 0.8403333333333332 0.8703333333333332 0.07433333333333333 0.07516666666666667 0.028666666666666677 0.017166666666666667 0.02583333333333334 0.02750000000000001 0.03550000000000001 0.079 0.10916666666666668 0.08483333333333336 0.07366666666666669 0.12499999999999999 0.009000000000000001 0.007833333333333333 0.10466666666666663 0.24266666666666667 0.14483333333333337 0.31466666666666654 0.13549999999999998 0.0075 0.0285 0.008666666666666666 0.11116666666666668 0.6711666666666666 0.9018333333333329 0.9096666666666664 0.9086666666666663 0.9106666666666663 0.7846666666666668 0.9106666666666663 0.36566666666666664 0.4643333333333332 0.4793333333333333 0.8196666666666665 0.4983333333333334 0.42750000000000005 0.7738333333333334 0.43183333333333335 0.7751666666666666 0.6846666666666666 0.8383333333333333 0.9091666666666665 0.4491666666666667 0.8601666666666666 0.38249999999999995 0.23866666666666664 0.38233333333333336 0.4433333333333335 0.03383333333333334 0.15716666666666662 0.06366666666666669 0.07166666666666668 0.027500000000000004 0.025833333333333344 0.7521666666666665 0.7825 
0.21150000000000005 0.4556666666666667 0.4546666666666668 0.32449999999999996 0.46833333333333327 0.5220000000000001 0.556666666666667 0.45533333333333326 1.0 0.44933333333333336 0.5665000000000001 0.5243333333333335 0.5645000000000001 0.5641666666666666 0.573 0.7259999999999998 0.32716666666666666 0.2775000000000001 0.31183333333333335 0.3405 0.44666666666666666 0.41283333333333344 0.4088333333333335 0.40850000000000014 0.4118333333333335 0.4105000000000002 0.4594999999999999 0.4661666666666665 0.33399999999999996 0.2738333333333333 0.4035000000000001 0.40466666666666673 0.484 0.47566666666666657 0.4061666666666668 0.3975 0.4598333333333332 0.10083333333333334 0.45766666666666667 0.2163333333333333 0.46 0.2566666666666666 0.05549999999999999 0.044333333333333336 0.2736666666666666 0.08016666666666668 0.06116666666666666 0.05933333333333332 0.11666666666666668 0.16183333333333338 0.1536666666666667 0.2143333333333333 0.13616666666666666 0.06433333333333333 0.07266666666666667 0.059999999999999984 0.18733333333333335 0.37016666666666664 0.5338333333333334 0.5243333333333335 0.5258333333333336 0.5233333333333335 0.5608333333333333 0.5230000000000001 0.4589999999999999 0.35666666666666663 0.34233333333333327 0.4583333333333332 0.3496666666666667 0.33299999999999996 0.5506666666666665 0.42400000000000015 0.5893333333333333 0.4385 0.5375 0.5226666666666668 0.608166666666667 0.5130000000000002 0.2936666666666667 0.1606666666666667 0.27016666666666667 0.26016666666666666 0.19416666666666668 0.22649999999999998 0.40449999999999997 0.31733333333333336 0.4671666666666666 0.468 0.66 0.6425 
0.4969999999999999 0.5076666666666667 0.056999999999999995 0.06533333333333333 0.10333333333333332 0.24250000000000005 0.4736666666666666 0.4071666666666667 0.44933333333333336 1.0 0.513 0.48749999999999993 0.5150000000000001 0.5130000000000001 0.14516666666666672 0.37116666666666664 0.8011666666666667 0.7658333333333333 0.6509999999999999 0.7886666666666671 0.1368333333333333 0.06683333333333334 0.06516666666666666 0.065 0.0675 0.06716666666666667 0.1045 0.10233333333333333 0.7461666666666668 0.7733333333333335 0.0635 0.064 0.325 0.3434999999999999 0.06516666666666666 0.12366666666666665 0.11416666666666664 0.4408333333333333 0.10366666666666667 0.4291666666666668 0.11633333333333332 0.48899999999999993 0.4846666666666667 0.46099999999999997 0.17949999999999997 0.4891666666666666 0.41516666666666674 0.4143333333333334 0.5103333333333334 0.6191666666666665 0.5429999999999998 0.6799999999999998 0.5433333333333332 0.41583333333333333 0.43749999999999983 0.41583333333333333 0.4703333333333333 0.6799999999999997 0.4971666666666667 0.4875 0.48899999999999993 0.48650000000000004 0.3710000000000001 0.4861666666666667 0.05600000000000001 0.05766666666666664 0.04483333333333334 0.30516666666666664 0.8526666666666664 0.8440000000000002 0.318 0.055666666666666656 0.4406666666666667 0.5998333333333332 0.4373333333333334 0.48533333333333334 0.4663333333333332 0.4471666666666666 0.7899999999999997 0.6201666666666669 0.7641666666666665 0.7041666666666666 0.4905 0.5824999999999999 0.14583333333333334 0.26733333333333326 0.10316666666666667 0.10316666666666667 0.48783333333333323 0.5141666666666665 
0.32783333333333325 0.8475000000000001 0.07350000000000002 0.08350000000000002 0.04333333333333333 0.20683333333333334 0.8899999999999997 0.8660000000000001 0.5665000000000001 0.513 1.0 0.9503333333333336 0.987166666666667 0.9881666666666669 0.16949999999999998 0.36283333333333334 0.45616666666666705 0.44916666666666666 0.42683333333333323 0.595333333333333 0.1118333333333333 0.004333333333333333 0.0011666666666666668 0.001 0.0034999999999999996 0.003333333333333333 0.04949999999999998 0.04266666666666666 0.5001666666666666 0.4218333333333333 0.0006666666666666666 0.0003333333333333333 0.7419999999999999 0.7691666666666666 0.0006666666666666666 0.0005 0.04549999999999999 0.017166666666666667 0.043166666666666666 0.053166666666666654 0.05399999999999998 0.1056666666666667 0.10533333333333335 0.081 0.004833333333333333 0.1168333333333333 0.006333333333333333 0.0055 0.1018333333333333 0.23883333333333337 0.1441666666666667 0.31066666666666654 0.1343333333333333 0.005 0.028666666666666667 0.006333333333333333 0.1416666666666667 0.7174999999999998 0.9536666666666669 0.9503333333333337 0.9518333333333336 0.9495000000000003 0.8019999999999997 0.9490000000000003 0.29033333333333333 0.379 0.39750000000000013 0.7368333333333332 0.546 0.48583333333333345 0.6598333333333332 0.34166666666666656 0.8095 0.6908333333333333 0.8718333333333332 0.948666666666667 0.48450000000000004 0.8955000000000003 0.42883333333333323 0.2586666666666666 0.407 0.4553333333333335 0.07616666666666667 0.2721666666666668 0.013000000000000003 0.0023333333333333335 0.043166666666666666 0.04449999999999999 0.8710000000000002 0.8818333333333335 
0.3026666666666667 0.8859999999999998 0.07366666666666669 0.08350000000000002 0.0016666666666666668 0.16449999999999995 0.8951666666666663 0.9084999999999996 0.5243333333333335 0.48749999999999993 0.9503333333333336 1.0 0.9588333333333336 0.9578333333333338 0.1283333333333333 0.3211666666666666 0.4131666666666668 0.4476666666666666 0.461 0.6281666666666665 0.07216666666666667 0.0005 0.0005 0.0005 0.0 0.0 0.00816666666666667 0.0015000000000000002 0.5026666666666667 0.419 0.0005 0.0 0.766833333333333 0.8166666666666668 0.0005 0.0006666666666666666 0.0031666666666666666 0.014333333333333333 0.0016666666666666668 0.011833333333333336 0.012166666666666668 0.06366666666666668 0.10149999999999998 0.07883333333333335 0.0003333333333333333 0.11466666666666667 0.0021666666666666666 0.001 0.09866666666666665 0.2368333333333333 0.1376666666666667 0.30849999999999994 0.1278333333333333 0.0006666666666666666 0.02416666666666667 0.0025 0.17883333333333332 0.7558333333333331 0.9886666666666669 0.9976666666666668 0.9971666666666669 0.9971666666666669 0.7655 0.9971666666666669 0.2905 0.38133333333333325 0.39833333333333343 0.7433333333333333 0.5836666666666666 0.4843333333333333 0.7034999999999999 0.36466666666666664 0.8573333333333334 0.7129999999999999 0.9193333333333336 0.9963333333333335 0.5325 0.9436666666666667 0.40466666666666673 0.25433333333333336 0.40166666666666656 0.45300000000000007 0.03166666666666666 0.231 0.001 0.0005 0.0016666666666666668 0.002833333333333333 0.8329999999999999 0.8678333333333335 
0.3225 0.8468333333333333 0.07366666666666669 0.08350000000000002 0.04066666666666667 0.20383333333333337 0.8936666666666665 0.8745000000000002 0.5645000000000001 0.5150000000000001 0.987166666666667 0.9588333333333336 1.0 0.9903333333333337 0.16699999999999998 0.3604999999999999 0.4503333333333335 0.44733333333333336 0.4233333333333331 0.5956666666666665 0.1105 0.0034999999999999996 0.0011666666666666668 0.001 0.002833333333333333 0.0025 0.046666666666666655 0.039833333333333346 0.5028333333333334 0.4184999999999999 0.0008333333333333333 0.0003333333333333333 0.7493333333333332 0.7781666666666668 0.0006666666666666666 0.0006666666666666666 0.042 0.014333333333333333 0.04033333333333334 0.05016666666666665 0.05116666666666665 0.10183333333333332 0.10216666666666666 0.07783333333333334 0.0003333333333333333 0.11366666666666665 0.002 0.0008333333333333333 0.09766666666666664 0.23566666666666666 0.13833333333333336 0.30783333333333324 0.12849999999999995 0.0005 0.02416666666666667 0.0016666666666666666 0.1395 0.7176666666666667 0.9605000000000002 0.959166666666667 0.9586666666666669 0.9576666666666668 0.805 0.9575000000000002 0.29033333333333333 0.37983333333333325 0.3981666666666668 0.743 0.5449999999999998 0.48600000000000015 0.6673333333333333 0.34499999999999986 0.8176666666666668 0.6951666666666668 0.8806666666666666 0.9568333333333336 0.4925 0.9036666666666666 0.4254999999999999 0.25533333333333336 0.40316666666666656 0.45216666666666666 0.07049999999999998 0.26716666666666666 0.011000000000000001 0.0008333333333333334 0.04050000000000001 0.041833333333333333 0.8691666666666669 0.885 
0.32516666666666666 0.8451666666666668 0.07400000000000002 0.08366666666666667 0.042166666666666665 0.2053333333333333 0.8924999999999998 0.8730000000000001 0.5641666666666666 0.5130000000000001 0.9881666666666669 0.9578333333333338 0.9903333333333337 1.0 0.16849999999999998 0.36200000000000004 0.45166666666666694 0.4468333333333333 0.4225 0.594333333333333 0.11166666666666664 0.004333333333333333 0.0011666666666666668 0.001 0.003333333333333333 0.003 0.048166666666666635 0.04150000000000001 0.5028333333333334 0.4186666666666666 0.001 0.0006666666666666666 0.7476666666666665 0.7756666666666665 0.0011666666666666668 0.001 0.0435 0.014333333333333333 0.041833333333333333 0.05183333333333333 0.052499999999999984 0.10316666666666663 0.10166666666666664 0.07766666666666668 0.0003333333333333333 0.11350000000000002 0.0018333333333333335 0.0008333333333333333 0.09749999999999998 0.23549999999999996 0.1381666666666667 0.3073333333333333 0.1283333333333333 0.0003333333333333333 0.02416666666666667 0.0016666666666666666 0.13833333333333334 0.7161666666666666 0.9598333333333338 0.9578333333333338 0.9576666666666668 0.9570000000000003 0.8061666666666666 0.9561666666666668 0.2906666666666667 0.379 0.3981666666666668 0.7426666666666667 0.544 0.4856666666666667 0.6658333333333334 0.34383333333333327 0.8163333333333336 0.6946666666666665 0.8786666666666667 0.9558333333333335 0.4908333333333333 0.9026666666666666 0.4248333333333333 0.2551666666666667 0.40333333333333327 0.4516666666666667 0.07200000000000002 0.2673333333333333 0.013000000000000005 0.001 0.042 0.04333333333333333 0.8691666666666664 0.8846666666666667 
0.23800000000000002 0.07216666666666666 0.8311666666666666 0.6863333333333332 0.8644999999999999 0.7278333333333332 0.16333333333333333 0.15499999999999997 0.573 0.14516666666666672 0.16949999999999998 0.1283333333333333 0.16699999999999998 0.16849999999999998 1.0 0.747 0.11549999999999995 0.043833333333333335 0.09449999999999999 0.04333333333333333 0.7863333333333336 0.7905 0.7805000000000001 0.7810000000000002 0.7841666666666667 0.7833333333333335 0.8549999999999999 0.8636666666666665 0.09783333333333336 0.044000000000000004 0.7730000000000002 0.775 0.26849999999999996 0.25449999999999995 0.7770000000000001 0.7698333333333336 0.8353333333333333 0.27249999999999996 0.8396666666666667 0.4741666666666668 0.8246666666666664 0.44016666666666665 0.07716666666666665 0.128 0.5506666666666665 0.09833333333333333 0.18533333333333335 0.2043333333333333 0.10433333333333332 0.0335 0.08200000000000003 0.042833333333333334 0.064 0.1865 0.2025 0.20750000000000005 0.2929999999999999 0.044833333333333336 0.13366666666666666 0.12749999999999997 0.1278333333333333 0.12666666666666665 0.3515 0.12666666666666665 0.6438333333333333 0.5253333333333333 0.5085000000000001 0.25916666666666666 0.046833333333333324 0.04766666666666668 0.35216666666666674 0.5723333333333334 0.23416666666666658 0.10516666666666667 0.1768333333333333 0.1263333333333333 0.4265000000000001 0.13416666666666666 0.066 0.10266666666666666 0.044 0.0425 0.42400000000000004 0.24166666666666672 0.7853333333333335 0.616 0.8636666666666665 0.8601666666666665 0.27399999999999997 0.24766666666666676 
0.11366666666666671 0.2491666666666667 0.5973333333333333 0.4674999999999999 0.6508333333333334 0.6991666666666664 0.33533333333333337 0.348 0.7259999999999998 0.37116666666666664 0.36283333333333334 0.3211666666666666 0.3604999999999999 0.36200000000000004 0.747 1.0 0.3086666666666667 0.2585 0.22000000000000008 0.2575 0.6111666666666664 0.5721666666666667 0.562 0.5621666666666667 0.5661666666666669 0.565 0.6429999999999998 0.6513333333333334 0.3095000000000001 0.24966666666666662 0.5541666666666667 0.5561666666666668 0.4581666666666665 0.4441666666666666 0.5585 0.5525 0.6555 0.10716666666666669 0.6463333333333332 0.29366666666666663 0.6515 0.3486666666666667 0.06966666666666665 0.055 0.4136666666666667 0.10383333333333335 0.07683333333333334 0.07516666666666666 0.13933333333333336 0.18333333333333332 0.16850000000000004 0.2383333333333333 0.15316666666666667 0.07966666666666666 0.07933333333333334 0.07516666666666666 0.15766666666666665 0.26033333333333336 0.3301666666666667 0.3211666666666666 0.32233333333333325 0.3203333333333333 0.5495 0.31999999999999995 0.42183333333333317 0.30533333333333335 0.2936666666666667 0.433 0.26616666666666666 0.26883333333333337 0.5033333333333332 0.37900000000000006 0.42533333333333323 0.3048333333333334 0.36766666666666686 0.31966666666666665 0.6251666666666668 0.3271666666666666 0.2581666666666667 0.12200000000000001 0.23566666666666664 0.23433333333333334 0.25366666666666665 0.13283333333333336 0.5746666666666667 0.43649999999999983 0.6505 0.6481666666666667 0.4438333333333333 0.4378333333333334 
0.5051666666666668 0.5195000000000001 0.004999999999999999 0.0031666666666666666 0.07333333333333336 0.23183333333333336 0.38116666666666665 0.38833333333333336 0.32716666666666666 0.8011666666666667 0.45616666666666705 0.4131666666666668 0.4503333333333335 0.45166666666666694 0.11549999999999995 0.3086666666666667 1.0 0.851 0.6451666666666667 0.7706666666666666 0.13949999999999999 0.0165 0.005666666666666666 0.005333333333333333 0.009666666666666669 0.008666666666666668 0.07966666666666669 0.07283333333333336 0.7893333333333332 0.8823333333333333 0.003 0.003833333333333333 0.30749999999999994 0.3091666666666666 0.004166666666666667 0.06633333333333334 0.084 0.5013333333333333 0.08333333333333336 0.42183333333333345 0.10099999999999996 0.5376666666666666 0.6131666666666665 0.5904999999999999 0.24800000000000008 0.6161666666666666 0.5151666666666666 0.5144999999999998 0.6113333333333333 0.7494999999999998 0.6478333333333333 0.8073333333333333 0.6413333333333333 0.5139999999999999 0.5366666666666666 0.5158333333333333 0.46400000000000013 0.6518333333333334 0.41333333333333344 0.41216666666666674 0.4115000000000002 0.41083333333333344 0.3931666666666666 0.41150000000000014 0.0021666666666666666 0.006166666666666666 0.008833333333333337 0.30199999999999994 0.8091666666666667 0.8438333333333335 0.2856666666666667 0.029500000000000002 0.35966666666666675 0.6268333333333335 0.3566666666666666 0.4110000000000001 0.36650000000000005 0.36533333333333345 0.925 0.7626666666666669 0.8996666666666665 0.8476666666666667 0.5533333333333331 0.6348333333333336 0.1061666666666667 0.24166666666666664 0.07366666666666669 0.07383333333333336 0.381 0.3676666666666666 
0.4258333333333333 0.512 0.0 0.0013333333333333333 0.0 0.159 0.40833333333333327 0.4414999999999998 0.2775000000000001 0.7658333333333333 0.44916666666666666 0.4476666666666666 0.44733333333333336 0.4468333333333333 0.043833333333333335 0.2585 0.851 1.0 0.5988333333333334 0.7959999999999999 0.06649999999999999 0.029000000000000005 0.0 0.0 0.0 0.0 0.006666666666666667 0.0 0.8833333333333333 0.9469999999999997 0.0 0.0 0.3483333333333332 0.3545 0.0003333333333333333 0.06283333333333334 0.009333333333333334 0.5555 0.007333333333333333 0.331 0.025666666666666674 0.4391666666666667 0.6523333333333333 0.6291666666666667 0.2138333333333333 0.6583333333333333 0.5538333333333333 0.5526666666666666 0.65 0.7876666666666664 0.6885000000000001 0.8589999999999999 0.6796666666666666 0.5523333333333332 0.5738333333333334 0.554 0.4181666666666666 0.6825000000000003 0.4431666666666667 0.44766666666666666 0.4465 0.4481666666666666 0.3654999999999999 0.449 0.002833333333333333 0.007833333333333335 0.013000000000000005 0.3494999999999998 0.8343333333333334 0.9015000000000002 0.32016666666666665 0.04866666666666668 0.3923333333333334 0.7273333333333334 0.3906666666666666 0.44833333333333336 0.3906666666666667 0.3973333333333333 0.8914999999999996 0.7775000000000003 0.9144999999999999 0.9061666666666663 0.4414999999999999 0.5391666666666667 0.08433333333333337 0.22233333333333338 0.0 0.0003333333333333333 0.3429999999999999 0.36083333333333345 
0.7743333333333333 0.5713333333333334 0.08700000000000001 0.10950000000000001 0.08333333333333331 0.13166666666666665 0.4255 0.38000000000000006 0.31183333333333335 0.6509999999999999 0.42683333333333323 0.461 0.4233333333333331 0.4225 0.09449999999999999 0.22000000000000008 0.6451666666666667 0.5988333333333334 1.0 0.7961666666666669 0.06699999999999999 0.081 0.08683333333333333 0.08683333333333333 0.08583333333333334 0.08583333333333334 0.07616666666666667 0.08333333333333331 0.5136666666666667 0.6080000000000001 0.08700000000000001 0.08700000000000001 0.24783333333333332 0.28833333333333333 0.08716666666666668 0.14983333333333335 0.09166666666666667 0.4624999999999999 0.09100000000000001 0.3400000000000001 0.10183333333333333 0.4545000000000001 0.5155000000000001 0.48533333333333345 0.3666666666666667 0.5186666666666665 0.5093333333333335 0.4938333333333334 0.5541666666666665 0.5814999999999999 0.6245000000000002 0.5318333333333333 0.5954999999999998 0.5130000000000002 0.527 0.48583333333333345 0.6845000000000003 0.7020000000000001 0.4620000000000001 0.462 0.4628333333333333 0.4628333333333334 0.24850000000000003 0.46216666666666667 0.08833333333333333 0.1558333333333333 0.1515 0.2155 0.7468333333333335 0.6401666666666668 0.22033333333333335 0.1213333333333333 0.38733333333333353 0.4748333333333333 0.3960000000000001 0.4616666666666668 0.3295000000000001 0.40833333333333344 0.6423333333333335 0.6271666666666664 0.6421666666666666 0.6841666666666666 0.48116666666666674 0.6930000000000001 0.17066666666666666 0.3268333333333333 0.0825 0.08399999999999999 0.4836666666666667 0.49266666666666664 
0.5951666666666666 0.6988333333333333 0.0034999999999999996 0.022166666666666668 0.0 0.15916666666666665 0.5461666666666667 0.5493333333333333 0.3405 0.7886666666666671 0.595333333333333 0.6281666666666665 0.5956666666666665 0.594333333333333 0.04333333333333333 0.2575 0.7706666666666666 0.7959999999999999 0.7961666666666669 1.0 0.06549999999999999 0.0031666666666666666 0.0034999999999999996 0.0034999999999999996 0.002 0.0021666666666666666 0.006666666666666667 0.0 0.7145000000000001 0.7791666666666667 0.0034999999999999996 0.0034999999999999996 0.4203333333333334 0.4574999999999999 0.003833333333333333 0.06633333333333334 0.010666666666666668 0.37199999999999983 0.007666666666666667 0.2626666666666667 0.02616666666666667 0.3956666666666666 0.46866666666666673 0.4441666666666667 0.2121666666666666 0.48 0.3684999999999999 0.3673333333333333 0.4640000000000001 0.6021666666666667 0.5046666666666667 0.6741666666666666 0.4951666666666664 0.3669999999999999 0.39099999999999996 0.36816666666666653 0.53 0.8668333333333336 0.6214999999999999 0.6289999999999999 0.6279999999999999 0.6293333333333332 0.42149999999999993 0.6289999999999998 0.0036666666666666666 0.06133333333333333 0.06299999999999999 0.38833333333333336 0.9203333333333334 0.8316666666666666 0.3691666666666666 0.05266666666666664 0.5586666666666668 0.6675 0.5648333333333332 0.6284999999999998 0.5069999999999999 0.5753333333333334 0.7696666666666667 0.6201666666666666 0.7675 0.8133333333333335 0.3815 0.5846666666666664 0.08716666666666668 0.23016666666666669 0.0 0.0006666666666666666 0.4906666666666665 0.5203333333333332 
0.19700000000000004 0.07050000000000001 0.7433333333333334 0.7223333333333332 0.9144999999999999 0.8621666666666666 0.08049999999999999 0.09450000000000001 0.44666666666666666 0.1368333333333333 0.1118333333333333 0.07216666666666667 0.1105 0.11166666666666664 0.7863333333333336 0.6111666666666664 0.13949999999999999 0.06649999999999999 0.06699999999999999 0.06549999999999999 1.0 0.8376666666666669 0.8195 0.8198333333333335 0.8250000000000003 0.8240000000000003 0.9206666666666665 0.912833333333333 0.06666666666666665 0.06666666666666665 0.813166666666667 0.8148333333333336 0.198 0.18399999999999994 0.8151666666666668 0.7508333333333335 0.8933333333333333 0.25250000000000006 0.8963333333333331 0.5341666666666667 0.8828333333333331 0.45899999999999985 0.1515 0.22783333333333342 0.5006666666666666 0.1623333333333333 0.15383333333333332 0.18250000000000002 0.05299999999999999 0.07083333333333332 0.06749999999999999 0.06949999999999999 0.07999999999999999 0.14949999999999997 0.1708333333333333 0.1916666666666666 0.24916666666666665 0.06549999999999999 0.07216666666666667 0.07100000000000001 0.07033333333333334 0.06983333333333336 0.29766666666666663 0.07033333333333334 0.5303333333333332 0.42633333333333323 0.3998333333333333 0.18899999999999995 0.05949999999999998 0.06383333333333333 0.2828333333333333 0.5028333333333334 0.1751666666666667 0.07083333333333335 0.11599999999999999 0.07033333333333334 0.5221666666666668 0.07850000000000001 0.09033333333333335 0.14400000000000002 0.06833333333333334 0.06616666666666665 0.4084999999999999 0.25500000000000006 0.7528333333333334 0.5806666666666666 0.9181666666666664 0.9154999999999996 0.12566666666666668 0.1126666666666667 
0.22866666666666657 0.0 0.8706666666666666 0.8513333333333333 0.9131666666666668 0.7458333333333331 0.05333333333333332 0.05783333333333336 0.41283333333333344 0.06683333333333334 0.004333333333333333 0.0005 0.0034999999999999996 0.004333333333333333 0.7905 0.5721666666666667 0.0165 0.029000000000000005 0.081 0.0031666666666666666 0.8376666666666669 1.0 0.9466666666666665 0.9455000000000001 0.9503333333333331 0.9501666666666666 0.9116666666666668 0.9161666666666669 0.028500000000000004 0.028500000000000004 0.9413333333333334 0.9433333333333332 0.18283333333333335 0.15433333333333332 0.9429999999999998 0.879166666666667 0.8811666666666668 0.3406666666666668 0.8865000000000001 0.5120000000000001 0.8638333333333331 0.3983333333333332 0.12133333333333331 0.19349999999999998 0.6223333333333333 0.13666666666666663 0.2376666666666666 0.265 0.11400000000000002 0.03066666666666667 0.1048333333333333 0.02933333333333334 0.091 0.23799999999999993 0.26 0.2701666666666666 0.31816666666666665 0.0 0.0015000000000000002 0.0003333333333333333 0.0006666666666666666 0.0 0.15183333333333335 0.0 0.6503333333333333 0.5458333333333334 0.5168333333333334 0.18016666666666667 0.0016666666666666668 0.027333333333333338 0.26183333333333336 0.5871666666666667 0.10833333333333334 0.015333333333333334 0.05099999999999997 0.0 0.46000000000000013 0.007666666666666667 0.010000000000000004 0.1093333333333333 0.026500000000000003 0.029000000000000005 0.3888333333333333 0.23049999999999998 0.8578333333333336 0.7050000000000002 0.9128333333333335 0.9063333333333332 0.10233333333333336 0.09216666666666669 
0.23433333333333325 0.0 0.920833333333333 0.9021666666666666 0.9019999999999996 0.7293333333333331 0.08883333333333335 0.07150000000000001 0.4088333333333335 0.06516666666666666 0.0011666666666666668 0.0005 0.0011666666666666668 0.0011666666666666668 0.7805000000000001 0.562 0.005666666666666666 0.0 0.08683333333333333 0.0034999999999999996 0.8195 0.9466666666666665 1.0 0.9956666666666668 0.9895000000000002 0.9908333333333335 0.8934999999999998 0.905333333333333 0.00016666666666666666 0.0 0.9896666666666669 0.9916666666666668 0.21283333333333335 0.1625 0.9930000000000001 0.9303333333333328 0.872333333333333 0.31883333333333336 0.8763333333333333 0.5024999999999998 0.8518333333333331 0.37966666666666676 0.0935 0.16516666666666666 0.6695 0.10916666666666666 0.21383333333333326 0.24116666666666664 0.08849999999999998 0.0016666666666666668 0.08 0.0003333333333333333 0.0645 0.21416666666666656 0.23616666666666655 0.24633333333333332 0.3256666666666666 0.0 0.0011666666666666668 0.0003333333333333333 0.0005 0.0005 0.13833333333333334 0.0005 0.7011666666666665 0.5961666666666666 0.5679999999999998 0.22283333333333336 0.0016666666666666668 0.0008333333333333334 0.2681666666666667 0.5841666666666667 0.109 0.0 0.051666666666666645 0.00016666666666666666 0.4591666666666668 0.008 0.00016666666666666666 0.081 0.0 0.0 0.37766666666666665 0.22216666666666673 0.8946666666666665 0.7548333333333335 0.898333333333333 0.8979999999999998 0.10200000000000001 0.09433333333333335 
0.2341666666666666 0.0 0.9211666666666664 0.9018333333333333 0.9019999999999996 0.7294999999999997 0.08933333333333335 0.07066666666666667 0.40850000000000014 0.065 0.001 0.0005 0.001 0.001 0.7810000000000002 0.5621666666666667 0.005333333333333333 0.0 0.08683333333333333 0.0034999999999999996 0.8198333333333335 0.9455000000000001 0.9956666666666668 1.0 0.9888333333333337 0.9905000000000003 0.8934999999999998 0.9056666666666664 0.00016666666666666666 0.0 0.9900000000000004 0.9923333333333336 0.21216666666666673 0.16216666666666665 0.9930000000000002 0.9293333333333329 0.8719999999999996 0.3186666666666667 0.8759999999999999 0.5028333333333332 0.8518333333333331 0.37983333333333336 0.09333333333333334 0.165 0.6693333333333336 0.10883333333333332 0.2136666666666666 0.241 0.08849999999999998 0.0016666666666666668 0.08 0.0003333333333333333 0.0645 0.2139999999999999 0.2359999999999999 0.24616666666666664 0.32549999999999996 0.0 0.0011666666666666668 0.0003333333333333333 0.0005 0.0005 0.13816666666666663 0.0005 0.7011666666666665 0.5958333333333333 0.5676666666666665 0.22250000000000006 0.0016666666666666668 0.0008333333333333334 0.2676666666666667 0.5835000000000001 0.109 0.0 0.05183333333333331 0.00016666666666666666 0.4591666666666668 0.008 0.0 0.081 0.0 0.0 0.37800000000000006 0.22216666666666673 0.893 0.7541666666666665 0.8983333333333329 0.8981666666666664 0.10150000000000002 0.09416666666666668 
0.23383333333333325 0.0 0.9153333333333329 0.8966666666666666 0.9071666666666662 0.7341666666666664 0.08466666666666668 0.06866666666666668 0.4118333333333335 0.0675 0.0034999999999999996 0.0 0.002833333333333333 0.003333333333333333 0.7841666666666667 0.5661666666666669 0.009666666666666669 0.0 0.08583333333333334 0.002 0.8250000000000003 0.9503333333333331 0.9895000000000002 0.9888333333333337 1.0 0.9946666666666669 0.8989999999999998 0.9111666666666665 0.0005 0.0005 0.9868333333333337 0.9885000000000003 0.20983333333333326 0.1606666666666667 0.9881666666666671 0.9241666666666662 0.8758333333333331 0.31850000000000006 0.8811666666666669 0.5069999999999998 0.8563333333333333 0.3836666666666666 0.09316666666666666 0.16483333333333333 0.6639999999999998 0.10883333333333332 0.21349999999999994 0.2408333333333333 0.08849999999999998 0.0016666666666666668 0.08 0.0003333333333333333 0.0645 0.21383333333333326 0.23583333333333326 0.24599999999999997 0.3253333333333333 0.0 0.0006666666666666666 0.0 0.0 0.0 0.14183333333333334 0.0 0.6956666666666664 0.5918333333333334 0.5628333333333334 0.21766666666666665 0.0016666666666666668 0.0013333333333333335 0.2673333333333333 0.5831666666666667 0.10866666666666668 0.0 0.051333333333333314 0.0 0.46000000000000013 0.007666666666666667 0.0018333333333333335 0.0815 0.0006666666666666666 0.0 0.3828333333333333 0.2255 0.8881666666666668 0.7493333333333334 0.9034999999999996 0.9029999999999998 0.10400000000000001 0.09416666666666668 
