1.0 0.47949999999999987 0.1926666666666666 0.030666666666666665 0.2608333333333333 0.036833333333333315 0.3661666666666666 0.18966666666666668 0.3939999999999999 0.17499999999999993 0.5498333333333334 0.3591666666666668 0.46416666666666656 0.5000000000000001 0.5598333333333334 0.20350000000000004 0.49666666666666665 0.4311666666666666 0.4323333333333333 0.4770000000000001 0.2621666666666666 0.13716666666666666 0.20683333333333337 0.14883333333333337 0.15766666666666665 0.09366666666666663 0.049499999999999995 0.03583333333333332 0.48683333333333345 0.4843333333333334 0.19299999999999998 0.10083333333333336 0.5205000000000002 0.4081666666666666 0.15166666666666664 0.13649999999999998 0.3990000000000001 0.4893333333333333 0.3951666666666666 0.4454999999999998 0.4244999999999998 0.4735000000000001 0.275 0.33799999999999997 0.10416666666666666 0.08983333333333335 0.21099999999999997 0.4449999999999998 0.09716666666666667 0.18816666666666668 0.31816666666666665 0.2366666666666665 0.14950000000000002 0.1898333333333333 0.2826666666666667 0.25900000000000006 0.5461666666666668 0.48433333333333306 0.32183333333333325 0.21233333333333335 0.5541666666666667 0.27616666666666667 0.40416666666666673 0.3056666666666666 0.33983333333333343 0.3083333333333333 0.1731666666666667 0.1741666666666667 0.5695000000000001 0.20466666666666672 0.21999999999999997 0.42950000000000005 0.5430000000000001 0.558 0.6251666666666665 0.5538333333333333 0.368 0.557 0.43183333333333346 0.4673333333333332 0.48733333333333334 0.4608333333333332 0.3096666666666666 0.5438333333333333 0.35416666666666663 0.12483333333333337 0.09216666666666665 0.16683333333333336 0.4191666666666666 0.2908333333333333 
0.47949999999999987 1.0 0.05516666666666667 0.08349999999999999 0.0008333333333333333 0.011333333333333332 0.004999999999999999 0.2843333333333334 0.008833333333333335 0.002833333333333333 0.10866666666666663 0.4126666666666667 0.029666666666666668 0.07716666666666665 0.15033333333333332 0.081 0.9465000000000002 0.9126666666666668 0.6728333333333333 0.8115000000000002 0.3288333333333333 0.15500000000000003 0.06316666666666666 0.0315 0.023 0.023666666666666666 0.0025 0.012833333333333337 0.9079999999999999 0.7533333333333333 0.6226666666666665 0.13266666666666668 0.7986666666666666 0.8328333333333334 0.014833333333333334 0.015333333333333336 0.6831666666666668 0.44716666666666655 0.4911666666666666 0.23399999999999999 0.33233333333333326 0.33849999999999997 0.050666666666666665 0.07666666666666667 0.013333333333333334 0.25900000000000006 0.3096666666666667 0.22433333333333333 0.31916666666666665 0.5313333333333337 0.249 0.5348333333333334 0.12283333333333334 0.02316666666666667 0.5461666666666666 0.3410000000000001 0.9021666666666666 0.964166666666667 0.3463333333333334 0.4126666666666667 0.1795 0.283 0.6871666666666666 0.59 0.005166666666666666 0.1391666666666667 0.3321666666666666 0.36399999999999993 0.38416666666666655 0.5338333333333332 0.18050000000000005 0.15416666666666665 0.718166666666667 0.8071666666666667 0.5866666666666667 0.7190000000000001 0.4653333333333333 0.6050000000000001 0.7621666666666667 0.9433333333333336 0.8988333333333337 0.8601666666666664 0.10333333333333332 0.8255000000000001 0.0425 0.09600000000000003 0.26033333333333336 0.024666666666666667 0.11633333333333333 0.08916666666666667 
0.1926666666666666 0.05516666666666667 1.0 0.5515000000000001 0.45600000000000007 0.5155000000000001 0.3213333333333333 0.08800000000000001 0.2808333333333334 0.32766666666666666 0.13366666666666666 0.006166666666666668 0.21350000000000005 0.15500000000000005 0.36699999999999994 0.5306666666666666 0.059833333333333315 0.0385 0.05649999999999999 0.03516666666666667 0.3936666666666667 0.564 0.9573333333333336 0.9059999999999999 0.8956666666666666 0.8371666666666664 0.5066666666666667 0.5243333333333333 0.036833333333333336 0.029833333333333333 0.3883333333333335 0.7201666666666668 0.010333333333333335 0.030833333333333327 0.8255 0.8138333333333333 0.21466666666666664 0.10166666666666668 0.2829999999999999 0.43300000000000005 0.46149999999999997 0.30250000000000005 0.8391666666666667 0.6966666666666665 0.5513333333333332 0.32983333333333337 0.7066666666666667 0.6453333333333333 0.24083333333333326 0.12166666666666665 0.10300000000000002 0.001 0.8421666666666667 0.7403333333333335 0.281 0.5218333333333334 0.055166666666666656 0.0673333333333333 0.015833333333333338 0.025166666666666667 0.11350000000000003 0.030666666666666665 0.003333333333333333 0.011333333333333336 0.38416666666666666 0.1775 0.08166666666666667 0.05299999999999999 0.35133333333333333 0.2768333333333333 0.44033333333333324 0.4403333333333333 0.09166666666666665 0.056833333333333326 0.11250000000000002 0.09983333333333333 0.244 0.11783333333333335 0.14150000000000001 0.07233333333333333 0.0385 0.03366666666666667 0.8433333333333336 0.034333333333333334 0.6803333333333331 0.6306666666666666 0.6838333333333334 0.7981666666666666 0.13500000000000006 0.2340000000000001 
0.030666666666666665 0.08349999999999999 0.5515000000000001 1.0 0.5046666666666667 0.8255 0.3413333333333333 0.4631666666666667 0.2956666666666666 0.5665 0.1015 0.14400000000000002 0.18466666666666653 0.12949999999999995 0.20400000000000001 0.6726666666666665 0.08466666666666667 0.13133333333333333 0.26816666666666666 0.17150000000000007 0.423 0.5451666666666668 0.5325000000000001 0.6138333333333333 0.6138333333333332 0.6401666666666666 0.7996666666666665 0.824 0.09933333333333336 0.18900000000000006 0.27316666666666667 0.64 0.081 0.12133333333333331 0.6414999999999997 0.6503333333333333 0.081 0.17733333333333337 0.19349999999999998 0.34116666666666673 0.31316666666666665 0.3261666666666667 0.523 0.4221666666666667 0.8038333333333331 0.6649999999999998 0.5063333333333335 0.36566666666666664 0.5774999999999999 0.35316666666666663 0.19699999999999998 0.1993333333333333 0.5896666666666666 0.6813333333333333 0.2456666666666667 0.4599999999999998 0.07083333333333335 0.08066666666666668 0.24599999999999994 0.3641666666666665 0.0876666666666667 0.2763333333333333 0.10166666666666666 0.27699999999999997 0.3781666666666665 0.34199999999999997 0.45233333333333325 0.4605 0.14816666666666667 0.34099999999999997 0.5015000000000001 0.345 0.041999999999999996 0.04333333333333332 0.039666666666666656 0.042 0.1885 0.03833333333333334 0.15599999999999997 0.08900000000000001 0.0976666666666667 0.1566666666666667 0.4588333333333333 0.07033333333333333 0.562 0.6298333333333334 0.6171666666666665 0.6176666666666667 0.15016666666666667 0.34883333333333333 
0.2608333333333333 0.0008333333333333333 0.45600000000000007 0.5046666666666667 1.0 0.5193333333333333 0.7550000000000003 0.3368333333333334 0.7509999999999998 0.6233333333333334 0.5601666666666665 0.337 0.6446666666666667 0.5913333333333335 0.5396666666666665 0.5569999999999999 0.0006666666666666666 0.006666666666666666 0.060166666666666674 0.015833333333333338 0.2641666666666667 0.31549999999999995 0.4528333333333333 0.47966666666666663 0.49216666666666664 0.4343333333333333 0.5648333333333334 0.5131666666666667 0.0023333333333333335 0.03183333333333334 0.04466666666666665 0.4273333333333334 0.03633333333333335 0.05166666666666668 0.5581666666666668 0.5429999999999999 0.020666666666666663 0.2643333333333333 0.08666666666666666 0.46799999999999997 0.2968333333333334 0.39949999999999997 0.5528333333333333 0.5798333333333333 0.6410000000000001 0.3518333333333333 0.35583333333333333 0.52 0.3356666666666667 0.19216666666666668 0.5085000000000001 0.2386666666666667 0.41800000000000004 0.5691666666666666 0.08149999999999999 0.31566666666666665 0.007000000000000001 0.0006666666666666666 0.37200000000000005 0.25566666666666665 0.5336666666666666 0.3416666666666668 0.14733333333333332 0.16633333333333333 0.8306666666666664 0.5983333333333332 0.3378333333333334 0.32799999999999996 0.25516666666666665 0.1293333333333333 0.4025 0.3974999999999999 0.042 0.025500000000000012 0.14866666666666672 0.03900000000000001 0.0955 0.08416666666666667 0.08850000000000001 0.0006666666666666666 0.004666666666666667 0.0075000000000000015 0.444 0.011833333333333333 0.628 0.48899999999999993 0.37749999999999995 0.5375 0.5716666666666665 0.6153333333333333 
0.036833333333333315 0.011333333333333332 0.5155000000000001 0.8255 0.5193333333333333 1.0 0.35766666666666663 0.4471666666666666 0.3158333333333333 0.687666666666667 0.11916666666666671 0.07433333333333333 0.2041666666666667 0.14783333333333334 0.22816666666666663 0.7390000000000001 0.0115 0.050333333333333334 0.17216666666666666 0.0836666666666667 0.5141666666666667 0.659 0.5026666666666668 0.5691666666666665 0.5711666666666667 0.6336666666666668 0.9360000000000003 0.9736666666666669 0.02350000000000001 0.11716666666666666 0.1998333333333333 0.6466666666666666 0.019666666666666666 0.04333333333333333 0.5953333333333334 0.6001666666666668 0.009666666666666667 0.3021666666666667 0.1591666666666667 0.42133333333333334 0.3545 0.4519999999999999 0.5193333333333333 0.43 0.7569999999999999 0.5658333333333334 0.45100000000000007 0.3563333333333334 0.48483333333333334 0.25866666666666677 0.17483333333333337 0.11416666666666667 0.5021666666666667 0.685 0.18266666666666664 0.39399999999999996 0.004166666666666667 0.009000000000000001 0.19649999999999998 0.3081666666666667 0.10516666666666666 0.3413333333333333 0.02866666666666667 0.19700000000000006 0.39716666666666667 0.32683333333333325 0.3374999999999999 0.3475000000000001 0.13133333333333336 0.27049999999999996 0.6006666666666666 0.4463333333333334 0.005333333333333334 0.0026666666666666666 0.015166666666666667 0.005666666666666666 0.15899999999999997 0.009166666666666667 0.08966666666666669 0.0155 0.02250000000000001 0.07083333333333336 0.44549999999999984 0.010333333333333332 0.5590000000000002 0.5271666666666666 0.5403333333333333 0.5755 0.15349999999999997 0.3416666666666668 
0.3661666666666666 0.004999999999999999 0.3213333333333333 0.3413333333333333 0.7550000000000003 0.35766666666666663 1.0 0.35733333333333334 0.8661666666666668 0.6308333333333331 0.7146666666666667 0.4308333333333334 0.8148333333333332 0.7576666666666667 0.639 0.4203333333333334 0.016333333333333335 0.016666666666666666 0.1198333333333333 0.0525 0.1576666666666667 0.19033333333333333 0.32333333333333336 0.31683333333333347 0.32549999999999996 0.27 0.40349999999999997 0.35066666666666657 0.024666666666666667 0.04033333333333333 0.03316666666666667 0.31916666666666665 0.10200000000000004 0.08933333333333332 0.38483333333333336 0.37050000000000005 0.03366666666666667 0.20083333333333336 0.10600000000000001 0.35783333333333345 0.19499999999999992 0.2956666666666667 0.4115 0.4891666666666668 0.4734999999999999 0.2378333333333333 0.24333333333333326 0.39183333333333337 0.23800000000000002 0.19066666666666665 0.5608333333333333 0.298 0.2886666666666666 0.44600000000000006 0.07849999999999997 0.22599999999999998 0.018333333333333333 0.004999999999999999 0.48466666666666663 0.3103333333333334 0.6645 0.4115 0.20983333333333332 0.21066666666666659 0.8013333333333331 0.6345000000000001 0.3493333333333333 0.34016666666666673 0.27183333333333337 0.17966666666666664 0.31200000000000006 0.38966666666666666 0.07716666666666669 0.05549999999999998 0.19066666666666662 0.077 0.13266666666666668 0.13849999999999998 0.06416666666666668 0.00816666666666667 0.041499999999999995 0.034166666666666665 0.36716666666666664 0.04000000000000001 0.5161666666666668 0.3478333333333333 0.23533333333333326 0.3761666666666668 0.72 0.7141666666666668 
0.18966666666666668 0.2843333333333334 0.08800000000000001 0.4631666666666667 0.3368333333333334 0.4471666666666666 0.35733333333333334 1.0 0.3448333333333333 0.5146666666666667 0.3886666666666666 0.5608333333333332 0.31183333333333335 0.379 0.12450000000000001 0.3648333333333334 0.31066666666666665 0.3351666666666667 0.4811666666666667 0.40733333333333344 0.14149999999999996 0.19116666666666662 0.07316666666666671 0.12866666666666668 0.13183333333333336 0.1606666666666667 0.4476666666666667 0.44133333333333347 0.32300000000000006 0.41566666666666663 0.30850000000000005 0.20766666666666658 0.3531666666666667 0.4108333333333335 0.17800000000000002 0.18533333333333332 0.2056666666666667 0.297 0.13733333333333334 0.0698333333333333 0.045999999999999985 0.14100000000000001 0.09716666666666672 0.12833333333333333 0.45216666666666677 0.6363333333333331 0.06016666666666664 0.060999999999999985 0.7070000000000001 0.6489999999999999 0.4475 0.5728333333333332 0.15700000000000003 0.25316666666666665 0.28300000000000003 0.06866666666666668 0.2828333333333333 0.2775 0.6813333333333333 0.7885000000000002 0.46166666666666667 0.7620000000000001 0.4676666666666667 0.6525000000000003 0.2765 0.6241666666666668 0.818 0.8328333333333338 0.24316666666666673 0.27133333333333326 0.30816666666666676 0.06733333333333331 0.22300000000000003 0.24800000000000008 0.22049999999999995 0.21866666666666673 0.19166666666666665 0.16599999999999998 0.1973333333333333 0.2961666666666666 0.3435 0.39233333333333326 0.06233333333333333 0.2738333333333334 0.139 0.20299999999999996 0.152 0.16033333333333333 0.4298333333333331 0.5473333333333333 
0.3939999999999999 0.008833333333333335 0.2808333333333334 0.2956666666666666 0.7509999999999998 0.3158333333333333 0.8661666666666668 0.3448333333333333 1.0 0.604 0.7685 0.4733333333333334 0.8736666666666667 0.8131666666666668 0.6801666666666665 0.37999999999999995 0.02066666666666667 0.008000000000000002 0.09666666666666664 0.051000000000000004 0.15166666666666664 0.17933333333333326 0.29050000000000004 0.29050000000000004 0.29883333333333334 0.2423333333333334 0.3625 0.3093333333333333 0.02966666666666666 0.05266666666666666 0.024666666666666674 0.2721666666666667 0.10850000000000003 0.08466666666666667 0.36033333333333334 0.34550000000000003 0.030666666666666672 0.21583333333333335 0.12133333333333335 0.35466666666666674 0.1918333333333333 0.2993333333333333 0.37366666666666665 0.46550000000000014 0.42816666666666675 0.21416666666666664 0.2195 0.3523333333333333 0.22216666666666668 0.16533333333333328 0.6108333333333333 0.3105 0.25333333333333335 0.37800000000000006 0.09300000000000001 0.2188333333333333 0.02733333333333334 0.007833333333333333 0.4616666666666665 0.267 0.7188333333333331 0.37683333333333324 0.25049999999999994 0.18983333333333338 0.8481666666666667 0.627 0.33033333333333326 0.32400000000000007 0.2575 0.18866666666666668 0.26 0.3938333333333333 0.09850000000000003 0.075 0.21950000000000003 0.09550000000000003 0.15649999999999994 0.1648333333333333 0.06966666666666665 0.012166666666666668 0.04599999999999997 0.026666666666666665 0.3410000000000001 0.05633333333333332 0.5271666666666666 0.34949999999999987 0.22283333333333338 0.3638333333333334 0.7726666666666664 0.6778333333333333 
0.17499999999999993 0.002833333333333333 0.32766666666666666 0.5665 0.6233333333333334 0.687666666666667 0.6308333333333331 0.5146666666666667 0.604 1.0 0.39633333333333326 0.22266666666666665 0.49916666666666665 0.43916666666666676 0.42550000000000027 0.6445000000000001 0.010000000000000002 0.03000000000000001 0.1721666666666667 0.07183333333333333 0.31999999999999995 0.4071666666666667 0.32033333333333336 0.3679999999999999 0.3738333333333334 0.414 0.7126666666666671 0.6786666666666668 0.022333333333333337 0.09233333333333334 0.10066666666666667 0.45483333333333315 0.040666666666666657 0.08150000000000002 0.42149999999999993 0.4231666666666666 0.022333333333333337 0.3288333333333333 0.06416666666666665 0.3559999999999999 0.23966666666666664 0.3893333333333334 0.39516666666666667 0.4068333333333333 0.6585000000000002 0.4695 0.2546666666666667 0.3146666666666667 0.44250000000000006 0.2808333333333334 0.31366666666666665 0.19466666666666665 0.33233333333333326 0.524 0.10666666666666667 0.21050000000000002 0.0034999999999999996 0.002833333333333333 0.333 0.3533333333333333 0.3516666666666666 0.47716666666666674 0.1306666666666667 0.24999999999999997 0.5338333333333335 0.5245 0.3919999999999999 0.39416666666666655 0.2051666666666667 0.2496666666666666 0.5385 0.3938333333333334 0.014666666666666668 0.007833333333333336 0.07383333333333333 0.012666666666666666 0.10549999999999997 0.050666666666666665 0.03933333333333333 0.006166666666666668 0.036666666666666674 0.048166666666666684 0.31000000000000016 0.022333333333333334 0.4225000000000001 0.3448333333333333 0.33233333333333326 0.39783333333333326 0.4243333333333333 0.5486666666666666 
0.5498333333333334 0.10866666666666663 0.13366666666666666 0.1015 0.5601666666666665 0.11916666666666671 0.7146666666666667 0.3886666666666666 0.7685 0.39633333333333326 1.0 0.6404999999999998 0.8786666666666669 0.9176666666666664 0.5898333333333334 0.18566666666666662 0.1328333333333334 0.10416666666666664 0.18783333333333332 0.1625 0.051833333333333335 0.055666666666666656 0.14250000000000002 0.11766666666666667 0.12449999999999997 0.0673333333333333 0.16633333333333336 0.11199999999999997 0.14966666666666667 0.1768333333333333 0.09733333333333333 0.1016666666666667 0.24066666666666664 0.20133333333333336 0.1838333333333333 0.1691666666666667 0.11116666666666668 0.2788333333333334 0.19133333333333336 0.24833333333333335 0.10999999999999999 0.21783333333333332 0.23116666666666663 0.35166666666666674 0.235 0.15050000000000005 0.08516666666666665 0.22216666666666665 0.19566666666666663 0.24799999999999994 0.6758333333333333 0.45716666666666667 0.11016666666666663 0.21250000000000008 0.17 0.10950000000000001 0.14283333333333334 0.10533333333333335 0.5953333333333332 0.391 0.9085000000000001 0.5088333333333334 0.39250000000000007 0.30450000000000005 0.7076666666666668 0.6261666666666666 0.40183333333333343 0.3894999999999998 0.32616666666666666 0.14816666666666667 0.15883333333333338 0.3228333333333333 0.21483333333333332 0.19566666666666674 0.3400000000000001 0.21166666666666661 0.24633333333333332 0.26833333333333337 0.10733333333333334 0.113 0.14716666666666667 0.13516666666666668 0.21033333333333332 0.1900000000000001 0.3653333333333334 0.19433333333333333 0.05049999999999998 0.19033333333333327 0.8336666666666666 0.6541666666666669 
0.3591666666666668 0.4126666666666667 0.006166666666666668 0.14400000000000002 0.337 0.07433333333333333 0.4308333333333334 0.5608333333333332 0.4733333333333334 0.22266666666666665 0.6404999999999998 1.0 0.5501666666666667 0.6103333333333333 0.292 0.059833333333333315 0.43866666666666665 0.4171666666666665 0.37449999999999994 0.4435 0.08866666666666667 0.06933333333333333 0.0055 0.008833333333333334 0.012000000000000002 0.010333333333333337 0.10633333333333335 0.07099999999999998 0.4389999999999999 0.4541666666666667 0.3593333333333334 0.03383333333333333 0.5533333333333332 0.5108333333333334 0.05016666666666666 0.05199999999999999 0.3078333333333334 0.30133333333333323 0.2991666666666667 0.16316666666666665 0.09300000000000001 0.17299999999999996 0.04883333333333334 0.15099999999999997 0.15633333333333332 0.34266666666666673 0.05249999999999999 0.05299999999999999 0.4396666666666666 0.5596666666666666 0.7028333333333332 0.7905 0.060833333333333336 0.053 0.4086666666666667 0.22750000000000004 0.45099999999999996 0.40349999999999986 0.8113333333333334 0.6691666666666667 0.7155000000000001 0.6559999999999998 0.6856666666666666 0.6213333333333334 0.4563333333333334 0.5461666666666667 0.6258333333333335 0.6336666666666665 0.19033333333333333 0.2833333333333333 0.10566666666666669 0.172 0.42833333333333345 0.4403333333333333 0.44099999999999995 0.415 0.3605000000000001 0.3573333333333332 0.36699999999999994 0.40683333333333344 0.4418333333333333 0.45233333333333337 0.04016666666666668 0.44483333333333325 0.17400000000000002 0.2136666666666667 0.13883333333333334 0.06483333333333333 0.6526666666666666 0.5081666666666669 
0.46416666666666656 0.029666666666666668 0.21350000000000005 0.18466666666666653 0.6446666666666667 0.2041666666666667 0.8148333333333332 0.31183333333333335 0.8736666666666667 0.49916666666666665 0.8786666666666669 0.5501666666666667 1.0 0.9106666666666666 0.6869999999999998 0.2808333333333334 0.04716666666666666 0.0255 0.11800000000000001 0.07733333333333334 0.12883333333333327 0.1343333333333333 0.2230000000000001 0.1971666666666667 0.20433333333333334 0.14716666666666664 0.25099999999999995 0.1971666666666666 0.05633333333333332 0.08349999999999998 0.017333333333333333 0.18433333333333335 0.1524999999999999 0.11449999999999996 0.2631666666666667 0.2475 0.041166666666666664 0.23266666666666666 0.144 0.32633333333333325 0.16866666666666666 0.275 0.31049999999999994 0.4128333333333334 0.3158333333333333 0.15466666666666667 0.16400000000000003 0.3016666666666667 0.16916666666666663 0.1675 0.6525 0.36916666666666664 0.18849999999999997 0.2945 0.09383333333333335 0.18599999999999994 0.05899999999999998 0.02683333333333333 0.5081666666666667 0.30383333333333334 0.8186666666666669 0.42316666666666664 0.30483333333333323 0.21716666666666667 0.7918333333333333 0.5866666666666668 0.31566666666666665 0.30316666666666664 0.25816666666666666 0.18683333333333338 0.20766666666666667 0.3933333333333333 0.12899999999999998 0.10549999999999998 0.25266666666666665 0.1263333333333333 0.18000000000000005 0.19633333333333336 0.08850000000000004 0.029666666666666664 0.07600000000000001 0.05016666666666665 0.2866666666666666 0.09549999999999999 0.4445 0.27266666666666667 0.13200000000000003 0.26983333333333337 0.8475 0.6851666666666668 
0.5000000000000001 0.07716666666666665 0.15500000000000005 0.12949999999999995 0.5913333333333335 0.14783333333333334 0.7576666666666667 0.379 0.8131666666666668 0.43916666666666676 0.9176666666666664 0.6103333333333333 0.9106666666666666 1.0 0.6173333333333333 0.223 0.10149999999999998 0.07299999999999998 0.17650000000000002 0.13583333333333336 0.06783333333333333 0.07566666666666669 0.16449999999999998 0.14100000000000004 0.14950000000000002 0.09133333333333335 0.19549999999999998 0.1411666666666666 0.10566666666666669 0.13599999999999998 0.05849999999999999 0.12633333333333333 0.2071666666666667 0.17033333333333334 0.20883333333333332 0.19333333333333333 0.06783333333333333 0.24566666666666667 0.16083333333333336 0.2666666666666667 0.11500000000000002 0.21933333333333332 0.2523333333333333 0.3618333333333333 0.26150000000000007 0.15250000000000002 0.10400000000000001 0.24316666666666664 0.20216666666666666 0.22216666666666673 0.6895 0.4273333333333335 0.13033333333333333 0.23616666666666666 0.12683333333333333 0.12483333333333332 0.10916666666666668 0.0723333333333333 0.5683333333333335 0.36183333333333323 0.879 0.4821666666666667 0.36283333333333345 0.2748333333333333 0.7345000000000002 0.6531666666666667 0.38333333333333336 0.3699999999999998 0.28416666666666657 0.17816666666666664 0.1635 0.3351666666666667 0.1678333333333333 0.15333333333333335 0.29150000000000004 0.16449999999999998 0.20316666666666677 0.22099999999999995 0.11483333333333333 0.08366666666666665 0.1328333333333333 0.10649999999999998 0.22699999999999998 0.14066666666666666 0.3876666666666668 0.21766666666666665 0.07516666666666666 0.21533333333333332 0.8939999999999999 0.7133333333333333 
0.5598333333333334 0.15033333333333332 0.36699999999999994 0.20400000000000001 0.5396666666666665 0.22816666666666663 0.639 0.12450000000000001 0.6801666666666665 0.42550000000000027 0.5898333333333334 0.292 0.6869999999999998 0.6173333333333333 1.0 0.4088333333333333 0.15050000000000002 0.12183333333333334 0.16700000000000007 0.1448333333333333 0.3273333333333334 0.294 0.37800000000000017 0.3024999999999999 0.3073333333333333 0.24683333333333335 0.25366666666666676 0.23066666666666666 0.14533333333333331 0.18616666666666667 0.10733333333333331 0.2891666666666666 0.1953333333333334 0.09366666666666665 0.2889999999999999 0.2728333333333333 0.2076666666666666 0.3306666666666668 0.2836666666666666 0.5255000000000001 0.35133333333333333 0.45099999999999985 0.47733333333333333 0.5404999999999999 0.3106666666666667 0.143 0.35749999999999993 0.5235000000000001 0.12783333333333333 0.0925 0.41066666666666657 0.14449999999999996 0.3303333333333333 0.4196666666666667 0.17566666666666667 0.35816666666666647 0.18966666666666662 0.15666666666666668 0.2619999999999999 0.0975 0.5315000000000001 0.19166666666666665 0.20266666666666658 0.09849999999999999 0.6385 0.3568333333333333 0.09933333333333336 0.09333333333333334 0.39199999999999996 0.2084999999999999 0.3436666666666667 0.5576666666666668 0.314 0.2595 0.4211666666666667 0.30766666666666664 0.29400000000000015 0.37116666666666676 0.26100000000000007 0.1693333333333333 0.15849999999999997 0.12566666666666662 0.4683333333333332 0.20799999999999993 0.47916666666666674 0.26416666666666677 0.2348333333333333 0.2938333333333333 0.5688333333333331 0.43450000000000005 
0.20350000000000004 0.081 0.5306666666666666 0.6726666666666665 0.5569999999999999 0.7390000000000001 0.4203333333333334 0.3648333333333334 0.37999999999999995 0.6445000000000001 0.18566666666666662 0.059833333333333315 0.2808333333333334 0.223 0.4088333333333333 1.0 0.083 0.11749999999999997 0.23799999999999996 0.14950000000000002 0.43766666666666665 0.4941666666666668 0.5178333333333334 0.5546666666666666 0.5436666666666666 0.5448333333333334 0.7290000000000001 0.7373333333333334 0.0935 0.17916666666666667 0.15500000000000003 0.6003333333333333 0.09649999999999999 0.07133333333333332 0.5105 0.5036666666666667 0.10883333333333331 0.3390000000000001 0.10950000000000001 0.46216666666666667 0.3643333333333333 0.46449999999999997 0.5740000000000002 0.5256666666666666 0.7318333333333332 0.5268333333333334 0.44249999999999995 0.5316666666666666 0.4598333333333334 0.26316666666666666 0.159 0.08000000000000002 0.5341666666666667 0.7328333333333333 0.1025 0.3328333333333333 0.0805 0.08200000000000002 0.1913333333333333 0.25483333333333325 0.16500000000000004 0.3126666666666667 0.024833333333333343 0.17483333333333337 0.43800000000000006 0.34416666666666673 0.27466666666666667 0.2781666666666667 0.3248333333333334 0.213 0.6595 0.3695000000000001 0.10133333333333334 0.08850000000000001 0.14 0.10033333333333334 0.10766666666666663 0.12133333333333335 0.155 0.09216666666666667 0.09516666666666666 0.136 0.48216666666666674 0.08616666666666666 0.48416666666666663 0.38633333333333325 0.45483333333333326 0.48416666666666663 0.21416666666666673 0.40950000000000003 
0.49666666666666665 0.9465000000000002 0.059833333333333315 0.08466666666666667 0.0006666666666666666 0.0115 0.016333333333333335 0.31066666666666665 0.02066666666666667 0.010000000000000002 0.1328333333333334 0.43866666666666665 0.04716666666666666 0.10149999999999998 0.15050000000000002 0.083 1.0 0.9035 0.7054999999999997 0.8426666666666663 0.314 0.14633333333333332 0.0675 0.03433333333333334 0.025666666666666674 0.026999999999999996 0.003333333333333333 0.012833333333333334 0.9326666666666668 0.7656666666666672 0.6084999999999998 0.13733333333333334 0.8243333333333333 0.8651666666666666 0.016666666666666666 0.016833333333333336 0.6493333333333332 0.41316666666666657 0.45416666666666644 0.225 0.31683333333333336 0.3254999999999999 0.04883333333333335 0.07066666666666667 0.014833333333333332 0.2686666666666666 0.30933333333333335 0.2165 0.33066666666666655 0.5288333333333334 0.23283333333333328 0.5361666666666668 0.1318333333333333 0.029666666666666668 0.5099999999999999 0.3319999999999999 0.8824999999999997 0.9295 0.3735000000000001 0.441 0.20400000000000007 0.31166666666666665 0.7156666666666665 0.6213333333333335 0.005666666666666666 0.16449999999999998 0.3600000000000001 0.3891666666666667 0.38616666666666666 0.5633333333333332 0.1830000000000001 0.14466666666666664 0.6813333333333336 0.7873333333333334 0.5506666666666666 0.6824999999999999 0.429 0.5705 0.730666666666667 0.9336666666666664 0.932 0.8913333333333331 0.09783333333333336 0.8375 0.04483333333333334 0.09800000000000003 0.2595 0.026166666666666675 0.1398333333333333 0.11366666666666665 
0.4311666666666666 0.9126666666666668 0.0385 0.13133333333333333 0.006666666666666666 0.050333333333333334 0.016666666666666666 0.3351666666666667 0.008000000000000002 0.03000000000000001 0.10416666666666664 0.4171666666666665 0.0255 0.07299999999999998 0.12183333333333334 0.11749999999999997 0.9035 1.0 0.7368333333333331 0.8728333333333335 0.29816666666666664 0.12366666666666665 0.04100000000000001 0.021499999999999995 0.008833333333333334 0.017 0.03766666666666668 0.050499999999999996 0.8998333333333334 0.7578333333333334 0.5908333333333333 0.1566666666666667 0.7913333333333334 0.8553333333333332 0.006999999999999999 0.007833333333333333 0.6276666666666667 0.43800000000000006 0.42099999999999993 0.20183333333333336 0.2881666666666667 0.3163333333333333 0.02733333333333333 0.05416666666666667 0.05949999999999998 0.32050000000000006 0.26849999999999996 0.1936666666666667 0.37783333333333347 0.5990000000000001 0.2406666666666667 0.5501666666666668 0.11866666666666666 0.05333333333333332 0.4815 0.28450000000000003 0.8373333333333335 0.8931666666666668 0.3836666666666666 0.4723333333333333 0.177 0.3328333333333335 0.6793333333333332 0.6493333333333337 0.0006666666666666666 0.1548333333333334 0.3783333333333333 0.4138333333333334 0.3571666666666667 0.5371666666666666 0.22149999999999997 0.12099999999999998 0.6506666666666666 0.7408333333333331 0.5296666666666666 0.6495000000000001 0.40150000000000013 0.5393333333333333 0.6968333333333334 0.887 0.8923333333333329 0.9231666666666669 0.06933333333333333 0.7710000000000001 0.018333333333333333 0.08199999999999999 0.22583333333333327 0.0105 0.11500000000000003 0.11750000000000002 
0.4323333333333333 0.6728333333333333 0.05649999999999999 0.26816666666666666 0.060166666666666674 0.17216666666666666 0.1198333333333333 0.4811666666666667 0.09666666666666664 0.1721666666666667 0.18783333333333332 0.37449999999999994 0.11800000000000001 0.17650000000000002 0.16700000000000007 0.23799999999999996 0.7054999999999997 0.7368333333333331 1.0 0.8433333333333334 0.26966666666666655 0.11766666666666666 0.047666666666666656 0.04733333333333332 0.03683333333333334 0.05866666666666667 0.1531666666666667 0.16949999999999998 0.7241666666666667 0.7018333333333332 0.36716666666666675 0.1973333333333334 0.6345 0.6996666666666665 0.03366666666666667 0.036333333333333336 0.4698333333333333 0.3716666666666665 0.27133333333333337 0.21516666666666664 0.27533333333333343 0.29900000000000004 0.04416666666666667 0.04699999999999997 0.174 0.4045000000000001 0.19533333333333336 0.21650000000000003 0.44900000000000007 0.5591666666666667 0.18000000000000005 0.42883333333333334 0.15566666666666665 0.13116666666666663 0.2909999999999999 0.20233333333333337 0.6193333333333335 0.6540000000000002 0.41383333333333316 0.5475 0.20800000000000007 0.4315 0.5643333333333331 0.6628333333333335 0.03183333333333334 0.2843333333333334 0.46666666666666673 0.4955000000000001 0.43716666666666676 0.49566666666666687 0.25466666666666676 0.12066666666666664 0.4378333333333333 0.5338333333333333 0.3971666666666666 0.4375 0.2561666666666666 0.4043333333333334 0.5148333333333334 0.6644999999999998 0.7456666666666665 0.7969999999999999 0.05299999999999999 0.6238333333333334 0.00816666666666667 0.0871666666666667 0.1365 0.0265 0.21250000000000002 0.2725000000000001 
0.4770000000000001 0.8115000000000002 0.03516666666666667 0.17150000000000007 0.015833333333333338 0.0836666666666667 0.0525 0.40733333333333344 0.051000000000000004 0.07183333333333333 0.1625 0.4435 0.07733333333333334 0.13583333333333336 0.1448333333333333 0.14950000000000002 0.8426666666666663 0.8728333333333335 0.8433333333333334 1.0 0.3076666666666666 0.12833333333333338 0.037166666666666674 0.019833333333333335 0.007833333333333335 0.02116666666666667 0.06883333333333332 0.08266666666666668 0.8648333333333332 0.8013333333333332 0.48200000000000004 0.16033333333333327 0.7556666666666669 0.8208333333333332 0.005666666666666668 0.007333333333333335 0.5588333333333334 0.38250000000000006 0.3525 0.2056666666666667 0.2818333333333334 0.31249999999999994 0.026333333333333334 0.04033333333333333 0.08899999999999998 0.33649999999999997 0.2385 0.19716666666666677 0.3945 0.5763333333333334 0.19666666666666674 0.513 0.12416666666666662 0.06749999999999996 0.4006666666666668 0.25733333333333325 0.7491666666666668 0.7905000000000001 0.4155000000000001 0.5101666666666668 0.22033333333333335 0.39333333333333337 0.6671666666666666 0.6938333333333334 0.010166666666666666 0.20833333333333331 0.4205 0.4533333333333333 0.41700000000000004 0.5611666666666665 0.21533333333333327 0.1255 0.5504999999999999 0.6589999999999999 0.4585 0.5486666666666669 0.33616666666666667 0.4838333333333334 0.6176666666666669 0.8024999999999999 0.8696666666666668 0.9318333333333334 0.06 0.7563333333333333 0.012166666666666666 0.08033333333333335 0.19166666666666665 0.009166666666666667 0.17299999999999993 0.19083333333333335 
0.2621666666666666 0.3288333333333333 0.3936666666666667 0.423 0.2641666666666667 0.5141666666666667 0.1576666666666667 0.14149999999999996 0.15166666666666664 0.31999999999999995 0.051833333333333335 0.08866666666666667 0.12883333333333327 0.06783333333333333 0.3273333333333334 0.43766666666666665 0.314 0.29816666666666664 0.26966666666666655 0.3076666666666666 1.0 0.7636666666666666 0.39433333333333337 0.3591666666666666 0.366 0.40333333333333327 0.5 0.5208333333333335 0.3163333333333333 0.4076666666666667 0.24533333333333335 0.43066666666666675 0.28 0.2421666666666667 0.3431666666666668 0.3435000000000001 0.3355 0.44099999999999995 0.4293333333333333 0.6068333333333334 0.6006666666666666 0.6248333333333335 0.41383333333333333 0.36466666666666664 0.36816666666666686 0.2938333333333333 0.5496666666666666 0.4898333333333333 0.23999999999999996 0.15600000000000006 0.12683333333333333 0.18583333333333332 0.39899999999999997 0.4021666666666668 0.31699999999999995 0.5966666666666668 0.3616666666666666 0.33283333333333337 0.057833333333333334 0.15216666666666667 0.03666666666666668 0.14600000000000002 0.2393333333333333 0.21583333333333332 0.2598333333333332 0.08600000000000002 0.10183333333333332 0.12350000000000001 0.25833333333333336 0.3066666666666667 0.47100000000000014 0.6178333333333333 0.3783333333333334 0.3821666666666667 0.32250000000000006 0.368 0.34883333333333333 0.36366666666666675 0.48433333333333317 0.3385000000000001 0.3091666666666667 0.2978333333333334 0.41050000000000003 0.3770000000000001 0.3766666666666667 0.38333333333333336 0.4538333333333335 0.37016666666666675 0.08049999999999999 0.11266666666666669 
0.13716666666666666 0.15500000000000003 0.564 0.5451666666666668 0.31549999999999995 0.659 0.19033333333333333 0.19116666666666662 0.17933333333333326 0.4071666666666667 0.055666666666666656 0.06933333333333333 0.1343333333333333 0.07566666666666669 0.294 0.4941666666666668 0.14633333333333332 0.12366666666666665 0.11766666666666666 0.12833333333333338 0.7636666666666666 1.0 0.5693333333333335 0.5371666666666668 0.5488333333333333 0.5806666666666667 0.6303333333333332 0.6675 0.13599999999999995 0.2041666666666667 0.36316666666666675 0.5695 0.1363333333333333 0.11233333333333335 0.49366666666666686 0.49450000000000005 0.21850000000000003 0.3043333333333333 0.39983333333333343 0.4919999999999999 0.4625 0.48783333333333334 0.5638333333333333 0.48400000000000015 0.4668333333333332 0.3735 0.6165000000000002 0.4103333333333332 0.30566666666666664 0.16416666666666668 0.1261666666666667 0.1451666666666667 0.5286666666666666 0.5503333333333332 0.40816666666666657 0.5928333333333334 0.19333333333333327 0.16016666666666665 0.053833333333333316 0.1406666666666667 0.03883333333333336 0.15216666666666667 0.12116666666666666 0.12016666666666662 0.286 0.10933333333333332 0.11000000000000004 0.12416666666666666 0.15199999999999997 0.35166666666666674 0.5148333333333334 0.5875000000000001 0.2388333333333333 0.2108333333333334 0.196 0.24166666666666664 0.392 0.24233333333333332 0.29700000000000004 0.16783333333333336 0.13449999999999998 0.12016666666666666 0.5496666666666665 0.18883333333333333 0.5223333333333333 0.5071666666666669 0.6146666666666667 0.519 0.08566666666666664 0.12716666666666665 
0.20683333333333337 0.06316666666666666 0.9573333333333336 0.5325000000000001 0.4528333333333333 0.5026666666666668 0.32333333333333336 0.07316666666666671 0.29050000000000004 0.32033333333333336 0.14250000000000002 0.0055 0.2230000000000001 0.16449999999999998 0.37800000000000017 0.5178333333333334 0.0675 0.04100000000000001 0.047666666666666656 0.037166666666666674 0.39433333333333337 0.5693333333333335 1.0 0.889166666666667 0.8816666666666668 0.8175 0.493 0.5105000000000001 0.04483333333333335 0.02866666666666667 0.3973333333333333 0.7083333333333335 0.015666666666666666 0.036166666666666666 0.8155000000000001 0.802 0.22516666666666668 0.09183333333333334 0.2918333333333334 0.4235 0.4621666666666666 0.3038333333333333 0.8309999999999996 0.6946666666666664 0.5340000000000001 0.3128333333333333 0.7105000000000001 0.6344999999999998 0.22583333333333336 0.1078333333333333 0.11066666666666664 0.003333333333333333 0.8233333333333331 0.7301666666666669 0.2881666666666667 0.5283333333333334 0.06150000000000001 0.07549999999999998 0.016500000000000004 0.011166666666666668 0.12250000000000001 0.021666666666666678 0.004666666666666667 0.0085 0.39366666666666666 0.17233333333333337 0.06266666666666666 0.0355 0.337 0.2858333333333334 0.43149999999999994 0.442 0.09616666666666664 0.06166666666666666 0.11766666666666667 0.1065 0.24900000000000003 0.12366666666666667 0.14466666666666664 0.08033333333333335 0.04683333333333334 0.03500000000000001 0.8628333333333333 0.04066666666666667 0.6963333333333331 0.6319999999999999 0.6935000000000001 0.8051666666666667 0.14416666666666667 0.2281666666666666 
0.14883333333333337 0.0315 0.9059999999999999 0.6138333333333333 0.47966666666666663 0.5691666666666665 0.31683333333333347 0.12866666666666668 0.29050000000000004 0.3679999999999999 0.11766666666666667 0.008833333333333334 0.1971666666666667 0.14100000000000004 0.3024999999999999 0.5546666666666666 0.03433333333333334 0.021499999999999995 0.04733333333333332 0.019833333333333335 0.3591666666666666 0.5371666666666668 0.889166666666667 1.0 0.9530000000000003 0.9171666666666667 0.555 0.5761666666666667 0.018166666666666668 0.013666666666666669 0.34083333333333327 0.7293333333333335 0.006666666666666666 0.020833333333333336 0.8986666666666666 0.893 0.17916666666666664 0.08833333333333333 0.24483333333333332 0.41400000000000003 0.46166666666666656 0.28450000000000003 0.7831666666666669 0.6279999999999999 0.6101666666666664 0.37316666666666665 0.6648333333333335 0.5998333333333332 0.2846666666666667 0.10883333333333332 0.10666666666666667 0.008666666666666668 0.7974999999999999 0.6890000000000001 0.2573333333333333 0.48766666666666675 0.035166666666666686 0.04133333333333334 0.013833333333333335 0.031166666666666672 0.09683333333333334 0.031 0.0016666666666666666 0.009000000000000003 0.392 0.2303333333333333 0.12866666666666668 0.10033333333333332 0.30766666666666664 0.2768333333333334 0.41283333333333344 0.3889999999999999 0.05283333333333332 0.023000000000000003 0.06816666666666667 0.06250000000000001 0.21149999999999994 0.07283333333333332 0.11499999999999996 0.03799999999999999 0.020666666666666673 0.018000000000000002 0.7693333333333334 0.015500000000000005 0.7036666666666668 0.7028333333333333 0.7264999999999999 0.8710000000000001 0.12233333333333331 0.2235 
