1.0 0.7563333333333334 0.17016666666666663 0.16083333333333327 0.1303333333333333 0.12133333333333335 0.1703333333333333 0.158 0.15550000000000003 0.15133333333333332 0.17216666666666666 0.32049999999999995 0.1455 0.158 0.19216666666666662 0.1763333333333333 0.41616666666666646 0.7215 0.17116666666666666 0.16899999999999998 0.23216666666666674 0.1358333333333333 0.16849999999999998 0.16916666666666663 0.14883333333333337 0.12833333333333335 0.10166666666666666 0.09816666666666668 0.3158333333333333 0.2873333333333333 0.18416666666666667 0.17350000000000002 0.7655 0.6813333333333336 0.17216666666666666 0.24066666666666667 0.18 0.1261666666666667 0.15616666666666665 0.12916666666666665 0.38916666666666655 0.2653333333333333 0.39066666666666683 0.37733333333333335 0.3983333333333332 0.6663333333333334 0.6428333333333331 0.6134999999999999 0.6439999999999999 0.7528333333333334 0.7468333333333335 0.7571666666666669 0.6379999999999998 0.6446666666666664 0.24699999999999997 0.6348333333333334 0.7525 0.7501666666666668 0.7406666666666665 0.7413333333333334 0.574 0.7105000000000001 0.6775000000000003 0.5455 0.1703333333333333 0.14750000000000005 0.5626666666666666 0.6681666666666666 0.6613333333333334 0.7493333333333332 0.1733333333333333 0.1941666666666666 0.6289999999999999 0.7386666666666666 0.17266666666666666 0.45899999999999985 0.23883333333333337 0.24700000000000003 0.29949999999999993 0.45300000000000007 0.27983333333333327 0.28716666666666657 0.18733333333333335 0.264 0.16616666666666668 0.15033333333333332 0.11000000000000001 0.11066666666666668 0.11066666666666668 0.09733333333333334 
0.7563333333333334 1.0 0.002833333333333333 0.0 0.05083333333333333 0.10516666666666666 0.013333333333333334 0.0 0.0 0.009333333333333334 0.2345 0.5436666666666666 0.1778333333333334 0.031166666666666665 0.002 0.013499999999999998 0.6483333333333333 0.9525 0.0006666666666666666 0.0 0.4586666666666666 0.33 0.0 0.0 0.019833333333333338 0.005666666666666666 0.062333333333333324 0.24999999999999997 0.5475000000000001 0.5198333333333335 0.0 0.0 0.7366666666666667 0.724666666666667 0.013500000000000002 0.0825 0.0225 0.03816666666666666 0.04616666666666668 0.08283333333333331 0.2261666666666666 0.1655 0.23149999999999998 0.38683333333333353 0.2473333333333333 0.8384999999999998 0.5556666666666668 0.5228333333333332 0.7131666666666667 0.974666666666667 0.9405 0.985666666666667 0.5436666666666666 0.6183333333333334 0.1423333333333333 0.5609999999999996 0.9836666666666671 0.9813333333333338 0.9019999999999996 0.9733333333333337 0.415 0.9384999999999997 0.9066666666666663 0.7768333333333333 0.013499999999999998 0.03383333333333334 0.4363333333333334 0.7778333333333332 0.5566666666666669 0.9771666666666673 0.0003333333333333333 0.0026666666666666666 0.4548333333333334 0.7791666666666666 0.0045 0.27399999999999997 0.11483333333333336 0.12266666666666666 0.5321666666666667 0.685333333333333 0.5131666666666669 0.5193333333333335 0.41916666666666663 0.49700000000000005 0.0 0.004666666666666667 0.0013333333333333333 0.0008333333333333333 0.001 0.005166666666666666 
0.17016666666666663 0.002833333333333333 1.0 0.8298333333333333 0.7715000000000001 0.5986666666666666 0.9015000000000001 0.7821666666666666 0.7924999999999999 0.6998333333333333 0.5134999999999998 0.22166666666666676 0.5705000000000002 0.7240000000000001 0.7234999999999998 0.6623333333333334 0.006833333333333334 0.002833333333333333 0.9521666666666668 0.9516666666666665 0.022000000000000006 0.1918333333333333 0.9490000000000003 0.9483333333333333 0.9016666666666668 0.8966666666666667 0.7563333333333335 0.4325 0.007333333333333334 0.007666666666666667 0.8971666666666668 0.9453333333333334 0.19599999999999995 0.14016666666666666 0.9483333333333335 0.8766666666666666 0.19649999999999998 0.11633333333333333 0.18699999999999994 0.08350000000000002 0.16999999999999996 0.11216666666666666 0.7175000000000001 0.4686666666666665 0.6950000000000002 0.017166666666666667 0.22699999999999998 0.2743333333333334 0.07666666666666667 0.003333333333333333 0.004666666666666666 0.002833333333333333 0.2723333333333333 0.16933333333333334 0.3503333333333334 0.21783333333333343 0.002833333333333333 0.002833333333333333 0.016333333333333335 0.002833333333333333 0.5479999999999999 0.016500000000000004 0.006833333333333334 0.004333333333333333 0.9021666666666668 0.7328333333333334 0.4084999999999999 0.1693333333333333 0.25966666666666666 0.002833333333333333 0.7781666666666665 0.6835 0.2880000000000001 0.047333333333333324 0.9244999999999999 0.49316666666666664 0.1936666666666666 0.18899999999999995 0.006666666666666666 0.006333333333333333 0.0085 0.007833333333333335 0.086 0.008666666666666668 0.8175000000000004 0.8021666666666667 0.6918333333333334 0.8568333333333336 0.6704999999999999 0.691 
0.16083333333333327 0.0 0.8298333333333333 1.0 0.7631666666666668 0.7426666666666667 0.8543333333333334 0.9410000000000004 0.9408333333333337 0.8543333333333333 0.6535 0.34099999999999997 0.7135000000000001 0.8655000000000003 0.8284999999999999 0.7884999999999998 0.03666666666666667 0.0 0.8345000000000001 0.8293333333333335 0.11833333333333336 0.28850000000000003 0.840166666666667 0.8450000000000002 0.8201666666666669 0.8333333333333336 0.6678333333333331 0.564 0.1366666666666667 0.13849999999999998 0.8221666666666665 0.8450000000000002 0.1966666666666666 0.09633333333333331 0.8405 0.8208333333333335 0.3074999999999999 0.22316666666666662 0.15116666666666664 0.1585 0.2815000000000001 0.21766666666666662 0.6928333333333334 0.4428333333333331 0.7103333333333336 0.012166666666666666 0.2 0.24849999999999997 0.05366666666666667 0.0 0.0015 0.0 0.24700000000000003 0.14683333333333332 0.3623333333333334 0.19166666666666668 0.0 0.0 0.003833333333333333 0.0 0.5531666666666665 0.009000000000000001 0.03900000000000001 0.11866666666666666 0.8541666666666665 0.8698333333333335 0.3533333333333333 0.14250000000000004 0.2333333333333333 0.0 0.8299999999999997 0.6181666666666668 0.22816666666666663 0.04716666666666667 0.8661666666666663 0.38733333333333325 0.30333333333333334 0.297 0.11733333333333329 0.010500000000000002 0.1403333333333333 0.13883333333333334 0.21799999999999997 0.13999999999999999 0.9238333333333335 0.9388333333333336 0.6783333333333336 0.7418333333333333 0.7779999999999997 0.8309999999999998 
0.1303333333333333 0.05083333333333333 0.7715000000000001 0.7631666666666668 1.0 0.8038333333333333 0.8355 0.7428333333333331 0.7673333333333333 0.6881666666666669 0.5951666666666666 0.3226666666666667 0.6465000000000001 0.7036666666666668 0.6498333333333335 0.6128333333333331 0.06433333333333333 0.048999999999999995 0.7445 0.7428333333333333 0.05033333333333334 0.2889999999999999 0.7454999999999999 0.7449999999999999 0.8081666666666665 0.8014999999999998 0.7956666666666663 0.6166666666666666 0.09683333333333334 0.09616666666666668 0.7235 0.7413333333333331 0.10666666666666663 0.07166666666666667 0.7918333333333331 0.7651666666666668 0.16883333333333334 0.17366666666666664 0.1886666666666667 0.11799999999999997 0.13966666666666666 0.16066666666666665 0.5921666666666667 0.5575000000000001 0.6111666666666666 0.11266666666666664 0.27616666666666684 0.29533333333333345 0.1706666666666667 0.060666666666666674 0.08766666666666666 0.05199999999999999 0.31366666666666665 0.26599999999999996 0.3146666666666666 0.29 0.05149999999999998 0.05199999999999999 0.09450000000000001 0.05166666666666666 0.4496666666666666 0.06533333333333331 0.07783333333333334 0.09666666666666666 0.8351666666666666 0.7183333333333333 0.3579999999999999 0.1173333333333333 0.2820000000000001 0.052333333333333315 0.6501666666666667 0.5443333333333332 0.2021666666666667 0.031666666666666676 0.8043333333333333 0.3543333333333334 0.24366666666666667 0.23800000000000002 0.09516666666666666 0.05666666666666667 0.095 0.09633333333333333 0.17199999999999993 0.09516666666666668 0.7155 0.731666666666667 0.6334999999999998 0.7466666666666667 0.6661666666666666 0.7411666666666668 
0.12133333333333335 0.10516666666666666 0.5986666666666666 0.7426666666666667 0.8038333333333333 1.0 0.6621666666666668 0.7765 0.7888333333333333 0.7280000000000001 0.7378333333333335 0.4779999999999999 0.7885000000000001 0.7450000000000001 0.6981666666666666 0.6820000000000002 0.1591666666666667 0.10316666666666667 0.5961666666666666 0.5925 0.19516666666666665 0.44616666666666666 0.6008333333333332 0.6023333333333332 0.6616666666666666 0.6673333333333334 0.7196666666666667 0.7739999999999999 0.25766666666666665 0.25616666666666665 0.603 0.5994999999999999 0.05883333333333332 0.028166666666666673 0.6133333333333332 0.6134999999999998 0.245 0.25949999999999995 0.1693333333333333 0.21133333333333337 0.21983333333333338 0.24583333333333335 0.5126666666666666 0.581 0.5299999999999998 0.16999999999999996 0.22016666666666662 0.2273333333333334 0.2266666666666667 0.11683333333333333 0.146 0.107 0.2466666666666667 0.28766666666666674 0.28600000000000003 0.23883333333333334 0.10583333333333332 0.10666666666666666 0.14633333333333337 0.10649999999999998 0.3648333333333334 0.11483333333333333 0.14583333333333334 0.24299999999999997 0.6616666666666667 0.7541666666666665 0.2175 0.05166666666666665 0.23700000000000002 0.10733333333333332 0.6331666666666667 0.4710000000000001 0.10316666666666668 0.035 0.6359999999999999 0.22466666666666665 0.31633333333333324 0.3108333333333333 0.24199999999999997 0.12316666666666669 0.25616666666666665 0.25683333333333336 0.3325 0.256 0.7266666666666667 0.7356666666666668 0.5991666666666667 0.5958333333333334 0.6976666666666665 0.7831666666666668 
0.1703333333333333 0.013333333333333334 0.9015000000000001 0.8543333333333334 0.8355 0.6621666666666668 1.0 0.8341666666666667 0.8568333333333333 0.7355000000000002 0.5826666666666668 0.26966666666666667 0.6403333333333332 0.7928333333333333 0.7034999999999999 0.6608333333333332 0.024666666666666663 0.013333333333333334 0.8634999999999999 0.8610000000000002 0.0195 0.19033333333333333 0.8624999999999998 0.8623333333333334 0.8588333333333331 0.8540000000000001 0.6881666666666669 0.4831666666666666 0.020166666666666666 0.019833333333333335 0.8389999999999997 0.8621666666666665 0.21133333333333332 0.15083333333333332 0.9325 0.9073333333333331 0.18633333333333332 0.10116666666666665 0.17666666666666672 0.0565 0.15666666666666665 0.09600000000000003 0.7060000000000001 0.4589999999999999 0.7303333333333336 0.025666666666666664 0.21433333333333338 0.2645 0.06833333333333333 0.013333333333333334 0.014499999999999999 0.013333333333333334 0.2628333333333333 0.16250000000000003 0.3364999999999999 0.20850000000000007 0.013333333333333334 0.013333333333333334 0.017 0.013333333333333334 0.5851666666666666 0.028499999999999998 0.018166666666666668 0.021166666666666667 0.9885000000000004 0.8068333333333332 0.43133333333333335 0.18899999999999997 0.24983333333333338 0.013333333333333334 0.7390000000000001 0.6218333333333333 0.3041666666666667 0.05799999999999998 0.9270000000000002 0.4585 0.18133333333333326 0.17566666666666667 0.022000000000000006 0.01966666666666667 0.019500000000000003 0.02 0.0976666666666667 0.020000000000000004 0.8041666666666668 0.8188333333333333 0.6459999999999999 0.7698333333333335 0.6581666666666667 0.7196666666666667 
0.158 0.0 0.7821666666666666 0.9410000000000004 0.7428333333333331 0.7765 0.8341666666666667 1.0 0.9646666666666668 0.8861666666666665 0.6898333333333333 0.37849999999999995 0.7523333333333333 0.9003333333333333 0.8210000000000001 0.7954999999999999 0.06299999999999997 0.0 0.7851666666666666 0.7798333333333334 0.14783333333333332 0.319 0.7911666666666666 0.7946666666666665 0.7775000000000003 0.7893333333333337 0.6236666666666665 0.5848333333333332 0.16883333333333328 0.1696666666666666 0.7718333333333335 0.7944999999999998 0.19616666666666668 0.08916666666666664 0.7948333333333336 0.7921666666666667 0.33116666666666666 0.2511666666666666 0.179 0.18600000000000003 0.30883333333333324 0.24583333333333335 0.6869999999999998 0.4418333333333333 0.7030000000000001 0.012666666666666668 0.20000000000000004 0.24883333333333332 0.055999999999999994 0.0 0.0015 0.0 0.24666666666666662 0.15033333333333332 0.38966666666666666 0.19233333333333338 0.0 0.0 0.004 0.0 0.5526666666666666 0.009000000000000001 0.04083333333333334 0.14516666666666664 0.8331666666666669 0.9065000000000001 0.33866666666666667 0.14316666666666675 0.23383333333333325 0.0 0.8105 0.595 0.20616666666666664 0.04633333333333333 0.8208333333333335 0.3448333333333333 0.33366666666666667 0.32833333333333337 0.14850000000000002 0.023833333333333328 0.16999999999999993 0.17033333333333328 0.24850000000000003 0.17033333333333328 0.9213333333333336 0.922666666666667 0.7056666666666667 0.6936666666666668 0.8083333333333332 0.8660000000000001 
0.15550000000000003 0.0 0.7924999999999999 0.9408333333333337 0.7673333333333333 0.7888333333333333 0.8568333333333333 0.9646666666666668 1.0 0.8686666666666666 0.6956666666666668 0.3846666666666667 0.7566666666666667 0.9065000000000002 0.8173333333333335 0.7861666666666666 0.05216666666666665 0.0 0.7889999999999998 0.7838333333333334 0.12816666666666668 0.2995 0.7953333333333333 0.7978333333333333 0.7883333333333334 0.7973333333333337 0.6290000000000001 0.6038333333333334 0.15233333333333332 0.1515 0.7743333333333333 0.7959999999999998 0.19433333333333333 0.08816666666666664 0.8104999999999998 0.8070000000000002 0.3176666666666667 0.23166666666666672 0.16316666666666663 0.1653333333333333 0.28683333333333333 0.2255 0.6919999999999998 0.44499999999999995 0.7126666666666667 0.01316666666666667 0.20066666666666674 0.2508333333333333 0.05599999999999999 0.0 0.0016666666666666668 0.0 0.24950000000000006 0.15033333333333332 0.37233333333333335 0.19400000000000003 0.0 0.0 0.003833333333333333 0.0 0.5554999999999999 0.009000000000000001 0.04300000000000001 0.13866666666666663 0.8566666666666666 0.9148333333333335 0.34800000000000003 0.14550000000000007 0.23550000000000004 0.0 0.7999999999999997 0.5846666666666667 0.20833333333333331 0.044 0.8321666666666663 0.34433333333333344 0.3134999999999999 0.3073333333333333 0.13599999999999998 0.015666666666666672 0.15033333333333332 0.15133333333333335 0.22883333333333336 0.15099999999999997 0.9205000000000002 0.922166666666667 0.686 0.6998333333333332 0.7895 0.8500000000000003 
0.15133333333333332 0.009333333333333334 0.6998333333333333 0.8543333333333333 0.6881666666666669 0.7280000000000001 0.7355000000000002 0.8861666666666665 0.8686666666666666 1.0 0.6268333333333332 0.31433333333333335 0.6844999999999999 0.7993333333333333 0.7743333333333333 0.7706666666666667 0.1468333333333333 0.009166666666666667 0.7060000000000001 0.7023333333333336 0.23516666666666663 0.41016666666666673 0.7156666666666668 0.7173333333333335 0.7345 0.7366666666666666 0.5963333333333332 0.5308333333333333 0.2558333333333334 0.2573333333333333 0.6991666666666664 0.7183333333333334 0.17300000000000001 0.07183333333333333 0.7151666666666666 0.7121666666666665 0.4086666666666666 0.3273333333333335 0.2513333333333334 0.26066666666666666 0.3796666666666666 0.3188333333333333 0.632 0.43483333333333335 0.6471666666666666 0.02633333333333333 0.2001666666666667 0.23916666666666667 0.071 0.011666666666666667 0.014833333333333336 0.011166666666666667 0.2333333333333334 0.16849999999999998 0.44183333333333336 0.195 0.010833333333333332 0.011166666666666667 0.014833333333333332 0.011333333333333332 0.5275 0.020499999999999997 0.049666666666666665 0.17816666666666667 0.735166666666667 0.8065000000000001 0.29866666666666675 0.12283333333333339 0.2261666666666667 0.011333333333333332 0.8083333333333332 0.6318333333333335 0.1913333333333333 0.05199999999999999 0.7350000000000001 0.31800000000000006 0.4108333333333334 0.4043333333333333 0.23566666666666658 0.10099999999999999 0.2576666666666666 0.2583333333333333 0.33599999999999997 0.25799999999999995 0.8621666666666666 0.8586666666666666 0.7506666666666666 0.6174999999999999 0.8576666666666669 0.8475000000000001 
0.17216666666666666 0.2345 0.5134999999999998 0.6535 0.5951666666666666 0.7378333333333335 0.5826666666666668 0.6898333333333333 0.6956666666666668 0.6268333333333332 1.0 0.6185000000000003 0.9215000000000003 0.7558333333333335 0.6461666666666666 0.6681666666666666 0.26016666666666666 0.237 0.5069999999999999 0.5028333333333332 0.3095 0.45983333333333326 0.5088333333333334 0.51 0.5446666666666667 0.5298333333333335 0.48366666666666674 0.7008333333333333 0.3545 0.35083333333333333 0.5323333333333333 0.514 0.14950000000000002 0.15066666666666662 0.5364999999999999 0.5335 0.24566666666666673 0.19633333333333333 0.109 0.18583333333333335 0.21933333333333332 0.18100000000000002 0.42300000000000004 0.4335000000000001 0.4571666666666666 0.2275 0.10016666666666665 0.1105 0.1946666666666667 0.23016666666666669 0.21950000000000003 0.23383333333333334 0.12316666666666665 0.16216666666666668 0.14466666666666667 0.11133333333333331 0.23433333333333334 0.233 0.22316666666666662 0.23349999999999999 0.361 0.24483333333333332 0.2813333333333333 0.37349999999999994 0.581 0.7615000000000003 0.14083333333333334 0.11716666666666666 0.1368333333333333 0.233 0.5325000000000001 0.44350000000000006 0.1746666666666666 0.16049999999999998 0.5634999999999999 0.25850000000000006 0.20133333333333336 0.199 0.3368333333333334 0.22583333333333327 0.34883333333333333 0.3500000000000001 0.4261666666666667 0.34883333333333333 0.628 0.6539999999999999 0.4231666666666667 0.41666666666666674 0.5238333333333333 0.6016666666666666 
0.32049999999999995 0.5436666666666666 0.22166666666666676 0.34099999999999997 0.3226666666666667 0.4779999999999999 0.26966666666666667 0.37849999999999995 0.3846666666666667 0.31433333333333335 0.6185000000000003 1.0 0.5663333333333334 0.43199999999999994 0.3374999999999999 0.3528333333333332 0.5938333333333333 0.5805000000000001 0.2210000000000001 0.21933333333333344 0.6076666666666666 0.4881666666666667 0.22183333333333344 0.22216666666666676 0.23083333333333336 0.2260000000000001 0.2688333333333333 0.6155000000000002 0.6961666666666665 0.6775 0.22216666666666676 0.22100000000000009 0.38483333333333336 0.43933333333333335 0.22100000000000006 0.21800000000000008 0.1756666666666667 0.18833333333333335 0.09883333333333337 0.20850000000000005 0.3278333333333333 0.27733333333333327 0.17783333333333334 0.263 0.179 0.39199999999999996 0.10866666666666665 0.087 0.2653333333333333 0.5314999999999999 0.49499999999999994 0.5453333333333333 0.10366666666666671 0.1678333333333333 0.08333333333333334 0.1141666666666667 0.5528333333333334 0.5548333333333333 0.45916666666666667 0.5631666666666666 0.11016666666666666 0.5904999999999998 0.6268333333333332 0.7203333333333333 0.2683333333333333 0.43250000000000005 0.16516666666666663 0.45549999999999985 0.12033333333333333 0.5526666666666666 0.268 0.15733333333333335 0.2663333333333333 0.4298333333333332 0.25350000000000006 0.20916666666666667 0.18816666666666662 0.19133333333333336 0.662 0.5488333333333333 0.6725 0.6766666666666667 0.5779999999999998 0.6651666666666665 0.3425 0.3438333333333333 0.22966666666666669 0.22066666666666673 0.29749999999999993 0.3413333333333333 
0.1455 0.1778333333333334 0.5705000000000002 0.7135000000000001 0.6465000000000001 0.7885000000000001 0.6403333333333332 0.7523333333333333 0.7566666666666667 0.6844999999999999 0.9215000000000003 0.5663333333333334 1.0 0.7980000000000002 0.7061666666666667 0.7301666666666669 0.23233333333333328 0.17866666666666675 0.5633333333333332 0.5588333333333335 0.2854999999999999 0.46666666666666673 0.5651666666666667 0.5671666666666667 0.6038333333333333 0.5871666666666668 0.5325 0.7360000000000001 0.3278333333333333 0.32549999999999996 0.5885 0.5711666666666666 0.10333333333333332 0.09633333333333334 0.5898333333333334 0.587166666666667 0.26283333333333325 0.2064999999999999 0.12100000000000005 0.19033333333333335 0.22983333333333333 0.18800000000000006 0.47283333333333344 0.46583333333333343 0.5011666666666665 0.183 0.08016666666666666 0.09216666666666665 0.16583333333333336 0.1738333333333334 0.17433333333333337 0.1756666666666667 0.10399999999999998 0.14316666666666664 0.15933333333333333 0.08833333333333332 0.17666666666666672 0.17600000000000002 0.17650000000000002 0.17583333333333337 0.349 0.185 0.22249999999999998 0.3153333333333332 0.6378333333333334 0.8036666666666669 0.12866666666666668 0.05899999999999998 0.12783333333333333 0.17583333333333337 0.589 0.4809999999999999 0.16950000000000004 0.1115 0.6180000000000002 0.25583333333333336 0.2131666666666667 0.20800000000000007 0.31133333333333335 0.19700000000000006 0.3236666666666666 0.32483333333333336 0.4026666666666667 0.3239999999999999 0.6883333333333332 0.7135000000000001 0.46866666666666673 0.4670000000000001 0.5701666666666666 0.6461666666666666 
0.158 0.031166666666666665 0.7240000000000001 0.8655000000000003 0.7036666666666668 0.7450000000000001 0.7928333333333333 0.9003333333333333 0.9065000000000002 0.7993333333333333 0.7558333333333335 0.43199999999999994 0.7980000000000002 1.0 0.7555 0.7886666666666663 0.08449999999999998 0.032 0.7148333333333333 0.7106666666666667 0.15233333333333332 0.3185 0.7190000000000002 0.7193333333333334 0.716 0.7208333333333333 0.5691666666666667 0.611 0.17933333333333337 0.17733333333333334 0.7133333333333333 0.7226666666666668 0.22983333333333333 0.1328333333333333 0.7438333333333333 0.7404999999999999 0.2753333333333333 0.20616666666666666 0.13633333333333333 0.1708333333333333 0.26383333333333336 0.204 0.6240000000000001 0.4061666666666665 0.649666666666667 0.03516666666666666 0.1386666666666666 0.18583333333333332 0.04333333333333334 0.02983333333333333 0.024333333333333335 0.03133333333333333 0.18516666666666665 0.098 0.30549999999999994 0.1363333333333333 0.03183333333333333 0.03133333333333333 0.028999999999999998 0.031166666666666665 0.5004999999999998 0.04083333333333334 0.0755 0.1693333333333333 0.7908333333333332 0.9543333333333335 0.28066666666666673 0.16750000000000007 0.17049999999999993 0.0315 0.7275 0.5251666666666666 0.20349999999999993 0.08650000000000002 0.7715000000000001 0.30566666666666675 0.2591666666666667 0.2565000000000001 0.16333333333333333 0.05016666666666667 0.17533333333333334 0.177 0.2533333333333333 0.17550000000000002 0.8415 0.8644999999999997 0.6146666666666667 0.6208333333333333 0.7166666666666669 0.7880000000000001 
0.19216666666666662 0.002 0.7234999999999998 0.8284999999999999 0.6498333333333335 0.6981666666666666 0.7034999999999999 0.8210000000000001 0.8173333333333335 0.7743333333333333 0.6461666666666666 0.3374999999999999 0.7061666666666667 0.7555 1.0 0.9033333333333334 0.062333333333333324 0.0023333333333333335 0.7436666666666665 0.7403333333333332 0.18183333333333337 0.3201666666666667 0.7473333333333336 0.7488333333333328 0.688 0.6934999999999999 0.6018333333333334 0.5513333333333335 0.16983333333333334 0.171 0.7709999999999998 0.7511666666666663 0.11216666666666661 0.13050000000000003 0.6961666666666665 0.6906666666666668 0.4599999999999999 0.37950000000000017 0.3048333333333334 0.31499999999999995 0.4328333333333332 0.37300000000000005 0.6198333333333335 0.44683333333333336 0.5858333333333333 0.016500000000000004 0.1696666666666667 0.1925 0.07766666666666666 0.0013333333333333333 0.0036666666666666666 0.0011666666666666668 0.1993333333333333 0.14966666666666664 0.3171666666666666 0.15649999999999997 0.0011666666666666668 0.0013333333333333333 0.01566666666666667 0.001 0.42933333333333323 0.01 0.0425 0.14883333333333332 0.7026666666666667 0.741 0.24133333333333337 0.042666666666666665 0.20583333333333326 0.001 0.8011666666666666 0.7415000000000002 0.30399999999999994 0.1371666666666667 0.7371666666666666 0.4378333333333333 0.42866666666666675 0.42583333333333334 0.14933333333333335 0.027666666666666676 0.17233333333333334 0.17099999999999999 0.2525 0.1731666666666667 0.8725000000000002 0.837166666666667 0.637 0.6501666666666666 0.7339999999999999 0.7451666666666666 
0.1763333333333333 0.013499999999999998 0.6623333333333334 0.7884999999999998 0.6128333333333331 0.6820000000000002 0.6608333333333332 0.7954999999999999 0.7861666666666666 0.7706666666666667 0.6681666666666666 0.3528333333333332 0.7301666666666669 0.7886666666666663 0.9033333333333334 1.0 0.09133333333333332 0.014000000000000002 0.6801666666666668 0.6765000000000002 0.20983333333333332 0.3513333333333334 0.684666666666667 0.6878333333333333 0.6461666666666669 0.652666666666667 0.5630000000000002 0.5623333333333334 0.19933333333333336 0.2008333333333333 0.7173333333333332 0.6908333333333333 0.12716666666666668 0.13849999999999996 0.6453333333333334 0.6409999999999999 0.44249999999999995 0.37516666666666665 0.2988333333333334 0.3324999999999999 0.4256666666666666 0.3721666666666667 0.5746666666666668 0.4163333333333333 0.5531666666666666 0.030333333333333334 0.12583333333333335 0.14950000000000002 0.06249999999999998 0.012333333333333332 0.014333333333333332 0.012333333333333332 0.15433333333333332 0.11233333333333331 0.2955 0.11550000000000002 0.012833333333333332 0.012833333333333332 0.022666666666666672 0.012499999999999997 0.40133333333333326 0.021666666666666664 0.05400000000000001 0.17116666666666666 0.658333333333333 0.758833333333333 0.19683333333333322 0.05533333333333333 0.16083333333333336 0.012666666666666666 0.7685000000000001 0.6859999999999999 0.29066666666666663 0.1456666666666667 0.6861666666666666 0.38016666666666665 0.4136666666666666 0.41166666666666657 0.1786666666666667 0.051833333333333315 0.2021666666666666 0.2008333333333333 0.2820000000000001 0.20299999999999996 0.8201666666666664 0.8071666666666666 0.6149999999999998 0.5930000000000002 0.7103333333333332 0.7316666666666666 
0.41616666666666646 0.6483333333333333 0.006833333333333334 0.03666666666666667 0.06433333333333333 0.1591666666666667 0.024666666666666663 0.06299999999999997 0.05216666666666665 0.1468333333333333 0.26016666666666666 0.5938333333333333 0.23233333333333328 0.08449999999999998 0.062333333333333324 0.09133333333333332 1.0 0.6905 0.007666666666666667 0.007833333333333333 0.8008333333333333 0.6023333333333333 0.0085 0.008666666666666666 0.025666666666666667 0.016166666666666666 0.07283333333333332 0.31900000000000006 0.8694999999999999 0.8651666666666668 0.008333333333333333 0.008833333333333334 0.4725 0.4808333333333332 0.014666666666666668 0.04450000000000001 0.33649999999999997 0.3506666666666666 0.3598333333333334 0.39799999999999996 0.4741666666666668 0.45533333333333337 0.11250000000000003 0.23099999999999998 0.11616666666666667 0.49016666666666675 0.20616666666666664 0.17933333333333334 0.3628333333333332 0.6286666666666668 0.5934999999999999 0.6435 0.20250000000000004 0.26850000000000007 0.3993333333333334 0.21166666666666673 0.654666666666667 0.6579999999999999 0.5576666666666668 0.6678333333333335 0.1246666666666667 0.6675000000000001 0.6435 0.6625000000000001 0.024333333333333332 0.08650000000000001 0.15983333333333333 0.5145000000000001 0.22933333333333342 0.6575000000000002 0.085 0.1365 0.32683333333333336 0.5581666666666666 0.01216666666666667 0.22150000000000003 0.31816666666666665 0.3148333333333333 0.8773333333333333 0.9258333333333332 0.8605000000000002 0.8656666666666669 0.748 0.8431666666666666 0.064 0.0585 0.14066666666666663 0.008833333333333334 0.1481666666666666 0.1015 
0.7215 0.9525 0.002833333333333333 0.0 0.048999999999999995 0.10316666666666667 0.013333333333333334 0.0 0.0 0.009166666666666667 0.237 0.5805000000000001 0.17866666666666675 0.032 0.0023333333333333335 0.014000000000000002 0.6905 1.0 0.0006666666666666666 0.0 0.4985 0.343 0.0 0.0 0.019666666666666673 0.005333333333333333 0.06066666666666667 0.25549999999999995 0.5905 0.5633333333333332 0.0 0.0 0.7736666666666668 0.7645000000000002 0.013500000000000002 0.0825 0.038833333333333345 0.050666666666666645 0.06366666666666666 0.0958333333333333 0.22716666666666668 0.15966666666666668 0.22916666666666669 0.38100000000000006 0.24333333333333332 0.7961666666666665 0.5123333333333333 0.4850000000000001 0.6696666666666666 0.9351666666666667 0.8999999999999997 0.949666666666667 0.5078333333333334 0.5743333333333333 0.121 0.5173333333333333 0.9608333333333338 0.9631666666666671 0.8643333333333332 0.9725000000000001 0.4111666666666666 0.9705000000000004 0.9413333333333332 0.815 0.013499999999999998 0.03483333333333334 0.42083333333333334 0.8156666666666671 0.5176666666666668 0.9623333333333336 0.0 0.004666666666666666 0.4923333333333333 0.8048333333333336 0.0045 0.3068333333333333 0.07616666666666663 0.08316666666666665 0.575 0.7273333333333335 0.5555 0.5624999999999999 0.44666666666666677 0.5383333333333334 0.0 0.004666666666666667 0.0 0.0008333333333333333 0.0 0.004 
0.17116666666666666 0.0006666666666666666 0.9521666666666668 0.8345000000000001 0.7445 0.5961666666666666 0.8634999999999999 0.7851666666666666 0.7889999999999998 0.7060000000000001 0.5069999999999999 0.2210000000000001 0.5633333333333332 0.7148333333333333 0.7436666666666665 0.6801666666666668 0.007666666666666667 0.0006666666666666666 1.0 0.9833333333333336 0.049833333333333334 0.218 0.9783333333333336 0.9783333333333337 0.911666666666667 0.9146666666666668 0.7796666666666667 0.43083333333333335 0.018500000000000003 0.020833333333333336 0.9226666666666667 0.9750000000000003 0.1945 0.12183333333333335 0.9113333333333334 0.8456666666666665 0.22049999999999997 0.1403333333333334 0.18016666666666667 0.1185 0.19216666666666668 0.136 0.7220000000000002 0.4696666666666667 0.6866666666666669 0.01766666666666667 0.23183333333333336 0.2748333333333334 0.08 0.0008333333333333333 0.0026666666666666666 0.0006666666666666666 0.27233333333333326 0.17216666666666666 0.3615 0.21950000000000003 0.0006666666666666666 0.0006666666666666666 0.0155 0.0006666666666666666 0.5293333333333333 0.011666666666666669 0.007333333333333333 0.0085 0.8651666666666665 0.7201666666666666 0.3803333333333333 0.14833333333333337 0.26166666666666666 0.0006666666666666666 0.8109999999999998 0.7211666666666666 0.2656666666666667 0.04833333333333333 0.8936666666666668 0.46750000000000014 0.21600000000000003 0.21116666666666667 0.016166666666666666 0.004333333333333333 0.023166666666666665 0.021 0.10099999999999998 0.023333333333333338 0.8263333333333338 0.8071666666666664 0.7256666666666668 0.8871666666666667 0.6859999999999999 0.6963333333333331 
0.16899999999999998 0.0 0.9516666666666665 0.8293333333333335 0.7428333333333333 0.5925 0.8610000000000002 0.7798333333333334 0.7838333333333334 0.7023333333333336 0.5028333333333332 0.21933333333333344 0.5588333333333335 0.7106666666666667 0.7403333333333332 0.6765000000000002 0.007833333333333333 0.0 0.9833333333333336 1.0 0.048 0.21616666666666667 0.9776666666666671 0.9768333333333338 0.9095000000000004 0.9130000000000003 0.7805 0.42833333333333323 0.017 0.019000000000000003 0.9181666666666669 0.9730000000000004 0.1928333333333333 0.12183333333333338 0.9095 0.8424999999999998 0.22116666666666668 0.14150000000000001 0.1828333333333333 0.11983333333333332 0.193 0.13716666666666666 0.7211666666666671 0.4725 0.6840000000000002 0.017833333333333336 0.23366666666666666 0.2776666666666666 0.08216666666666665 0.0003333333333333333 0.0025 0.0 0.2743333333333333 0.174 0.36416666666666664 0.2216666666666666 0.0 0.0 0.0165 0.0 0.5253333333333334 0.011166666666666668 0.006333333333333333 0.0075 0.8616666666666667 0.7161666666666666 0.3808333333333333 0.14800000000000005 0.26366666666666666 0.0 0.8133333333333331 0.7215 0.26416666666666655 0.046833333333333324 0.8913333333333331 0.4651666666666667 0.21683333333333327 0.21200000000000008 0.014499999999999999 0.004666666666666667 0.021333333333333336 0.019333333333333334 0.09916666666666664 0.021500000000000005 0.821666666666667 0.8035000000000001 0.7283333333333333 0.8898333333333334 0.6866666666666668 0.6936666666666664 
0.23216666666666674 0.4586666666666666 0.022000000000000006 0.11833333333333336 0.05033333333333334 0.19516666666666665 0.0195 0.14783333333333332 0.12816666666666668 0.23516666666666663 0.3095 0.6076666666666666 0.2854999999999999 0.15233333333333332 0.18183333333333337 0.20983333333333332 0.8008333333333333 0.4985 0.049833333333333334 0.048 1.0 0.6998333333333333 0.05533333333333333 0.0565 0.05533333333333333 0.064 0.09633333333333337 0.36433333333333345 0.8743333333333335 0.9058333333333333 0.059666666666666666 0.057 0.32616666666666666 0.3853333333333333 0.01216666666666667 0.0055000000000000005 0.5049999999999999 0.5213333333333332 0.45599999999999985 0.5865 0.5728333333333335 0.593 0.0023333333333333335 0.08133333333333333 0.006833333333333334 0.30266666666666664 0.037333333333333336 0.022333333333333337 0.17750000000000005 0.44133333333333324 0.40649999999999986 0.4553333333333333 0.027999999999999997 0.08316666666666667 0.3511666666666667 0.035666666666666666 0.46483333333333327 0.4690000000000001 0.36966666666666675 0.4781666666666667 0.012 0.48750000000000004 0.5078333333333336 0.6413333333333334 0.018166666666666668 0.153 0.0795 0.39699999999999996 0.044833333333333336 0.4668333333333334 0.18866666666666665 0.23233333333333323 0.2821666666666666 0.42933333333333334 0.02733333333333333 0.23350000000000004 0.4241666666666667 0.41850000000000004 0.8869999999999999 0.7661666666666668 0.9129999999999999 0.9039999999999999 0.8326666666666668 0.9205000000000001 0.15250000000000002 0.14483333333333337 0.21583333333333335 0.05550000000000001 0.23849999999999988 0.18983333333333327 
0.1358333333333333 0.33 0.1918333333333333 0.28850000000000003 0.2889999999999999 0.44616666666666666 0.19033333333333333 0.319 0.2995 0.41016666666666673 0.45983333333333326 0.4881666666666667 0.46666666666666673 0.3185 0.3201666666666667 0.3513333333333334 0.6023333333333333 0.343 0.218 0.21616666666666667 0.6998333333333333 1.0 0.22416666666666665 0.2248333333333333 0.23500000000000007 0.24599999999999997 0.3368333333333334 0.6293333333333335 0.6763333333333332 0.7056666666666667 0.22633333333333333 0.22566666666666663 0.14916666666666667 0.188 0.18100000000000002 0.17516666666666666 0.44083333333333335 0.4828333333333332 0.40900000000000003 0.5343333333333332 0.37250000000000005 0.44516666666666665 0.15733333333333335 0.2958333333333334 0.1353333333333333 0.3321666666666668 0.11433333333333334 0.10833333333333335 0.24549999999999997 0.33866666666666667 0.35300000000000004 0.33166666666666667 0.12233333333333335 0.18100000000000005 0.40083333333333326 0.12749999999999995 0.3328333333333333 0.3356666666666667 0.3108333333333333 0.3381666666666667 0.1285 0.34333333333333343 0.3565 0.4908333333333333 0.1885 0.3176666666666667 0.060666666666666674 0.2005 0.12733333333333335 0.33333333333333337 0.36133333333333334 0.3116666666666666 0.0825 0.21900000000000006 0.1963333333333333 0.12516666666666665 0.3924999999999999 0.38050000000000006 0.6866666666666665 0.5703333333333332 0.7111666666666665 0.7046666666666667 0.794 0.7240000000000001 0.32449999999999996 0.3146666666666667 0.4118333333333334 0.2493333333333333 0.44066666666666654 0.40016666666666667 
0.16849999999999998 0.0 0.9490000000000003 0.840166666666667 0.7454999999999999 0.6008333333333332 0.8624999999999998 0.7911666666666666 0.7953333333333333 0.7156666666666668 0.5088333333333334 0.22183333333333344 0.5651666666666667 0.7190000000000002 0.7473333333333336 0.684666666666667 0.0085 0.0 0.9783333333333336 0.9776666666666671 0.05533333333333333 0.22416666666666665 1.0 0.9835000000000004 0.9165000000000005 0.9220000000000003 0.7863333333333336 0.4348333333333333 0.024 0.026333333333333334 0.9251666666666667 0.9775000000000005 0.1928333333333333 0.11633333333333336 0.9091666666666667 0.8424999999999998 0.22233333333333336 0.1416666666666667 0.1811666666666667 0.12033333333333332 0.19583333333333336 0.1378333333333333 0.7195 0.4689999999999999 0.6870000000000003 0.016000000000000004 0.23 0.27516666666666656 0.07816666666666666 0.0003333333333333333 0.002 0.0 0.2705 0.17100000000000004 0.36533333333333323 0.21866666666666668 0.0 0.0 0.014333333333333335 0.0 0.5308333333333333 0.010666666666666668 0.007166666666666667 0.009500000000000001 0.8640000000000002 0.7234999999999999 0.3771666666666666 0.14866666666666672 0.2605 0.0 0.8176666666666668 0.7240000000000001 0.25983333333333336 0.044833333333333336 0.8895000000000002 0.4616666666666667 0.21933333333333332 0.21366666666666667 0.0215 0.004333333333333333 0.028666666666666667 0.0265 0.10666666666666667 0.02883333333333333 0.8346666666666671 0.8161666666666666 0.7311666666666667 0.8898333333333334 0.6920000000000001 0.7036666666666666 
0.16916666666666663 0.0 0.9483333333333333 0.8450000000000002 0.7449999999999999 0.6023333333333332 0.8623333333333334 0.7946666666666665 0.7978333333333333 0.7173333333333335 0.51 0.22216666666666676 0.5671666666666667 0.7193333333333334 0.7488333333333328 0.6878333333333333 0.008666666666666666 0.0 0.9783333333333337 0.9768333333333338 0.0565 0.2248333333333333 0.9835000000000004 1.0 0.9175000000000003 0.924666666666667 0.7855000000000001 0.4368333333333332 0.025500000000000002 0.027666666666666676 0.9296666666666669 0.9803333333333338 0.19349999999999995 0.11750000000000002 0.9081666666666667 0.8430000000000001 0.2238333333333333 0.14283333333333337 0.18166666666666673 0.1208333333333333 0.1966666666666668 0.13933333333333334 0.7193333333333334 0.4673333333333332 0.6885000000000002 0.01616666666666667 0.22883333333333325 0.27349999999999997 0.07766666666666668 0.00016666666666666666 0.0016666666666666666 0.0 0.27083333333333337 0.17000000000000004 0.36566666666666664 0.21700000000000003 0.0 0.0 0.014000000000000002 0.0 0.5323333333333332 0.011000000000000001 0.006833333333333334 0.0105 0.8638333333333335 0.7246666666666663 0.3776666666666666 0.14833333333333337 0.25883333333333336 0.0 0.8184999999999998 0.7248333333333334 0.2596666666666666 0.04633333333333334 0.8890000000000002 0.46266666666666667 0.22033333333333333 0.21533333333333338 0.023 0.0045 0.03 0.027833333333333335 0.10766666666666666 0.03016666666666667 0.835166666666667 0.818 0.7326666666666668 0.8895000000000001 0.6935000000000001 0.7061666666666665 
0.14883333333333337 0.019833333333333338 0.9016666666666668 0.8201666666666669 0.8081666666666665 0.6616666666666666 0.8588333333333331 0.7775000000000003 0.7883333333333334 0.7345 0.5446666666666667 0.23083333333333336 0.6038333333333333 0.716 0.688 0.6461666666666669 0.025666666666666667 0.019666666666666673 0.911666666666667 0.9095000000000004 0.05533333333333333 0.23500000000000007 0.9165000000000005 0.9175000000000003 1.0 0.9516666666666667 0.8134999999999998 0.47583333333333316 0.03133333333333333 0.032833333333333325 0.8961666666666669 0.915 0.17299999999999996 0.10083333333333336 0.9063333333333332 0.8383333333333333 0.1796666666666667 0.10716666666666669 0.146 0.0815 0.14283333333333328 0.09700000000000004 0.6658333333333333 0.4776666666666666 0.6978333333333336 0.044333333333333336 0.21733333333333338 0.2571666666666667 0.0895 0.021666666666666674 0.028999999999999998 0.02083333333333334 0.24799999999999997 0.18516666666666665 0.3171666666666667 0.21083333333333343 0.020500000000000004 0.021000000000000005 0.028666666666666677 0.021000000000000005 0.5283333333333333 0.03183333333333333 0.021166666666666667 0.02066666666666667 0.8591666666666664 0.7269999999999998 0.3675 0.13350000000000006 0.23750000000000004 0.022000000000000006 0.7493333333333335 0.6588333333333335 0.24366666666666675 0.04533333333333333 0.8623333333333334 0.45016666666666666 0.17933333333333334 0.17366666666666666 0.03016666666666667 0.023500000000000007 0.03433333333333333 0.03266666666666666 0.11233333333333331 0.034666666666666665 0.7756666666666666 0.7973333333333333 0.6703333333333332 0.835 0.6371666666666667 0.6996666666666669 
