1.0 0.9943333333333335 0.004833333333333333 0.0 0.0003333333333333333 0.0 0.0 0.0 0.0 0.0003333333333333333 0.20800000000000002 0.5040000000000001 0.013833333333333333 0.19749999999999995 0.003 0.008666666666666666 0.4213333333333334 0.8316666666666666 0.05499999999999997 0.2586666666666667 0.026000000000000002 0.06316666666666665 0.020000000000000014 0.004166666666666667 0.005 0.0015 0.005833333333333333 0.006166666666666667 0.149 0.3103333333333333 0.0 0.006166666666666668 0.014333333333333333 0.027999999999999997 0.09083333333333336 0.006833333333333334 0.688 0.6553333333333333 0.3346666666666668 0.9210000000000003 0.30833333333333335 0.6523333333333333 0.8656666666666668 0.9934999999999999 0.7738333333333333 0.7956666666666666 0.9936666666666669 0.9933333333333336 0.9934999999999999 0.9920000000000002 0.8286666666666668 0.7835000000000001 0.9928333333333336 0.9933333333333336 0.9933333333333334 0.991666666666667 0.9880000000000001 0.9923333333333335 0.9821666666666671 0.9938333333333336 0.2551666666666666 0.23416666666666663 0.26 0.29416666666666674 0.0006666666666666666 0.0 0.026000000000000006 0.006 0.960166666666667 0.7466666666666666 0.006 0.021333333333333336 0.2395 0.37749999999999995 0.14283333333333337 0.15100000000000002 0.004166666666666667 0.06166666666666669 0.9111666666666665 0.9051666666666666 0.8226666666666671 0.8886666666666667 0.001 0.44933333333333314 0.8128333333333331 0.8141666666666666 0.6338333333333334 0.8028333333333332 0.7013333333333334 0.8226666666666668 
0.9943333333333335 1.0 0.005500000000000001 0.00016666666666666666 0.0008333333333333334 0.0 0.0 0.0 0.0 0.0006666666666666666 0.2071666666666667 0.5041666666666668 0.013999999999999999 0.1975 0.002833333333333333 0.008833333333333334 0.42150000000000004 0.8321666666666667 0.05666666666666664 0.2608333333333334 0.02666666666666667 0.06399999999999997 0.020500000000000015 0.004666666666666666 0.005666666666666668 0.0015000000000000002 0.006333333333333334 0.006666666666666666 0.1495 0.3108333333333333 0.0 0.006833333333333334 0.014500000000000002 0.02816666666666667 0.0915 0.007333333333333333 0.6893333333333334 0.657 0.3356666666666667 0.9210000000000003 0.30883333333333335 0.6503333333333333 0.8665 0.9945000000000002 0.7738333333333333 0.7963333333333332 0.992666666666667 0.9933333333333336 0.9928333333333335 0.9923333333333336 0.8298333333333333 0.7838333333333334 0.9941666666666669 0.9940000000000003 0.9923333333333333 0.9926666666666669 0.9888333333333335 0.9913333333333337 0.9825000000000004 0.9931666666666669 0.25449999999999995 0.23333333333333328 0.2608333333333334 0.2950000000000001 0.0 0.0 0.026500000000000003 0.0065000000000000014 0.9613333333333336 0.7478333333333331 0.006666666666666666 0.022000000000000002 0.24000000000000005 0.3765 0.14366666666666672 0.15083333333333335 0.004666666666666666 0.061666666666666675 0.9116666666666666 0.9056666666666666 0.8236666666666672 0.8895000000000002 0.0003333333333333333 0.45 0.8131666666666665 0.8141666666666666 0.6338333333333334 0.8024999999999998 0.704 0.8240000000000001 
0.004833333333333333 0.005500000000000001 1.0 0.9701666666666666 0.9723333333333335 0.8996666666666668 0.8578333333333333 0.7871666666666663 0.7775 0.7069999999999997 0.07899999999999999 0.0045 0.3361666666666666 0.0575 0.4943333333333333 0.4226666666666666 0.0075 0.00016666666666666666 0.8324999999999999 0.6401666666666667 0.7063333333333336 0.7446666666666667 0.9793333333333338 0.9956666666666669 0.9940000000000002 0.9901666666666668 0.9933333333333334 0.9938333333333336 0.3951666666666667 0.12083333333333332 0.8261666666666667 0.7303333333333327 0.4736666666666667 0.4156666666666666 0.9098333333333334 0.9943333333333336 0.16849999999999998 0.22650000000000003 0.4055 0.0018333333333333335 0.14049999999999996 0.017666666666666667 0.1336666666666667 0.005666666666666668 0.22383333333333325 0.20216666666666658 0.006000000000000001 0.005666666666666668 0.005833333333333334 0.006333333333333334 0.17183333333333334 0.1971666666666667 0.006166666666666668 0.006333333333333334 0.006166666666666668 0.006000000000000001 0.004166666666666667 0.003833333333333333 0.016 0.005833333333333334 0.05916666666666666 0.02416666666666666 0.010666666666666668 0.010333333333333335 0.5648333333333332 0.8330000000000004 0.9720000000000003 0.9893333333333336 0.005500000000000001 0.21099999999999997 0.7781666666666667 0.7333333333333333 0.3728333333333333 0.16633333333333336 0.6569999999999999 0.47916666666666663 0.9891666666666669 0.9121666666666667 0.0036666666666666666 0.0038333333333333336 0.0008333333333333333 0.0018333333333333335 0.5314999999999999 0.03016666666666667 0.1851666666666667 0.1825 0.3611666666666667 0.19566666666666666 0.16216666666666668 0.17616666666666664 
0.0 0.00016666666666666666 0.9701666666666666 1.0 0.9821666666666666 0.9231666666666668 0.8798333333333335 0.8106666666666668 0.8003333333333335 0.7326666666666662 0.10249999999999998 0.015000000000000003 0.35983333333333334 0.08066666666666668 0.5169999999999999 0.446 0.029500000000000002 0.0045 0.8248333333333331 0.6235 0.7284999999999999 0.7316666666666666 0.9545000000000001 0.9708333333333335 0.9695 0.9746666666666668 0.9675 0.9680000000000001 0.4176666666666668 0.1433333333333333 0.8490000000000003 0.7543333333333331 0.49599999999999994 0.43866666666666654 0.8859999999999998 0.9678333333333333 0.16799999999999998 0.2255 0.40616666666666673 0.0011666666666666668 0.16299999999999992 0.02666666666666666 0.12700000000000003 0.00016666666666666666 0.21716666666666665 0.19733333333333325 0.00016666666666666666 0.0 0.00016666666666666666 0.0006666666666666666 0.16516666666666666 0.19316666666666665 0.0005 0.0005 0.0005 0.0003333333333333333 0.00016666666666666666 0.0 0.010666666666666666 0.0003333333333333333 0.07616666666666665 0.04683333333333334 0.0335 0.032999999999999995 0.5856666666666668 0.8556666666666668 0.9525 0.9735000000000004 0.0 0.19933333333333333 0.8005000000000002 0.754 0.39416666666666683 0.1886666666666666 0.6793333333333333 0.5003333333333335 0.9656666666666669 0.8874999999999998 0.00016666666666666666 0.0 0.0024999999999999996 0.0015000000000000002 0.5536666666666666 0.041833333333333333 0.1785 0.1768333333333333 0.35483333333333333 0.18933333333333327 0.15766666666666668 0.17 
0.0003333333333333333 0.0008333333333333334 0.9723333333333335 0.9821666666666666 1.0 0.9211666666666667 0.8798333333333332 0.8096666666666669 0.8009999999999999 0.731333333333333 0.10100000000000002 0.016666666666666673 0.35849999999999993 0.07899999999999999 0.5161666666666667 0.4444999999999999 0.029333333333333333 0.004833333333333333 0.827333333333333 0.6238333333333332 0.7288333333333336 0.7304999999999999 0.956833333333334 0.9728333333333335 0.9710000000000002 0.9763333333333337 0.970166666666667 0.9703333333333336 0.4176666666666668 0.1428333333333333 0.8483333333333334 0.7526666666666668 0.49516666666666675 0.43699999999999994 0.8878333333333329 0.9700000000000003 0.16616666666666663 0.22466666666666668 0.4033333333333334 0.001 0.1623333333333333 0.02583333333333333 0.12900000000000003 0.0008333333333333334 0.21766666666666665 0.1971666666666666 0.0008333333333333334 0.0006666666666666666 0.0008333333333333334 0.0013333333333333335 0.1665 0.19166666666666668 0.001 0.001 0.001 0.001 0.0003333333333333333 0.00016666666666666666 0.011333333333333332 0.001 0.07416666666666666 0.04516666666666667 0.03200000000000001 0.0315 0.5861666666666667 0.8543333333333334 0.9540000000000001 0.974166666666667 0.0006666666666666666 0.19699999999999998 0.8005000000000002 0.7549999999999997 0.39400000000000013 0.18816666666666662 0.6793333333333336 0.5001666666666666 0.9655000000000002 0.8879999999999997 0.00016666666666666666 0.00016666666666666666 0.0021666666666666666 0.0015 0.5531666666666666 0.03883333333333333 0.18033333333333335 0.17783333333333332 0.3555 0.19049999999999995 0.159 0.17199999999999996 
0.0 0.0 0.8996666666666668 0.9231666666666668 0.9211666666666667 1.0 0.9109999999999999 0.8811666666666667 0.8351666666666665 0.8015000000000001 0.17283333333333334 0.08199999999999999 0.43149999999999994 0.1525 0.5898333333333334 0.5195000000000001 0.08366666666666667 0.008666666666666668 0.7708333333333333 0.5855000000000001 0.7453333333333332 0.671 0.8838333333333336 0.8985000000000002 0.8981666666666669 0.9053333333333335 0.8981666666666669 0.8975 0.4728333333333333 0.19783333333333342 0.8918333333333334 0.8254999999999998 0.5691666666666666 0.5115 0.8241666666666667 0.8963333333333335 0.16383333333333336 0.2155 0.40016666666666656 0.0015000000000000002 0.21483333333333335 0.06483333333333331 0.11000000000000004 0.0 0.1973333333333333 0.17766666666666667 0.0 0.0 0.0 0.0006666666666666666 0.14666666666666667 0.19799999999999998 0.0 0.0 0.0 0.0 0.0 0.0 0.006000000000000001 0.0 0.1468333333333334 0.11900000000000001 0.10416666666666664 0.10366666666666666 0.6225 0.8908333333333333 0.8835000000000002 0.9021666666666668 0.0 0.1808333333333334 0.8398333333333332 0.7934999999999998 0.44683333333333325 0.24233333333333323 0.7309999999999998 0.5538333333333335 0.9020000000000001 0.8471666666666667 0.0003333333333333333 0.0005 0.0031666666666666666 0.0018333333333333335 0.6181666666666666 0.08783333333333332 0.16016666666666665 0.1621666666666667 0.3335000000000001 0.16950000000000007 0.14066666666666666 0.1515 
0.0 0.0 0.8578333333333333 0.8798333333333335 0.8798333333333332 0.9109999999999999 1.0 0.9174999999999999 0.9035000000000001 0.8401666666666665 0.2156666666666667 0.12149999999999997 0.4736666666666667 0.19416666666666665 0.6281666666666667 0.5591666666666664 0.14300000000000002 0.014000000000000007 0.7168333333333335 0.5606666666666665 0.7698333333333334 0.6226666666666667 0.841666666666667 0.857 0.8569999999999999 0.8633333333333333 0.8551666666666666 0.8554999999999999 0.5311666666666668 0.25666666666666665 0.9538333333333339 0.857833333333333 0.6078333333333336 0.5504999999999999 0.7896666666666667 0.8555000000000001 0.15799999999999997 0.20183333333333336 0.4241666666666668 0.003 0.2735000000000001 0.11200000000000002 0.12733333333333335 0.0 0.21599999999999997 0.1961666666666666 0.0 0.0 0.0 0.0003333333333333333 0.16516666666666668 0.19149999999999998 0.0 0.0 0.0 0.0 0.00016666666666666666 0.0 0.0105 0.0 0.1893333333333333 0.16083333333333336 0.1471666666666667 0.14633333333333337 0.6993333333333333 0.9565 0.8426666666666668 0.8621666666666665 0.00016666666666666666 0.1661666666666667 0.8816666666666667 0.8416666666666666 0.5054999999999998 0.30066666666666664 0.7804999999999996 0.6103333333333333 0.8531666666666667 0.7740000000000004 0.001 0.0016666666666666668 0.007333333333333335 0.0026666666666666666 0.6651666666666665 0.14299999999999996 0.17866666666666667 0.17633333333333334 0.34733333333333327 0.1883333333333333 0.15883333333333335 0.17 
0.0 0.0 0.7871666666666663 0.8106666666666668 0.8096666666666669 0.8811666666666667 0.9174999999999999 1.0 0.9033333333333331 0.8939999999999998 0.28400000000000003 0.18766666666666665 0.5435 0.26599999999999996 0.6956666666666668 0.6308333333333332 0.18900000000000003 0.025333333333333322 0.6651666666666667 0.5345000000000002 0.7216666666666666 0.5625 0.7709999999999998 0.7861666666666665 0.7859999999999999 0.7919999999999999 0.7849999999999998 0.7839999999999998 0.5775000000000001 0.303 0.9393333333333332 0.8903333333333332 0.6793333333333333 0.6216666666666666 0.7228333333333333 0.7844999999999999 0.14483333333333331 0.184 0.4173333333333332 0.0045 0.31733333333333336 0.14999999999999997 0.10283333333333329 0.0 0.19049999999999997 0.17083333333333336 0.0 0.0 0.0 0.0006666666666666666 0.13966666666666666 0.19500000000000006 0.0 0.0 0.0 0.0 0.0003333333333333333 0.0 0.004833333333333333 0.0 0.25766666666666665 0.23233333333333323 0.21599999999999997 0.21549999999999997 0.7189999999999998 0.9363333333333332 0.7746666666666665 0.7903333333333333 0.0 0.15949999999999998 0.8413333333333337 0.8003333333333333 0.5491666666666667 0.3456666666666667 0.7748333333333334 0.6493333333333333 0.7901666666666665 0.7406666666666665 0.0016666666666666668 0.0023333333333333335 0.012333333333333333 0.004833333333333333 0.7173333333333334 0.1865 0.15316666666666667 0.15533333333333332 0.32233333333333336 0.16266666666666668 0.13449999999999995 0.1443333333333333 
0.0 0.0 0.7775 0.8003333333333335 0.8009999999999999 0.8351666666666665 0.9035000000000001 0.9033333333333331 1.0 0.9079999999999998 0.29650000000000004 0.19599999999999998 0.555 0.27483333333333343 0.7086666666666664 0.6416666666666666 0.22366666666666668 0.054166666666666655 0.6394999999999997 0.5016666666666668 0.7011666666666667 0.5418333333333335 0.7758333333333334 0.7765000000000001 0.7773333333333333 0.7823333333333333 0.7756666666666666 0.7753333333333334 0.6108333333333336 0.32949999999999996 0.9163333333333331 0.8263333333333337 0.6416666666666666 0.5538333333333331 0.7461666666666666 0.7748333333333335 0.1471666666666667 0.1881666666666666 0.4328333333333333 0.004333333333333333 0.3483333333333333 0.13833333333333334 0.12733333333333335 0.0 0.21549999999999997 0.19533333333333325 0.0 0.0 0.0 0.0003333333333333333 0.165 0.19099999999999998 0.0 0.0 0.0 0.0 0.00016666666666666666 0.0 0.0105 0.0 0.2651666666666666 0.24166666666666672 0.22816666666666666 0.22750000000000004 0.780666666666667 0.9206666666666665 0.7653333333333333 0.7808333333333332 0.0 0.12483333333333334 0.8168333333333331 0.7783333333333334 0.5048333333333334 0.30133333333333345 0.7341666666666669 0.6029999999999999 0.7728333333333333 0.6936666666666668 0.0015 0.002333333333333333 0.04483333333333334 0.037000000000000026 0.7460000000000001 0.21500000000000002 0.17850000000000002 0.17616666666666667 0.3468333333333333 0.18766666666666665 0.1595 0.16966666666666666 
0.0003333333333333333 0.0006666666666666666 0.7069999999999997 0.7326666666666662 0.731333333333333 0.8015000000000001 0.8401666666666665 0.8939999999999998 0.9079999999999998 1.0 0.3581666666666666 0.2515 0.6166666666666667 0.3418333333333334 0.7458333333333335 0.6901666666666667 0.25683333333333336 0.06150000000000001 0.606 0.4756666666666668 0.6663333333333334 0.5015 0.7076666666666666 0.7076666666666663 0.7071666666666664 0.712833333333333 0.7054999999999998 0.7056666666666663 0.6253333333333334 0.342 0.8619999999999999 0.8301666666666664 0.6698333333333334 0.5874999999999999 0.6869999999999997 0.7048333333333332 0.14500000000000005 0.1851666666666667 0.41133333333333316 0.005166666666666666 0.3561666666666666 0.14300000000000002 0.09216666666666665 0.0006666666666666666 0.17733333333333337 0.15783333333333338 0.0003333333333333333 0.0005 0.0006666666666666666 0.0011666666666666668 0.12683333333333335 0.18116666666666675 0.0005 0.0005 0.0003333333333333333 0.0005 0.0013333333333333333 0.0006666666666666666 0.004833333333333333 0.0003333333333333333 0.32766666666666666 0.31000000000000005 0.2866666666666668 0.28500000000000003 0.771666666666667 0.8606666666666665 0.6948333333333332 0.710833333333333 0.002833333333333333 0.11599999999999999 0.7808333333333333 0.739833333333333 0.5025 0.3005 0.7174999999999998 0.5946666666666666 0.7106666666666664 0.6585 0.0036666666666666666 0.0055 0.05316666666666667 0.044500000000000005 0.7589999999999999 0.23883333333333326 0.14016666666666666 0.14216666666666666 0.30883333333333346 0.14966666666666664 0.1371666666666666 0.13216666666666663 
0.20800000000000002 0.2071666666666667 0.07899999999999999 0.10249999999999998 0.10100000000000002 0.17283333333333334 0.2156666666666667 0.28400000000000003 0.29650000000000004 0.3581666666666666 1.0 0.6728333333333331 0.6949999999999998 0.9353333333333338 0.5490000000000002 0.5720000000000001 0.7111666666666668 0.3686666666666666 0.09683333333333334 0.09100000000000001 0.21916666666666665 0.13933333333333334 0.07816666666666665 0.079 0.07866666666666666 0.08183333333333334 0.07749999999999999 0.07866666666666665 0.4733333333333334 0.6778333333333332 0.24666666666666667 0.30883333333333346 0.5143333333333332 0.5491666666666668 0.0725 0.07816666666666665 0.21083333333333334 0.17733333333333332 0.21600000000000008 0.22200000000000003 0.5861666666666667 0.5181666666666667 0.2461666666666667 0.2063333333333334 0.2501666666666666 0.25133333333333335 0.20666666666666672 0.20666666666666672 0.2063333333333334 0.2081666666666667 0.25433333333333336 0.2618333333333333 0.2063333333333334 0.20550000000000002 0.2053333333333334 0.20666666666666672 0.21483333333333335 0.2123333333333334 0.207 0.20600000000000002 0.9223333333333332 0.9118333333333336 0.8335000000000004 0.8135000000000001 0.48866666666666675 0.24233333333333335 0.08199999999999999 0.08283333333333333 0.2371666666666667 0.17666666666666667 0.244 0.22400000000000003 0.4301666666666666 0.6073333333333334 0.21616666666666667 0.391 0.08416666666666667 0.15816666666666665 0.2326666666666667 0.23883333333333326 0.31900000000000006 0.3096666666666666 0.5138333333333334 0.6251666666666668 0.25616666666666665 0.25649999999999995 0.16766666666666666 0.2513333333333334 0.3425000000000001 0.2565 
0.5040000000000001 0.5041666666666668 0.0045 0.015000000000000003 0.016666666666666673 0.08199999999999999 0.12149999999999997 0.18766666666666665 0.19599999999999998 0.2515 0.6728333333333331 1.0 0.49216666666666664 0.6791666666666666 0.44149999999999984 0.4805 0.7201666666666666 0.6629999999999998 0.04883333333333334 0.05366666666666668 0.13033333333333336 0.06683333333333333 0.004166666666666667 0.004333333333333333 0.004166666666666667 0.006666666666666667 0.004166666666666667 0.0045 0.4368333333333333 0.5976666666666667 0.15016666666666664 0.22 0.45000000000000023 0.4476666666666666 0.01966666666666667 0.004166666666666667 0.3163333333333333 0.28583333333333333 0.13766666666666666 0.4924999999999999 0.5815 0.7375000000000002 0.4696666666666667 0.5026666666666668 0.4063333333333333 0.42883333333333334 0.5025000000000002 0.5023333333333334 0.5023333333333335 0.5043333333333335 0.4601666666666667 0.43133333333333335 0.5033333333333334 0.5023333333333335 0.5023333333333335 0.5018333333333335 0.5123333333333334 0.508 0.5008333333333335 0.5030000000000002 0.7206666666666667 0.7253333333333332 0.6975000000000001 0.7208333333333334 0.3718333333333333 0.14416666666666672 0.004833333333333333 0.004833333333333333 0.5191666666666666 0.3921666666666668 0.14633333333333334 0.15366666666666662 0.4688333333333334 0.6131666666666666 0.20333333333333337 0.3691666666666666 0.009000000000000001 0.08183333333333334 0.4991666666666667 0.5035000000000001 0.5751666666666666 0.5955 0.38849999999999985 0.693 0.4443333333333333 0.4481666666666665 0.2725000000000001 0.4351666666666667 0.3611666666666667 0.45549999999999996 
0.013833333333333333 0.013999999999999999 0.3361666666666666 0.35983333333333334 0.35849999999999993 0.43149999999999994 0.4736666666666667 0.5435 0.555 0.6166666666666667 0.6949999999999998 0.49216666666666664 1.0 0.7005 0.8274999999999999 0.8635 0.5286666666666666 0.17649999999999996 0.37499999999999983 0.3710000000000001 0.44283333333333325 0.2886666666666667 0.3358333333333334 0.3358333333333334 0.33599999999999997 0.3391666666666666 0.33516666666666667 0.33583333333333326 0.7496666666666668 0.5923333333333333 0.505 0.5779999999999998 0.8054999999999999 0.8181666666666669 0.33116666666666666 0.3353333333333333 0.16233333333333333 0.15483333333333335 0.4231666666666667 0.049166666666666664 0.585 0.3325 0.03866666666666667 0.0125 0.057999999999999996 0.04966666666666665 0.012833333333333334 0.013000000000000001 0.012666666666666666 0.014333333333333333 0.04466666666666666 0.06633333333333331 0.013166666666666667 0.012666666666666668 0.012833333333333334 0.013666666666666667 0.02183333333333333 0.017833333333333333 0.014166666666666668 0.0125 0.6673333333333332 0.6763333333333331 0.6273333333333335 0.6151666666666668 0.746 0.4996666666666667 0.3388333333333333 0.3396666666666667 0.04616666666666666 0.14933333333333335 0.5098333333333332 0.4991666666666666 0.6500000000000001 0.5353333333333334 0.4943333333333333 0.6685000000000002 0.34166666666666656 0.2951666666666667 0.06133333333333334 0.0685 0.148 0.11866666666666666 0.7653333333333333 0.48749999999999993 0.04483333333333332 0.046833333333333324 0.16750000000000004 0.04716666666666665 0.1101666666666667 0.04483333333333332 
0.19749999999999995 0.1975 0.0575 0.08066666666666668 0.07899999999999999 0.1525 0.19416666666666665 0.26599999999999996 0.27483333333333343 0.3418333333333334 0.9353333333333338 0.6791666666666666 0.7005 1.0 0.5488333333333335 0.5915 0.7328333333333336 0.36016666666666663 0.09266666666666666 0.08916666666666664 0.2240000000000001 0.14800000000000002 0.05699999999999998 0.0575 0.056999999999999995 0.06 0.056499999999999995 0.05749999999999999 0.4770000000000001 0.6976666666666665 0.2253333333333333 0.30500000000000005 0.5353333333333333 0.5716666666666668 0.04933333333333332 0.05666666666666667 0.22849999999999995 0.19299999999999998 0.21966666666666662 0.2408333333333333 0.6068333333333336 0.5126666666666668 0.2168333333333334 0.1961666666666667 0.2175 0.2188333333333334 0.1965 0.19600000000000006 0.19533333333333336 0.19766666666666674 0.2211666666666667 0.23366666666666666 0.1963333333333334 0.19600000000000006 0.1956666666666667 0.19700000000000006 0.2048333333333333 0.20149999999999998 0.19649999999999998 0.19566666666666663 0.9024999999999997 0.9203333333333334 0.8675 0.8466666666666666 0.4660000000000001 0.22033333333333333 0.0605 0.060999999999999985 0.22983333333333333 0.16316666666666665 0.228 0.21600000000000003 0.43066666666666664 0.5940000000000001 0.2188333333333334 0.39183333333333337 0.063 0.13633333333333333 0.25483333333333336 0.2613333333333334 0.34 0.301 0.5043333333333334 0.6473333333333332 0.22183333333333333 0.22333333333333336 0.13100000000000006 0.2188333333333334 0.3368333333333333 0.22350000000000006 
0.003 0.002833333333333333 0.4943333333333333 0.5169999999999999 0.5161666666666667 0.5898333333333334 0.6281666666666667 0.6956666666666668 0.7086666666666664 0.7458333333333335 0.5490000000000002 0.44149999999999984 0.8274999999999999 0.5488333333333335 1.0 0.9175000000000003 0.42800000000000005 0.16249999999999992 0.5101666666666668 0.5005000000000001 0.557 0.3881666666666667 0.49333333333333335 0.4928333333333333 0.4938333333333334 0.4978333333333333 0.4941666666666667 0.49433333333333324 0.8121666666666664 0.5278333333333335 0.6600000000000001 0.7288333333333337 0.8865 0.8029999999999999 0.4726666666666665 0.4921666666666667 0.12516666666666665 0.13783333333333336 0.43500000000000016 0.03250000000000001 0.5408333333333332 0.29783333333333334 0.04633333333333333 0.0015 0.10516666666666666 0.08566666666666668 0.0016666666666666666 0.0018333333333333333 0.0016666666666666666 0.0031666666666666666 0.06116666666666666 0.11083333333333334 0.002333333333333333 0.0016666666666666666 0.002 0.0024999999999999996 0.010333333333333335 0.006833333333333335 0.004666666666666666 0.0016666666666666666 0.5151666666666668 0.5155000000000001 0.4781666666666666 0.4751666666666667 0.8408333333333334 0.6533333333333334 0.4970000000000001 0.4973333333333334 0.03166666666666666 0.14316666666666672 0.6643333333333336 0.6374999999999998 0.6788333333333331 0.4768333333333334 0.6080000000000001 0.7705000000000001 0.4983333333333334 0.44900000000000007 0.04516666666666666 0.050666666666666665 0.1273333333333333 0.10383333333333335 0.8485 0.41866666666666674 0.06916666666666665 0.07183333333333333 0.23683333333333334 0.07766666666666666 0.07883333333333332 0.06366666666666665 
0.008666666666666666 0.008833333333333334 0.4226666666666666 0.446 0.4444999999999999 0.5195000000000001 0.5591666666666664 0.6308333333333332 0.6416666666666666 0.6901666666666667 0.5720000000000001 0.4805 0.8635 0.5915 0.9175000000000003 1.0 0.4673333333333332 0.17066666666666663 0.47466666666666657 0.47166666666666657 0.5234999999999999 0.3541666666666666 0.4216666666666666 0.4211666666666667 0.42216666666666663 0.4261666666666667 0.4226666666666665 0.42266666666666663 0.8271666666666662 0.5618333333333333 0.5916666666666668 0.6788333333333333 0.9205000000000001 0.8601666666666664 0.4053333333333334 0.4206666666666667 0.13666666666666666 0.13199999999999995 0.43699999999999994 0.03916666666666666 0.5695000000000001 0.32116666666666666 0.019500000000000003 0.006999999999999999 0.06449999999999999 0.04533333333333332 0.007333333333333333 0.007666666666666666 0.007333333333333334 0.009000000000000001 0.023333333333333334 0.071 0.007833333333333335 0.007333333333333333 0.0075 0.008333333333333335 0.0165 0.012666666666666668 0.009666666666666667 0.007166666666666667 0.5465000000000001 0.5825 0.5368333333333335 0.5326666666666666 0.796 0.5849999999999999 0.42533333333333334 0.42566666666666664 0.04066666666666666 0.15083333333333335 0.6038333333333332 0.5984999999999997 0.6955000000000001 0.5061666666666665 0.5881666666666667 0.7610000000000001 0.42666666666666664 0.3785 0.054333333333333324 0.06133333333333333 0.13799999999999998 0.11283333333333335 0.8226666666666667 0.45199999999999996 0.028833333333333332 0.03166666666666666 0.19616666666666668 0.03683333333333333 0.044999999999999984 0.02550000000000001 
0.4213333333333334 0.42150000000000004 0.0075 0.029500000000000002 0.029333333333333333 0.08366666666666667 0.14300000000000002 0.18900000000000003 0.22366666666666668 0.25683333333333336 0.7111666666666668 0.7201666666666666 0.5286666666666666 0.7328333333333336 0.42800000000000005 0.4673333333333332 1.0 0.5856666666666668 0.08733333333333332 0.09683333333333335 0.21166666666666667 0.15933333333333338 0.006666666666666666 0.0075 0.007000000000000001 0.01 0.006666666666666666 0.0071666666666666675 0.595 0.8381666666666667 0.16933333333333336 0.20449999999999996 0.4244999999999999 0.47916666666666674 0.005333333333333333 0.007166666666666667 0.46066666666666656 0.41666666666666663 0.21016666666666667 0.48733333333333334 0.8199999999999998 0.7451666666666668 0.2996666666666667 0.41816666666666663 0.2303333333333334 0.25133333333333335 0.4181666666666666 0.4198333333333333 0.4188333333333333 0.41916666666666663 0.27899999999999997 0.23883333333333337 0.4203333333333332 0.419 0.4175 0.4191666666666666 0.4291666666666668 0.4255000000000001 0.4075 0.4186666666666667 0.6874999999999999 0.7375000000000002 0.8316666666666666 0.8625 0.4341666666666668 0.16799999999999998 0.0105 0.011666666666666669 0.44516666666666665 0.33983333333333343 0.16633333333333336 0.1895 0.6215000000000002 0.7823333333333337 0.33250000000000013 0.5098333333333334 0.007333333333333333 0.05550000000000001 0.5021666666666667 0.4993333333333333 0.5816666666666668 0.5236666666666668 0.45099999999999985 0.8418333333333335 0.26849999999999996 0.26783333333333337 0.09699999999999998 0.2588333333333333 0.25016666666666665 0.2755000000000001 
0.8316666666666666 0.8321666666666667 0.00016666666666666666 0.0045 0.004833333333333333 0.008666666666666668 0.014000000000000007 0.025333333333333322 0.054166666666666655 0.06150000000000001 0.3686666666666666 0.6629999999999998 0.17649999999999996 0.36016666666666663 0.16249999999999992 0.17066666666666663 0.5856666666666668 1.0 0.06449999999999997 0.18700000000000003 0.05766666666666666 0.07933333333333331 0.001 0.00016666666666666666 0.00016666666666666666 0.0016666666666666666 0.0005 0.0005 0.311 0.47100000000000003 0.016000000000000004 0.041499999999999995 0.15866666666666665 0.15899999999999997 0.04766666666666665 0.001 0.5428333333333332 0.5188333333333331 0.22316666666666665 0.8048333333333333 0.4658333333333334 0.7146666666666667 0.7078333333333332 0.8291666666666667 0.6291666666666667 0.6513333333333337 0.8295 0.8310000000000001 0.829 0.8291666666666667 0.6835000000000002 0.6378333333333334 0.8311666666666666 0.8296666666666666 0.8290000000000001 0.8295 0.8399999999999999 0.8366666666666666 0.8180000000000001 0.8293333333333333 0.4131666666666668 0.39699999999999996 0.42533333333333334 0.46016666666666667 0.14449999999999996 0.01616666666666667 0.007500000000000002 0.0016666666666666666 0.8348333333333331 0.6596666666666665 0.03716666666666668 0.054166666666666634 0.36416666666666664 0.5033333333333332 0.1778333333333334 0.2693333333333333 0.0003333333333333333 0.056666666666666685 0.8161666666666666 0.8121666666666666 0.8678333333333331 0.9025 0.14466666666666667 0.6116666666666665 0.6678333333333336 0.6681666666666668 0.48933333333333345 0.6575000000000002 0.5673333333333335 0.6780000000000002 
0.05499999999999997 0.05666666666666664 0.8324999999999999 0.8248333333333331 0.827333333333333 0.7708333333333333 0.7168333333333335 0.6651666666666667 0.6394999999999997 0.606 0.09683333333333334 0.04883333333333334 0.37499999999999983 0.09266666666666666 0.5101666666666668 0.47466666666666657 0.08733333333333332 0.06449999999999997 1.0 0.7771666666666667 0.8001666666666667 0.8265000000000002 0.8151666666666667 0.8308333333333333 0.8313333333333334 0.8306666666666664 0.8331666666666666 0.8324999999999999 0.484 0.20900000000000005 0.6911666666666666 0.722 0.5223333333333333 0.4869999999999999 0.7455000000000002 0.8299999999999998 0.22 0.28116666666666673 0.4026666666666667 0.05066666666666666 0.22 0.061166666666666626 0.04566666666666666 0.05433333333333331 0.08883333333333333 0.068 0.05466666666666664 0.05566666666666665 0.05516666666666664 0.05499999999999997 0.049499999999999995 0.07316666666666666 0.05633333333333331 0.05549999999999998 0.05499999999999997 0.05616666666666664 0.05566666666666665 0.05533333333333332 0.04983333333333331 0.05449999999999997 0.07316666666666664 0.07666666666666666 0.08233333333333331 0.08216666666666665 0.4333333333333331 0.6913333333333332 0.8295 0.8348333333333332 0.08850000000000001 0.29050000000000004 0.7933333333333336 0.8288333333333333 0.4466666666666669 0.24249999999999997 0.7326666666666667 0.56 0.8283333333333333 0.7619999999999999 0.07899999999999999 0.08616666666666666 0.08016666666666666 0.07849999999999997 0.415 0.11133333333333334 0.05366666666666666 0.05233333333333332 0.2263333333333333 0.06216666666666666 0.05566666666666667 0.05083333333333333 
0.2586666666666667 0.2608333333333334 0.6401666666666667 0.6235 0.6238333333333332 0.5855000000000001 0.5606666666666665 0.5345000000000002 0.5016666666666668 0.4756666666666668 0.09100000000000001 0.05366666666666668 0.3710000000000001 0.08916666666666664 0.5005000000000001 0.47166666666666657 0.09683333333333335 0.18700000000000003 0.7771666666666667 1.0 0.6211666666666668 0.6249999999999999 0.6228333333333336 0.6383333333333333 0.639 0.6376666666666665 0.6415 0.6413333333333331 0.4928333333333334 0.21866666666666665 0.547 0.5853333333333334 0.5188333333333331 0.48566666666666675 0.5583333333333333 0.6396666666666665 0.3273333333333334 0.3586666666666667 0.5086666666666667 0.22699999999999995 0.2305 0.08566666666666668 0.2315 0.25800000000000006 0.2713333333333333 0.2508333333333334 0.25866666666666666 0.25933333333333336 0.25850000000000006 0.2586666666666667 0.23216666666666666 0.25750000000000006 0.25983333333333336 0.2591666666666667 0.25883333333333336 0.26 0.25483333333333336 0.2566666666666667 0.25150000000000006 0.2581666666666667 0.06933333333333333 0.07666666666666666 0.08683333333333336 0.08633333333333336 0.41850000000000004 0.5473333333333334 0.6623333333333334 0.6421666666666667 0.2938333333333334 0.4876666666666666 0.6318333333333332 0.6641666666666662 0.45533333333333337 0.251 0.6061666666666666 0.5663333333333334 0.6368333333333331 0.5723333333333332 0.26600000000000007 0.2756666666666667 0.23766666666666666 0.25066666666666665 0.40299999999999997 0.1273333333333333 0.23600000000000002 0.23533333333333342 0.4078333333333333 0.24483333333333332 0.23400000000000007 0.23333333333333336 
0.026000000000000002 0.02666666666666667 0.7063333333333336 0.7284999999999999 0.7288333333333336 0.7453333333333332 0.7698333333333334 0.7216666666666666 0.7011666666666667 0.6663333333333334 0.21916666666666665 0.13033333333333336 0.44283333333333325 0.2240000000000001 0.557 0.5234999999999999 0.21166666666666667 0.05766666666666666 0.8001666666666667 0.6211666666666668 1.0 0.8156666666666667 0.6904999999999998 0.7056666666666669 0.7056666666666668 0.712166666666667 0.7063333333333333 0.7060000000000002 0.5108333333333333 0.32899999999999996 0.7526666666666667 0.7725 0.5656666666666665 0.5716666666666665 0.6378333333333334 0.7036666666666669 0.24249999999999997 0.29666666666666663 0.4616666666666667 0.05549999999999998 0.3481666666666667 0.12233333333333336 0.04816666666666666 0.024666666666666667 0.09233333333333332 0.07166666666666666 0.024666666666666674 0.025500000000000002 0.025 0.025 0.0535 0.07033333333333332 0.02583333333333333 0.025333333333333333 0.024833333333333332 0.026500000000000003 0.027666666666666676 0.02683333333333334 0.030166666666666675 0.024666666666666674 0.18916666666666665 0.19549999999999992 0.21600000000000005 0.21283333333333337 0.49616666666666676 0.7511666666666664 0.6935000000000002 0.710166666666667 0.05633333333333335 0.22666666666666666 0.8538333333333336 0.8878333333333331 0.4755000000000001 0.3331666666666667 0.7529999999999998 0.5833333333333335 0.7015000000000002 0.6395000000000002 0.07733333333333334 0.08383333333333333 0.08766666666666664 0.05433333333333334 0.49600000000000016 0.22133333333333335 0.05716666666666667 0.05566666666666666 0.22500000000000006 0.065 0.08583333333333334 0.055 
0.06316666666666665 0.06399999999999997 0.7446666666666667 0.7316666666666666 0.7304999999999999 0.671 0.6226666666666667 0.5625 0.5418333333333335 0.5015 0.13933333333333334 0.06683333333333333 0.2886666666666667 0.14800000000000002 0.3881666666666667 0.3541666666666666 0.15933333333333338 0.07933333333333331 0.8265000000000002 0.6249999999999999 0.8156666666666667 1.0 0.7295000000000001 0.7443333333333334 0.7445000000000002 0.7460000000000001 0.7450000000000001 0.7448333333333335 0.35783333333333345 0.26149999999999995 0.5946666666666666 0.6131666666666666 0.39983333333333326 0.42400000000000004 0.6578333333333333 0.7418333333333337 0.28666666666666657 0.3348333333333334 0.42966666666666653 0.09666666666666669 0.3043333333333333 0.09300000000000001 0.07433333333333333 0.06166666666666664 0.11583333333333337 0.09483333333333334 0.06216666666666664 0.06333333333333331 0.06233333333333331 0.06283333333333331 0.079 0.09366666666666669 0.06416666666666665 0.06299999999999999 0.06233333333333331 0.06416666666666665 0.06449999999999997 0.06466666666666665 0.06616666666666665 0.06183333333333332 0.11466666666666667 0.11833333333333335 0.16283333333333336 0.16016666666666665 0.33033333333333326 0.5989999999999999 0.7241666666666667 0.7426666666666669 0.09399999999999999 0.27749999999999997 0.6970000000000002 0.7340000000000001 0.32666666666666666 0.24266666666666661 0.6171666666666665 0.43483333333333335 0.7390000000000003 0.7173333333333334 0.12183333333333335 0.12666666666666668 0.12616666666666668 0.08733333333333335 0.33399999999999996 0.19049999999999997 0.08166666666666667 0.08016666666666666 0.24566666666666667 0.08966666666666669 0.11133333333333333 0.07933333333333334 
0.020000000000000014 0.020500000000000015 0.9793333333333338 0.9545000000000001 0.956833333333334 0.8838333333333336 0.841666666666667 0.7709999999999998 0.7758333333333334 0.7076666666666666 0.07816666666666665 0.004166666666666667 0.3358333333333334 0.05699999999999998 0.49333333333333335 0.4216666666666666 0.006666666666666666 0.001 0.8151666666666667 0.6228333333333336 0.6904999999999998 0.7295000000000001 1.0 0.9783333333333338 0.9800000000000005 0.9748333333333339 0.9773333333333339 0.9765000000000005 0.3945000000000001 0.11949999999999998 0.811 0.7145 0.4641666666666666 0.3995 0.9248333333333332 0.9766666666666671 0.18316666666666662 0.2408333333333334 0.4208333333333332 0.017166666666666677 0.13916666666666666 0.025833333333333333 0.1486666666666667 0.02066666666666668 0.2385 0.21683333333333338 0.021000000000000015 0.02066666666666668 0.02083333333333335 0.021333333333333346 0.18716666666666668 0.21199999999999997 0.02116666666666668 0.021333333333333346 0.02116666666666668 0.021000000000000015 0.01916666666666668 0.019000000000000013 0.031000000000000014 0.02083333333333335 0.059 0.02333333333333333 0.010333333333333335 0.009166666666666667 0.5634999999999999 0.816166666666667 0.9546666666666667 0.9723333333333339 0.02066666666666668 0.19666666666666668 0.7626666666666666 0.7174999999999997 0.35583333333333333 0.14933333333333337 0.6418333333333333 0.46283333333333315 0.9721666666666673 0.8941666666666666 0.019000000000000013 0.018833333333333348 0.0003333333333333333 0.0011666666666666668 0.5306666666666667 0.030666666666666672 0.20016666666666666 0.19716666666666668 0.37666666666666665 0.21066666666666667 0.1775 0.19133333333333336 
0.004166666666666667 0.004666666666666666 0.9956666666666669 0.9708333333333335 0.9728333333333335 0.8985000000000002 0.857 0.7861666666666665 0.7765000000000001 0.7076666666666663 0.079 0.004333333333333333 0.3358333333333334 0.0575 0.4928333333333333 0.4211666666666667 0.0075 0.00016666666666666666 0.8308333333333333 0.6383333333333333 0.7056666666666669 0.7443333333333334 0.9783333333333338 1.0 0.9930000000000002 0.9901666666666668 0.9923333333333335 0.9935000000000003 0.39466666666666667 0.12099999999999998 0.8258333333333333 0.7293333333333328 0.4721666666666667 0.4141666666666666 0.9091666666666665 0.9926666666666669 0.1675 0.22550000000000003 0.4038333333333333 0.0015000000000000002 0.1403333333333333 0.017666666666666667 0.1328333333333334 0.004833333333333333 0.2238333333333333 0.20233333333333328 0.0051666666666666675 0.004833333333333333 0.005 0.0055000000000000005 0.17133333333333334 0.19733333333333342 0.005333333333333333 0.0055 0.005333333333333333 0.0051666666666666675 0.0034999999999999996 0.003333333333333333 0.015166666666666669 0.005 0.059 0.023666666666666666 0.010500000000000002 0.01 0.564 0.8320000000000002 0.9706666666666672 0.9890000000000002 0.004666666666666666 0.2103333333333333 0.7775 0.7323333333333335 0.37233333333333335 0.166 0.6563333333333332 0.4781666666666667 0.9888333333333337 0.9125 0.0031666666666666666 0.003333333333333333 0.0005 0.0013333333333333333 0.5305000000000001 0.030500000000000003 0.1851666666666667 0.1825 0.361 0.196 0.16200000000000003 0.17616666666666664 
0.005 0.005666666666666668 0.9940000000000002 0.9695 0.9710000000000002 0.8981666666666669 0.8569999999999999 0.7859999999999999 0.7773333333333333 0.7071666666666664 0.07866666666666666 0.004166666666666667 0.33599999999999997 0.056999999999999995 0.4938333333333334 0.42216666666666663 0.007000000000000001 0.00016666666666666666 0.8313333333333334 0.639 0.7056666666666668 0.7445000000000002 0.9800000000000005 0.9930000000000002 1.0 0.9901666666666668 0.9933333333333336 0.9898333333333337 0.3951666666666669 0.12016666666666666 0.8248333333333335 0.7293333333333331 0.4731666666666667 0.4145000000000001 0.9088333333333329 0.9916666666666668 0.16816666666666666 0.22633333333333333 0.4055 0.0026666666666666666 0.1403333333333333 0.017833333333333333 0.13400000000000004 0.005833333333333334 0.2243333333333333 0.20216666666666666 0.006166666666666667 0.005833333333333334 0.006 0.006500000000000001 0.17233333333333334 0.19766666666666674 0.006333333333333334 0.0065000000000000014 0.006333333333333334 0.006166666666666667 0.004333333333333333 0.004 0.016166666666666666 0.006 0.059 0.02333333333333333 0.01 0.009500000000000001 0.5644999999999998 0.8310000000000002 0.9693333333333335 0.9886666666666669 0.005666666666666668 0.209 0.7775 0.7319999999999999 0.371 0.16466666666666666 0.6568333333333333 0.47833333333333344 0.9871666666666669 0.9098333333333334 0.004166666666666667 0.004166666666666667 0.0006666666666666666 0.0015000000000000002 0.5311666666666666 0.03083333333333333 0.1856666666666667 0.18333333333333332 0.361 0.19566666666666663 0.16333333333333333 0.1768333333333333 
