1.0 0.5348333333333333 0.20166666666666672 0.1870000000000001 0.1873333333333334 0.2353333333333334 0.2328333333333333 0.5125 0.4698333333333331 0.5706666666666667 0.8879999999999998 0.8498333333333331 0.8801666666666667 0.7558333333333332 0.6374999999999998 0.5941666666666666 0.49933333333333346 0.49750000000000016 0.20466666666666672 0.13499999999999998 0.09016666666666669 0.49716666666666676 0.1888333333333334 0.18850000000000008 0.18716666666666676 0.18633333333333343 0.1843333333333334 0.18850000000000008 0.5013333333333335 0.4990000000000001 0.20383333333333337 0.18766666666666676 0.49966666666666676 0.4988333333333335 0.15183333333333335 0.12383333333333338 0.14200000000000004 0.18866666666666665 0.15466666666666667 0.16033333333333336 0.5023333333333333 0.46850000000000014 0.06616666666666665 0.05016666666666665 0.10400000000000004 0.45699999999999996 0.06716666666666665 0.07166666666666667 0.3489999999999999 0.1938333333333333 0.3558333333333332 0.4683333333333332 0.053000000000000005 0.21083333333333334 0.1383333333333333 0.11016666666666669 0.49750000000000016 0.4965000000000001 0.4985000000000003 0.49916666666666676 0.8578333333333329 0.6649999999999998 0.5500000000000003 0.5061666666666669 0.271 0.21933333333333338 0.09050000000000002 0.48249999999999993 0.16833333333333333 0.20316666666666663 0.2056666666666667 0.20500000000000004 0.5133333333333333 0.5108333333333335 0.5356666666666665 0.6358333333333334 0.19550000000000003 0.4083333333333334 0.4986666666666668 0.49766666666666687 0.4973333333333334 0.4981666666666669 0.5238333333333334 0.4996666666666667 0.47016666666666657 0.071 0.17199999999999996 0.1588333333333333 0.1823333333333334 0.18116666666666675 
0.5348333333333333 1.0 0.08633333333333339 0.08000000000000006 0.08050000000000004 0.07366666666666671 0.08000000000000006 0.12966666666666668 0.0911666666666667 0.19433333333333336 0.4928333333333333 0.5990000000000003 0.49133333333333323 0.6658333333333333 0.2705 0.6246666666666665 0.9069999999999994 0.9073333333333328 0.08750000000000005 0.325 0.07066666666666667 0.18899999999999997 0.08150000000000004 0.08183333333333337 0.08266666666666671 0.08166666666666672 0.08000000000000006 0.08166666666666672 0.9083333333333329 0.9076666666666661 0.08716666666666673 0.08066666666666672 0.9068333333333327 0.9054999999999994 0.03016666666666666 0.01516666666666667 0.15333333333333335 0.48399999999999993 0.14283333333333334 0.13250000000000003 0.9585000000000005 0.8906666666666664 0.08550000000000005 0.4813333333333331 0.02983333333333333 0.8789999999999999 0.08600000000000003 0.07616666666666669 0.7173333333333334 0.6298333333333332 0.213 0.8531666666666663 0.3581666666666666 0.5654999999999998 0.31066666666666665 0.3493333333333333 0.9066666666666662 0.9063333333333327 0.9066666666666662 0.9063333333333329 0.5891666666666667 0.7821666666666668 0.8488333333333334 0.9026666666666663 0.07166666666666671 0.07083333333333336 0.04816666666666666 0.8125000000000001 0.26466666666666666 0.4084999999999999 0.08766666666666671 0.08683333333333339 0.8974999999999995 0.8994999999999994 0.8756666666666664 0.7373333333333332 0.21799999999999994 0.2931666666666667 0.9074999999999993 0.9069999999999995 0.9069999999999995 0.9064999999999995 0.877 0.9076666666666661 0.3916666666666667 0.11716666666666663 0.16949999999999998 0.11216666666666664 0.07366666666666671 0.0746666666666667 
0.20166666666666672 0.08633333333333339 1.0 0.9811666666666666 0.9808333333333333 0.9191666666666669 0.9373333333333336 0.6329999999999998 0.6831666666666665 0.5718333333333332 0.2598333333333333 0.12500000000000003 0.2671666666666667 0.13266666666666665 0.5108333333333334 0.2785000000000001 0.0 0.0 0.991666666666667 0.7528333333333334 0.6481666666666667 0.33416666666666667 0.9844999999999999 0.9836666666666669 0.9821666666666666 0.9810000000000001 0.9788333333333336 0.9840000000000001 0.0 0.0 0.9910000000000003 0.9816666666666666 0.0 0.0 0.908333333333333 0.8503333333333333 0.9228333333333333 0.5833333333333331 0.9366666666666668 0.9445000000000003 0.109 0.00016666666666666666 0.6738333333333333 0.22050000000000003 0.6854999999999997 0.0003333333333333333 0.6304999999999997 0.6436666666666666 0.008333333333333333 0.0833333333333333 0.2775 0.0008333333333333333 0.42016666666666663 0.4968333333333333 0.4673333333333333 0.5358333333333334 0.0 0.0 0.0 0.0 0.11783333333333332 0.11533333333333333 0.048499999999999995 0.0011666666666666668 0.8755000000000003 0.9268333333333336 0.645 0.0015000000000000002 0.8073333333333333 0.6016666666666667 0.990166666666667 0.9911666666666668 0.0 0.0 0.0 0.025666666666666674 0.8315 0.7809999999999997 0.0 0.0 0.0 0.0 0.0008333333333333333 0.0 0.4733333333333333 0.5643333333333331 0.7289999999999999 0.951666666666667 0.9690000000000001 0.965 
0.1870000000000001 0.08000000000000006 0.9811666666666666 1.0 0.9933333333333336 0.9321666666666668 0.9478333333333336 0.6458333333333335 0.6964999999999998 0.5851666666666665 0.2713333333333333 0.1391666666666667 0.28033333333333343 0.147 0.5213333333333334 0.291 0.0 0.0 0.9775 0.7386666666666667 0.6573333333333332 0.34816666666666657 0.9936666666666669 0.9938333333333333 0.9920000000000003 0.9918333333333337 0.9920000000000003 0.9918333333333336 0.0 0.0 0.9781666666666666 0.9941666666666669 0.0 0.0 0.9231666666666665 0.8631666666666665 0.9139999999999999 0.5695 0.9234999999999998 0.9313333333333336 0.1041666666666667 0.0 0.6736666666666666 0.22033333333333335 0.6971666666666665 0.00016666666666666666 0.6311666666666663 0.6458333333333333 0.009 0.08399999999999999 0.27799999999999997 0.0006666666666666666 0.4196666666666667 0.48216666666666663 0.46649999999999997 0.535 0.0 0.0 0.0 0.0 0.13199999999999998 0.12983333333333333 0.05916666666666668 0.0015 0.8891666666666664 0.9408333333333337 0.6555000000000001 0.0013333333333333333 0.7941666666666665 0.6138333333333332 0.976 0.9796666666666667 0.0 0.0 0.0 0.02616666666666667 0.8176666666666667 0.7694999999999997 0.0 0.0 0.0 0.0 0.0 0.0 0.4868333333333333 0.5758333333333332 0.7276666666666667 0.9608333333333338 0.9806666666666669 0.9783333333333337 
0.1873333333333334 0.08050000000000004 0.9808333333333333 0.9933333333333336 1.0 0.933666666666667 0.9498333333333335 0.6471666666666668 0.6976666666666665 0.5876666666666666 0.2738333333333333 0.13933333333333336 0.2821666666666666 0.14816666666666667 0.5236666666666668 0.2936666666666667 0.0 0.0 0.9778333333333333 0.7393333333333334 0.6555 0.3464999999999999 0.9933333333333336 0.9925000000000003 0.9910000000000001 0.9915000000000002 0.990666666666667 0.9915000000000002 0.0 0.0 0.9771666666666667 0.9931666666666669 0.0 0.0 0.9204999999999999 0.8598333333333332 0.9141666666666667 0.5696666666666665 0.9236666666666667 0.9318333333333336 0.10466666666666669 0.0 0.6714999999999999 0.2191666666666667 0.6948333333333333 0.0 0.6301666666666664 0.6441666666666669 0.0075000000000000015 0.08199999999999999 0.2768333333333334 0.0006666666666666666 0.41783333333333333 0.4818333333333332 0.4661666666666666 0.5335000000000002 0.0 0.0 0.0 0.0 0.1315 0.1295 0.05883333333333335 0.0013333333333333333 0.8899999999999997 0.9433333333333336 0.6531666666666669 0.0013333333333333333 0.7946666666666663 0.6133333333333332 0.975 0.9773333333333335 0.0 0.0 0.0 0.026666666666666675 0.8181666666666665 0.7696666666666665 0.0 0.0 0.0 0.0 0.0003333333333333333 0.0 0.48766666666666664 0.5738333333333332 0.7278333333333334 0.959666666666667 0.9831666666666667 0.9795000000000003 
0.2353333333333334 0.07366666666666671 0.9191666666666669 0.9321666666666668 0.933666666666667 1.0 0.9341666666666668 0.7090000000000001 0.7566666666666668 0.6491666666666667 0.33216666666666655 0.19983333333333342 0.3398333333333333 0.19716666666666668 0.5738333333333334 0.3281666666666666 0.0006666666666666666 0.0003333333333333333 0.9155000000000002 0.6854999999999998 0.6035 0.39483333333333326 0.9320000000000002 0.9325000000000003 0.9290000000000004 0.9308333333333334 0.9320000000000002 0.9300000000000002 0.0011666666666666668 0.0005 0.9150000000000003 0.9326666666666668 0.0005 0.0003333333333333333 0.8678333333333333 0.8070000000000002 0.8529999999999999 0.5603333333333333 0.8615 0.87 0.09666666666666668 0.0006666666666666666 0.6179999999999999 0.21833333333333332 0.6419999999999999 0.0015 0.5761666666666666 0.5901666666666666 0.015000000000000003 0.08 0.31816666666666665 0.003333333333333333 0.41033333333333316 0.47199999999999986 0.4544999999999999 0.5300000000000001 0.0006666666666666666 0.0008333333333333334 0.0003333333333333333 0.0006666666666666666 0.19116666666666673 0.16183333333333333 0.06766666666666668 0.004166666666666667 0.9280000000000003 0.9373333333333335 0.5993333333333333 0.012333333333333337 0.7390000000000002 0.6089999999999999 0.9146666666666671 0.9151666666666669 0.005333333333333333 0.004333333333333333 0.009166666666666667 0.05466666666666665 0.7911666666666664 0.710833333333333 0.0006666666666666666 0.0006666666666666666 0.0005 0.0006666666666666666 0.0018333333333333333 0.0008333333333333334 0.4986666666666666 0.5201666666666666 0.6755 0.8986666666666665 0.9388333333333339 0.9353333333333338 
0.2328333333333333 0.08000000000000006 0.9373333333333336 0.9478333333333336 0.9498333333333335 0.9341666666666668 1.0 0.6923333333333332 0.7428333333333336 0.630833333333333 0.31899999999999995 0.18366666666666667 0.32716666666666666 0.1865 0.5688333333333333 0.322 0.0 0.0 0.9323333333333337 0.7105 0.6116666666666665 0.37033333333333324 0.9488333333333335 0.9483333333333335 0.9448333333333335 0.9463333333333337 0.946166666666667 0.9470000000000003 0.0 0.0 0.9320000000000003 0.9473333333333336 0.0 0.0 0.8753333333333333 0.8166666666666668 0.867833333333333 0.5694999999999999 0.8783333333333333 0.8858333333333331 0.10400000000000002 0.00016666666666666666 0.6281666666666667 0.22083333333333333 0.6506666666666665 0.0003333333333333333 0.5864999999999999 0.5998333333333334 0.011833333333333333 0.08283333333333333 0.31183333333333335 0.0021666666666666666 0.4019999999999998 0.4775 0.4425000000000001 0.5211666666666668 0.0 0.0 0.0 0.0 0.17616666666666667 0.14450000000000002 0.05950000000000001 0.0015 0.9278333333333335 0.9491666666666672 0.609 0.008166666666666666 0.7643333333333334 0.6093333333333333 0.9328333333333336 0.9325000000000003 0.00016666666666666666 0.00016666666666666666 0.0015 0.05449999999999999 0.8085000000000001 0.725166666666667 0.0 0.0 0.0 0.0 0.005666666666666666 0.0 0.4761666666666666 0.5298333333333334 0.6839999999999999 0.9128333333333337 0.9380000000000002 0.9336666666666669 
0.5125 0.12966666666666668 0.6329999999999998 0.6458333333333335 0.6471666666666668 0.7090000000000001 0.6923333333333332 1.0 0.9393333333333329 0.9116666666666664 0.6090000000000001 0.46533333333333343 0.6151666666666666 0.3981666666666666 0.8388333333333335 0.48700000000000004 0.057666666666666665 0.056999999999999995 0.6303333333333332 0.4936666666666667 0.31916666666666665 0.5875 0.6465000000000001 0.6456666666666667 0.6421666666666668 0.6433333333333333 0.6448333333333334 0.6443333333333334 0.06016666666666666 0.05749999999999999 0.6273333333333333 0.6460000000000001 0.05766666666666666 0.05749999999999999 0.5839999999999999 0.5225000000000002 0.5658333333333331 0.556 0.5753333333333334 0.5834999999999999 0.15116666666666667 0.057333333333333326 0.33216666666666667 0.21416666666666673 0.3571666666666665 0.058833333333333335 0.2906666666666667 0.3121666666666666 0.09666666666666666 0.12350000000000007 0.5243333333333334 0.07400000000000001 0.3423333333333333 0.4675 0.3475 0.46933333333333316 0.05566666666666666 0.055999999999999994 0.05766666666666667 0.058499999999999996 0.4608333333333334 0.27233333333333326 0.13549999999999998 0.06650000000000002 0.7416666666666668 0.6933333333333335 0.3145 0.10550000000000001 0.5336666666666666 0.6076666666666666 0.6281666666666667 0.6294999999999997 0.07166666666666666 0.06966666666666665 0.09333333333333332 0.2186666666666666 0.5426666666666666 0.4253333333333334 0.056999999999999995 0.05600000000000001 0.05683333333333333 0.05816666666666666 0.0755 0.057999999999999996 0.375 0.2381666666666667 0.38933333333333336 0.6110000000000001 0.652 0.6539999999999999 
0.4698333333333331 0.0911666666666667 0.6831666666666665 0.6964999999999998 0.6976666666666665 0.7566666666666668 0.7428333333333336 0.9393333333333329 1.0 0.8746666666666669 0.5681666666666667 0.41966666666666663 0.5746666666666667 0.35333333333333333 0.8014999999999997 0.4426666666666666 0.01766666666666667 0.016500000000000004 0.6805 0.5369999999999999 0.36666666666666664 0.5526666666666668 0.6963333333333331 0.6964999999999998 0.6923333333333332 0.6938333333333333 0.6936666666666664 0.6936666666666667 0.019500000000000003 0.0175 0.6779999999999998 0.6963333333333331 0.017166666666666667 0.016333333333333335 0.63 0.5693333333333335 0.6161666666666666 0.5744999999999998 0.6258333333333332 0.6338333333333332 0.11316666666666665 0.017000000000000005 0.38016666666666654 0.22783333333333328 0.4043333333333333 0.018333333333333333 0.33849999999999997 0.35749999999999993 0.05549999999999999 0.09349999999999997 0.4915 0.0335 0.35900000000000004 0.4666666666666666 0.37499999999999994 0.5014999999999997 0.01566666666666667 0.016500000000000004 0.01716666666666667 0.017833333333333336 0.41583333333333344 0.22900000000000006 0.09299999999999999 0.025666666666666674 0.7866666666666664 0.7380000000000002 0.3623333333333333 0.06433333333333331 0.5763333333333331 0.6311666666666667 0.6789999999999999 0.6794999999999998 0.030833333333333327 0.028499999999999998 0.05249999999999999 0.17499999999999996 0.5868333333333333 0.47566666666666685 0.017166666666666674 0.016 0.01633333333333333 0.017833333333333336 0.03383333333333334 0.017833333333333333 0.34050000000000014 0.28399999999999986 0.43799999999999983 0.6611666666666668 0.7014999999999997 0.7018333333333331 
0.5706666666666667 0.19433333333333336 0.5718333333333332 0.5851666666666665 0.5876666666666666 0.6491666666666667 0.630833333333333 0.9116666666666664 0.8746666666666669 1.0 0.6701666666666668 0.5261666666666668 0.6780000000000002 0.4628333333333333 0.9049999999999997 0.5474999999999999 0.12266666666666667 0.1218333333333333 0.5696666666666667 0.42366666666666675 0.26016666666666666 0.5691666666666666 0.584333333333333 0.584333333333333 0.5823333333333331 0.5839999999999997 0.5834999999999998 0.5836666666666663 0.12516666666666665 0.12249999999999997 0.5668333333333333 0.5849999999999999 0.12266666666666662 0.12266666666666666 0.5245000000000001 0.4626666666666665 0.5065000000000002 0.48700000000000027 0.5155000000000002 0.5233333333333335 0.21549999999999997 0.12199999999999997 0.27233333333333337 0.14616666666666667 0.29783333333333334 0.12333333333333332 0.231 0.2526666666666667 0.15983333333333333 0.16983333333333334 0.4798333333333333 0.13916666666666663 0.28383333333333327 0.47483333333333344 0.29083333333333333 0.4113333333333335 0.12049999999999997 0.121 0.12266666666666666 0.1235 0.5235000000000002 0.338 0.20100000000000004 0.13216666666666665 0.6829999999999998 0.6353333333333334 0.25666666666666665 0.16966666666666672 0.4631666666666666 0.5386666666666667 0.5666666666666665 0.5681666666666666 0.1366666666666666 0.1346666666666666 0.1583333333333333 0.2803333333333333 0.47983333333333333 0.4368333333333333 0.12199999999999997 0.12083333333333333 0.12166666666666665 0.12316666666666663 0.13466666666666668 0.12299999999999998 0.4471666666666666 0.17783333333333334 0.33283333333333337 0.5513333333333335 0.5961666666666665 0.5978333333333332 
0.8879999999999998 0.4928333333333333 0.2598333333333333 0.2713333333333333 0.2738333333333333 0.33216666666666655 0.31899999999999995 0.6090000000000001 0.5681666666666667 0.6701666666666668 1.0 0.8293333333333333 0.9766666666666671 0.7636666666666667 0.7311666666666666 0.6488333333333333 0.4215 0.42050000000000004 0.25733333333333325 0.13366666666666666 0.1201666666666667 0.5328333333333334 0.272 0.2723333333333333 0.2688333333333333 0.2698333333333333 0.26966666666666667 0.26899999999999996 0.42416666666666664 0.4213333333333334 0.2555 0.2728333333333333 0.4215 0.42099999999999993 0.21200000000000002 0.17600000000000002 0.19300000000000003 0.1955 0.2028333333333334 0.2101666666666667 0.4871666666666665 0.4093333333333334 0.09250000000000004 0.028999999999999998 0.1425 0.40366666666666673 0.08950000000000001 0.0965 0.3165 0.17816666666666664 0.37616666666666676 0.40333333333333343 0.07716666666666666 0.21799999999999997 0.11716666666666667 0.1141666666666667 0.4191666666666667 0.41950000000000004 0.42149999999999993 0.42200000000000004 0.8240000000000002 0.6325 0.4966666666666666 0.42933333333333334 0.3706666666666667 0.318 0.12383333333333335 0.4341666666666667 0.1745 0.2443333333333333 0.2555 0.25666666666666665 0.4353333333333333 0.4331666666666667 0.45766666666666667 0.5860000000000001 0.2078333333333333 0.4721666666666667 0.42100000000000015 0.41950000000000004 0.4203333333333334 0.4218333333333333 0.4448333333333332 0.42150000000000004 0.5439999999999998 0.07533333333333334 0.1446666666666666 0.23700000000000007 0.2813333333333333 0.2795 
0.8498333333333331 0.5990000000000003 0.12500000000000003 0.1391666666666667 0.13933333333333336 0.19983333333333342 0.18366666666666667 0.46533333333333343 0.41966666666666663 0.5261666666666668 0.8293333333333333 1.0 0.8253333333333334 0.8939999999999999 0.5878333333333334 0.6863333333333332 0.5796666666666667 0.578 0.12166666666666666 0.18483333333333335 0.04066666666666666 0.4686666666666667 0.138 0.13766666666666671 0.13516666666666668 0.13683333333333336 0.13766666666666671 0.13600000000000004 0.5814999999999999 0.5794999999999999 0.12066666666666666 0.13833333333333336 0.5801666666666666 0.5791666666666666 0.11299999999999999 0.08600000000000002 0.05800000000000001 0.25433333333333336 0.06800000000000002 0.07600000000000003 0.5731666666666667 0.5525000000000001 0.003833333333333333 0.1373333333333334 0.06066666666666669 0.5431666666666667 0.004999999999999999 0.013166666666666669 0.4370000000000001 0.2815 0.30116666666666664 0.5501666666666667 0.07483333333333336 0.26300000000000007 0.0785 0.05466666666666667 0.5781666666666666 0.5771666666666665 0.5784999999999999 0.5794999999999998 0.9711666666666671 0.8006666666666665 0.6603333333333332 0.5896666666666666 0.23583333333333326 0.1866666666666667 0.042833333333333334 0.5696666666666667 0.22500000000000003 0.30100000000000005 0.12100000000000001 0.12116666666666669 0.5938333333333333 0.5918333333333333 0.6156666666666667 0.6663333333333336 0.2426666666666667 0.33216666666666667 0.5788333333333332 0.5776666666666666 0.5779999999999998 0.5781666666666666 0.5826666666666663 0.58 0.5408333333333334 0.15266666666666667 0.10333333333333336 0.11066666666666666 0.14733333333333334 0.14850000000000002 
0.8801666666666667 0.49133333333333323 0.2671666666666667 0.28033333333333343 0.2821666666666666 0.3398333333333333 0.32716666666666666 0.6151666666666666 0.5746666666666667 0.6780000000000002 0.9766666666666671 0.8253333333333334 1.0 0.7626666666666666 0.736 0.6478333333333335 0.4201666666666668 0.4186666666666669 0.26483333333333337 0.13383333333333333 0.12783333333333333 0.5405000000000001 0.2798333333333333 0.28 0.27666666666666667 0.2781666666666667 0.2776666666666667 0.2771666666666667 0.4225000000000001 0.41966666666666674 0.26316666666666666 0.2806666666666667 0.42016666666666674 0.4195000000000001 0.21999999999999992 0.18233333333333335 0.2006666666666667 0.1968333333333333 0.21016666666666667 0.2176666666666667 0.4886666666666666 0.41000000000000014 0.09850000000000003 0.029333333333333336 0.14966666666666667 0.40433333333333343 0.09600000000000002 0.10316666666666667 0.3171666666666666 0.17816666666666664 0.38366666666666677 0.4031666666666667 0.08166666666666662 0.21983333333333335 0.12333333333333331 0.11950000000000001 0.4175000000000001 0.4181666666666668 0.4198333333333334 0.4206666666666667 0.8215 0.6311666666666667 0.4956666666666667 0.4283333333333333 0.3796666666666666 0.32650000000000007 0.13116666666666668 0.43449999999999983 0.17450000000000002 0.24616666666666667 0.26283333333333336 0.26449999999999996 0.4340000000000001 0.43183333333333346 0.4556666666666668 0.5823333333333333 0.20799999999999996 0.47966666666666674 0.41916666666666685 0.41783333333333345 0.41900000000000015 0.42050000000000004 0.44133333333333347 0.42016666666666674 0.5456666666666667 0.07666666666666667 0.14933333333333335 0.24500000000000002 0.28866666666666674 0.28716666666666674 
0.7558333333333332 0.6658333333333333 0.13266666666666665 0.147 0.14816666666666667 0.19716666666666668 0.1865 0.3981666666666666 0.35333333333333333 0.4628333333333333 0.7636666666666667 0.8939999999999999 0.7626666666666666 1.0 0.5266666666666667 0.7576666666666668 0.6416666666666664 0.6391666666666665 0.13016666666666668 0.21100000000000002 0.04083333333333333 0.4106666666666666 0.14600000000000002 0.14600000000000002 0.1431666666666667 0.14533333333333334 0.14583333333333331 0.1441666666666667 0.6431666666666664 0.6411666666666664 0.12916666666666665 0.14700000000000002 0.6418333333333333 0.6408333333333331 0.11966666666666669 0.09050000000000001 0.06666666666666665 0.34316666666666656 0.07716666666666666 0.08483333333333334 0.6451666666666667 0.6151666666666665 0.006666666666666666 0.21849999999999997 0.062333333333333345 0.607 0.005833333333333334 0.01466666666666667 0.5035 0.36516666666666675 0.2716666666666667 0.6101666666666665 0.14366666666666666 0.3473333333333333 0.12483333333333334 0.131 0.6394999999999998 0.6385000000000001 0.6399999999999999 0.6411666666666664 0.8789999999999998 0.8478333333333332 0.7213333333333334 0.6515 0.22999999999999995 0.19233333333333338 0.04216666666666666 0.6108333333333331 0.24516666666666675 0.37549999999999994 0.12866666666666668 0.12916666666666665 0.6516666666666664 0.6491666666666666 0.6538333333333333 0.6233333333333334 0.25500000000000006 0.3445000000000001 0.6408333333333331 0.6398333333333331 0.6398333333333333 0.6403333333333332 0.6401666666666666 0.6415 0.5356666666666665 0.15216666666666667 0.08883333333333335 0.11916666666666668 0.1593333333333333 0.16066666666666665 
0.6374999999999998 0.2705 0.5108333333333334 0.5213333333333334 0.5236666666666668 0.5738333333333334 0.5688333333333333 0.8388333333333335 0.8014999999999997 0.9049999999999997 0.7311666666666666 0.5878333333333334 0.736 0.5266666666666667 1.0 0.6196666666666667 0.19099999999999998 0.19016666666666662 0.5083333333333332 0.3718333333333333 0.1863333333333334 0.5206666666666667 0.5219999999999999 0.5211666666666668 0.5178333333333331 0.5196666666666665 0.5186666666666666 0.5208333333333334 0.19349999999999998 0.1908333333333333 0.5058333333333332 0.5225000000000001 0.19099999999999998 0.19066666666666665 0.45150000000000007 0.39 0.44366666666666676 0.44133333333333336 0.45366666666666666 0.46083333333333326 0.29216666666666663 0.19066666666666662 0.20300000000000007 0.09399999999999999 0.22583333333333333 0.19216666666666662 0.16199999999999995 0.18200000000000002 0.22766666666666668 0.21600000000000003 0.4295000000000001 0.20733333333333331 0.22266666666666673 0.46433333333333315 0.22750000000000004 0.3466666666666666 0.18883333333333335 0.18933333333333333 0.19099999999999998 0.19166666666666665 0.5791666666666668 0.39800000000000013 0.26433333333333336 0.1985 0.612 0.5603333333333332 0.18550000000000005 0.23850000000000002 0.4121666666666667 0.4901666666666668 0.5059999999999999 0.5066666666666665 0.2046666666666667 0.20283333333333328 0.22566666666666657 0.3418333333333332 0.4315000000000001 0.4848333333333334 0.19016666666666662 0.18916666666666668 0.19016666666666662 0.19149999999999998 0.21016666666666667 0.19116666666666662 0.49133333333333307 0.11566666666666667 0.2626666666666667 0.48766666666666664 0.5233333333333334 0.5236666666666665 
0.5941666666666666 0.6246666666666665 0.2785000000000001 0.291 0.2936666666666667 0.3281666666666666 0.322 0.48700000000000004 0.4426666666666666 0.5474999999999999 0.6488333333333333 0.6863333333333332 0.6478333333333335 0.7576666666666668 0.6196666666666667 1.0 0.5521666666666666 0.5508333333333333 0.2755000000000001 0.3665 0.048 0.317 0.29150000000000004 0.29150000000000004 0.2881666666666667 0.2903333333333334 0.28983333333333333 0.2895 0.5536666666666668 0.5518333333333332 0.2746666666666668 0.29216666666666674 0.5521666666666666 0.5516666666666667 0.22766666666666668 0.17033333333333334 0.2118333333333333 0.5346666666666665 0.2225 0.23 0.6456666666666666 0.5503333333333331 0.052666666666666674 0.2773333333333334 0.08266666666666665 0.5485 0.021 0.03616666666666667 0.4993333333333333 0.4283333333333333 0.21416666666666673 0.5434999999999998 0.25416666666666665 0.5465000000000001 0.16133333333333333 0.26566666666666666 0.5493333333333333 0.5503333333333331 0.5526666666666668 0.5526666666666665 0.6719999999999997 0.7223333333333334 0.6271666666666668 0.5606666666666666 0.3611666666666665 0.3295 0.048999999999999995 0.5388333333333334 0.39483333333333337 0.5346666666666666 0.27483333333333343 0.27433333333333343 0.56 0.5576666666666665 0.5596666666666666 0.5344999999999999 0.3651666666666666 0.4381666666666667 0.5516666666666665 0.5503333333333333 0.5508333333333332 0.5524999999999999 0.5724999999999999 0.5524999999999999 0.5750000000000001 0.15066666666666664 0.0545 0.26416666666666666 0.3043333333333334 0.3041666666666667 
0.49933333333333346 0.9069999999999994 0.0 0.0 0.0 0.0006666666666666666 0.0 0.057666666666666665 0.01766666666666667 0.12266666666666667 0.4215 0.5796666666666667 0.4201666666666668 0.6416666666666664 0.19099999999999998 0.5521666666666666 1.0 0.9926666666666669 0.0 0.2374999999999999 0.10600000000000001 0.21033333333333334 0.0 0.0 0.0008333333333333334 0.0003333333333333333 0.0003333333333333333 0.0 0.9930000000000001 0.9938333333333336 0.0 0.0 0.9930000000000001 0.9913333333333337 0.0105 0.037500000000000006 0.07150000000000001 0.39833333333333326 0.055166666666666656 0.045166666666666674 0.8849999999999997 0.9611666666666668 0.132 0.5389999999999999 0.06033333333333332 0.945333333333333 0.13966666666666672 0.12466666666666666 0.7626666666666668 0.6736666666666671 0.2646666666666667 0.9318333333333334 0.40383333333333327 0.4805000000000001 0.3974999999999999 0.43183333333333346 0.992166666666667 0.9925000000000003 0.9923333333333335 0.9930000000000004 0.5846666666666664 0.7756666666666665 0.9143333333333333 0.9855000000000004 0.0006666666666666666 0.0003333333333333333 0.08766666666666666 0.8735 0.1771666666666667 0.33 0.0 0.0 0.9813333333333337 0.9845000000000003 0.960666666666667 0.8206666666666669 0.1301666666666667 0.20633333333333329 0.9945000000000002 0.9926666666666669 0.9931666666666669 0.9936666666666669 0.9606666666666667 0.9936666666666669 0.3459999999999999 0.15866666666666668 0.2541666666666666 0.0315 0.0 0.0026666666666666666 
0.49750000000000016 0.9073333333333328 0.0 0.0 0.0 0.0003333333333333333 0.0 0.056999999999999995 0.016500000000000004 0.1218333333333333 0.42050000000000004 0.578 0.4186666666666669 0.6391666666666665 0.19016666666666662 0.5508333333333333 0.9926666666666669 1.0 0.0 0.23716666666666658 0.10683333333333334 0.21033333333333332 0.0 0.0 0.0008333333333333334 0.0003333333333333333 0.0003333333333333333 0.0 0.9920000000000002 0.9935000000000003 0.0 0.0 0.9923333333333336 0.9933333333333336 0.011333333333333332 0.03883333333333334 0.07150000000000001 0.39866666666666684 0.055166666666666656 0.045166666666666674 0.8846666666666664 0.9615000000000002 0.133 0.5406666666666667 0.06116666666666666 0.9443333333333329 0.1405 0.126 0.7628333333333336 0.6758333333333334 0.2646666666666667 0.9311666666666669 0.4060000000000001 0.48150000000000004 0.3979999999999999 0.43266666666666675 0.9931666666666669 0.9928333333333336 0.991666666666667 0.9930000000000002 0.5824999999999998 0.7736666666666665 0.9123333333333332 0.9843333333333335 0.0006666666666666666 0.0006666666666666666 0.08866666666666667 0.8735 0.17666666666666672 0.32966666666666666 0.0 0.0 0.9810000000000003 0.984166666666667 0.9590000000000003 0.8210000000000001 0.1301666666666667 0.20633333333333329 0.9941666666666669 0.9930000000000002 0.9948333333333335 0.9930000000000002 0.9596666666666668 0.9923333333333335 0.3461666666666667 0.15950000000000003 0.2534999999999999 0.0315 0.0 0.0026666666666666666 
0.20466666666666672 0.08750000000000005 0.991666666666667 0.9775 0.9778333333333333 0.9155000000000002 0.9323333333333337 0.6303333333333332 0.6805 0.5696666666666667 0.25733333333333325 0.12166666666666666 0.26483333333333337 0.13016666666666668 0.5083333333333332 0.2755000000000001 0.0 0.0 1.0 0.7565 0.6461666666666666 0.33 0.9798333333333334 0.98 0.9778333333333334 0.9776666666666667 0.975166666666667 0.9796666666666668 0.0 0.0 0.9930000000000002 0.9773333333333334 0.0 0.0 0.9043333333333331 0.8451666666666665 0.9238333333333333 0.5873333333333332 0.9391666666666668 0.9470000000000002 0.11 0.0 0.6718333333333333 0.21866666666666668 0.6808333333333333 0.0 0.6294999999999997 0.6421666666666667 0.007000000000000001 0.08199999999999999 0.2763333333333333 0.0006666666666666666 0.4180000000000001 0.4986666666666666 0.46583333333333327 0.5338333333333335 0.0 0.0 0.0 0.0 0.1143333333333333 0.11216666666666665 0.04549999999999998 0.0011666666666666668 0.8723333333333332 0.9246666666666671 0.6416666666666666 0.0013333333333333333 0.8128333333333333 0.5976666666666666 0.9931666666666668 0.9935000000000003 0.0 0.0 0.0 0.026166666666666675 0.8363333333333333 0.7826666666666664 0.0 0.0 0.0 0.0 0.0008333333333333333 0.0 0.47033333333333327 0.5589999999999998 0.728 0.9471666666666669 0.9661666666666667 0.9618333333333333 
0.13499999999999998 0.325 0.7528333333333334 0.7386666666666667 0.7393333333333334 0.6854999999999998 0.7105 0.4936666666666667 0.5369999999999999 0.42366666666666675 0.13366666666666666 0.18483333333333335 0.13383333333333333 0.21100000000000002 0.3718333333333333 0.3665 0.2374999999999999 0.23716666666666658 0.7565 1.0 0.4733333333333333 0.19116666666666668 0.7401666666666665 0.7403333333333333 0.74 0.7398333333333333 0.7386666666666667 0.7401666666666666 0.2374999999999999 0.23733333333333323 0.7553333333333333 0.7380000000000001 0.23649999999999985 0.23566666666666655 0.6735 0.6226666666666667 0.7596666666666665 0.7471666666666663 0.7716666666666664 0.772 0.3475000000000001 0.2374999999999999 0.5091666666666665 0.45099999999999996 0.4891666666666668 0.23633333333333317 0.46599999999999986 0.47033333333333316 0.24249999999999988 0.31766666666666676 0.2206666666666666 0.23633333333333323 0.4336666666666666 0.6793333333333333 0.35550000000000004 0.5095000000000001 0.23733333333333323 0.23733333333333323 0.23733333333333323 0.23733333333333323 0.17233333333333334 0.26316666666666666 0.24966666666666668 0.2384999999999999 0.6681666666666668 0.7043333333333335 0.45833333333333337 0.23433333333333323 0.9221666666666666 0.730833333333333 0.755 0.7568333333333332 0.23733333333333323 0.2374999999999999 0.23683333333333323 0.15649999999999997 0.8436666666666665 0.5440000000000002 0.2374999999999999 0.23733333333333323 0.2374999999999999 0.23733333333333323 0.20949999999999996 0.23733333333333323 0.3586666666666667 0.5380000000000001 0.5675000000000001 0.7548333333333334 0.7268333333333333 0.7230000000000001 
0.09016666666666669 0.07066666666666667 0.6481666666666667 0.6573333333333332 0.6555 0.6035 0.6116666666666665 0.31916666666666665 0.36666666666666664 0.26016666666666666 0.1201666666666667 0.04066666666666666 0.12783333333333333 0.04083333333333333 0.1863333333333334 0.048 0.10600000000000001 0.10683333333333334 0.6461666666666666 0.4733333333333333 1.0 0.5169999999999999 0.6539999999999998 0.6553333333333333 0.6583333333333331 0.6579999999999998 0.6598333333333332 0.6559999999999999 0.10616666666666666 0.10566666666666666 0.6488333333333334 0.6556666666666666 0.10566666666666666 0.1071666666666667 0.7253333333333333 0.78 0.6884999999999998 0.2444999999999999 0.6781666666666669 0.6695000000000002 0.07633333333333334 0.13983333333333337 0.8861666666666664 0.507 0.9053333333333333 0.15516666666666676 0.9150000000000001 0.9124999999999999 0.2961666666666667 0.3705 0.5823333333333333 0.15433333333333332 0.562 0.228 0.6021666666666667 0.477 0.10383333333333335 0.10716666666666667 0.10733333333333334 0.10683333333333335 0.04283333333333332 0.04299999999999999 0.09849999999999999 0.1056666666666667 0.5621666666666666 0.6144999999999999 0.9361666666666666 0.18016666666666667 0.4695 0.27949999999999997 0.6465 0.6485000000000001 0.10433333333333333 0.10516666666666667 0.10383333333333335 0.12983333333333336 0.49500000000000005 0.5045000000000001 0.10566666666666669 0.1056666666666667 0.107 0.10833333333333334 0.10650000000000003 0.10450000000000001 0.3863333333333333 0.8121666666666666 0.7206666666666665 0.6695 0.6524999999999999 0.6491666666666666 
0.49716666666666676 0.18899999999999997 0.33416666666666667 0.34816666666666657 0.3464999999999999 0.39483333333333326 0.37033333333333324 0.5875 0.5526666666666668 0.5691666666666666 0.5328333333333334 0.4686666666666667 0.5405000000000001 0.4106666666666666 0.5206666666666667 0.317 0.21033333333333334 0.21033333333333332 0.33 0.19116666666666668 0.5169999999999999 1.0 0.3454999999999999 0.34533333333333327 0.34816666666666657 0.3486666666666665 0.35033333333333316 0.3461666666666666 0.21299999999999994 0.20983333333333334 0.3303333333333333 0.34566666666666657 0.2093333333333333 0.21033333333333334 0.407 0.4461666666666668 0.27216666666666667 0.25783333333333336 0.2801666666666667 0.28800000000000003 0.1893333333333333 0.24350000000000002 0.4561666666666666 0.4056666666666666 0.5369999999999999 0.2603333333333333 0.48000000000000015 0.4856666666666667 0.4149999999999999 0.38983333333333337 0.7601666666666667 0.2755 0.4283333333333333 0.20266666666666666 0.4125 0.32599999999999996 0.20616666666666666 0.20983333333333326 0.21166666666666667 0.21216666666666661 0.47100000000000003 0.3506666666666666 0.27633333333333326 0.2168333333333333 0.3900000000000001 0.366 0.5241666666666668 0.32833333333333337 0.22966666666666666 0.3151666666666667 0.32933333333333337 0.33199999999999996 0.22199999999999995 0.2216666666666666 0.24183333333333337 0.3121666666666666 0.23866666666666667 0.2546666666666667 0.20916666666666667 0.2083333333333333 0.2103333333333333 0.2131666666666666 0.2138333333333333 0.2093333333333333 0.35483333333333356 0.4606666666666666 0.30466666666666664 0.31733333333333336 0.34383333333333327 0.34533333333333316 
0.1888333333333334 0.08150000000000004 0.9844999999999999 0.9936666666666669 0.9933333333333336 0.9320000000000002 0.9488333333333335 0.6465000000000001 0.6963333333333331 0.584333333333333 0.272 0.138 0.2798333333333333 0.14600000000000002 0.5219999999999999 0.29150000000000004 0.0 0.0 0.9798333333333334 0.7401666666666665 0.6539999999999998 0.3454999999999999 1.0 0.9948333333333335 0.9923333333333336 0.992166666666667 0.9910000000000002 0.9925000000000002 0.0 0.0 0.9788333333333334 0.9938333333333336 0.0 0.0 0.9209999999999998 0.8611666666666666 0.9159999999999998 0.5711666666666665 0.9261666666666667 0.9330000000000003 0.10583333333333333 0.0 0.6736666666666666 0.2201666666666667 0.6955 0.00016666666666666666 0.6309999999999997 0.6446666666666667 0.007833333333333333 0.08316666666666665 0.2773333333333334 0.0006666666666666666 0.4196666666666667 0.4849999999999999 0.46699999999999997 0.5353333333333334 0.0 0.0 0.0 0.0 0.13049999999999998 0.12866666666666668 0.05733333333333334 0.0011666666666666668 0.8886666666666667 0.9403333333333339 0.653 0.0013333333333333333 0.7964999999999999 0.6141666666666665 0.978 0.9796666666666668 0.0 0.0 0.0 0.026000000000000006 0.8193333333333332 0.7704999999999999 0.0 0.0 0.0 0.0 0.0 0.0 0.4865 0.5741666666666666 0.7286666666666666 0.9610000000000004 0.9818333333333336 0.9788333333333337 
0.18850000000000008 0.08183333333333337 0.9836666666666669 0.9938333333333333 0.9925000000000003 0.9325000000000003 0.9483333333333335 0.6456666666666667 0.6964999999999998 0.584333333333333 0.2723333333333333 0.13766666666666671 0.28 0.14600000000000002 0.5211666666666668 0.29150000000000004 0.0 0.0 0.98 0.7403333333333333 0.6553333333333333 0.34533333333333327 0.9948333333333335 1.0 0.9921666666666669 0.9930000000000002 0.9918333333333337 0.9933333333333336 0.0 0.0 0.9786666666666666 0.9936666666666669 0.0 0.0 0.9199999999999997 0.8613333333333333 0.9159999999999998 0.5711666666666666 0.9271666666666666 0.9340000000000002 0.10633333333333335 0.0 0.6733333333333331 0.22 0.6956666666666664 0.00016666666666666666 0.6309999999999997 0.6448333333333334 0.007666666666666667 0.08316666666666665 0.277 0.0006666666666666666 0.4195 0.484 0.4668333333333333 0.5348333333333334 0.0 0.0 0.0 0.0 0.13016666666666668 0.1285 0.05766666666666667 0.0011666666666666668 0.888 0.9396666666666671 0.6538333333333334 0.0013333333333333333 0.797333333333333 0.6128333333333332 0.9788333333333331 0.9798333333333333 0.0 0.0 0.0 0.02583333333333334 0.8201666666666665 0.7709999999999997 0.0 0.0 0.0 0.0 0.0 0.0 0.4864999999999998 0.5744999999999999 0.7291666666666665 0.9615000000000005 0.9828333333333336 0.9778333333333336 
0.18716666666666676 0.08266666666666671 0.9821666666666666 0.9920000000000003 0.9910000000000001 0.9290000000000004 0.9448333333333335 0.6421666666666668 0.6923333333333332 0.5823333333333331 0.2688333333333333 0.13516666666666668 0.27666666666666667 0.1431666666666667 0.5178333333333331 0.2881666666666667 0.0008333333333333334 0.0008333333333333334 0.9778333333333334 0.74 0.6583333333333331 0.34816666666666657 0.9923333333333336 0.9921666666666669 1.0 0.9925000000000003 0.9916666666666668 0.9925000000000002 0.0008333333333333334 0.0008333333333333334 0.9788333333333334 0.9915000000000002 0.0011666666666666668 0.0015 0.9231666666666665 0.8644999999999997 0.9159999999999997 0.5690000000000001 0.9268333333333332 0.9340000000000002 0.10683333333333335 0.0011666666666666668 0.6761666666666667 0.22283333333333333 0.6994999999999999 0.0016666666666666668 0.6341666666666665 0.6486666666666667 0.009833333333333333 0.08549999999999996 0.27966666666666673 0.0018333333333333335 0.42216666666666663 0.48466666666666663 0.4686666666666666 0.5356666666666667 0.0008333333333333334 0.0008333333333333334 0.0008333333333333334 0.0008333333333333334 0.12849999999999998 0.127 0.05716666666666668 0.0025 0.8849999999999999 0.9373333333333338 0.6568333333333333 0.002833333333333333 0.7946666666666666 0.6113333333333333 0.9763333333333333 0.9776666666666668 0.0008333333333333334 0.0008333333333333334 0.0008333333333333334 0.027166666666666672 0.8166666666666665 0.7689999999999999 0.0008333333333333334 0.0008333333333333334 0.0008333333333333334 0.0008333333333333334 0.0008333333333333334 0.0008333333333333334 0.48449999999999993 0.578 0.73 0.9621666666666671 0.9788333333333334 0.9748333333333334 
