1.0 0.0285 0.7690000000000002 0.6090000000000001 0.9678333333333339 0.0018333333333333335 0.9548333333333335 0.6661666666666668 0.9755000000000004 0.20316666666666666 0.9848333333333337 0.3451666666666667 0.9808333333333334 0.9051666666666666 0.907 0.4236666666666665 0.42333333333333323 0.008833333333333334 0.9536666666666668 0.1985 0.011833333333333336 0.013666666666666666 0.9126666666666666 0.4466666666666665 0.028333333333333335 0.022333333333333334 0.08416666666666667 0.03133333333333334 0.2123333333333334 0.07866666666666668 0.13783333333333336 0.03300000000000001 0.0995 0.09083333333333332 0.03983333333333333 0.028333333333333335 0.027000000000000003 0.0003333333333333333 0.02733333333333333 0.001 0.11066666666666668 0.0006666666666666666 0.19350000000000006 0.32183333333333325 0.05416666666666666 0.04166666666666666 0.4401666666666668 0.5438333333333335 0.04233333333333334 0.0 0.0165 0.03533333333333334 0.005333333333333333 0.0011666666666666668 0.001 0.002833333333333333 0.0 0.0 0.38916666666666655 0.0955 0.981666666666667 0.19916666666666671 0.4093333333333333 0.15833333333333333 0.8006666666666667 0.6405 0.4084999999999999 0.22899999999999993 0.087 0.09100000000000001 0.19783333333333336 0.2643333333333333 0.7653333333333334 0.08166666666666669 0.9426666666666667 0.7036666666666668 0.6196666666666666 0.17566666666666667 0.01433333333333334 0.013833333333333335 0.065 0.0 0.406 0.001 0.29000000000000004 0.038500000000000006 0.038333333333333344 0.02900000000000001 0.8270000000000002 0.3003333333333333 
0.0285 1.0 0.023666666666666666 0.036333333333333336 0.02650000000000001 0.6928333333333333 0.027333333333333334 0.33249999999999985 0.025833333333333333 0.48449999999999993 0.027333333333333338 0.5478333333333334 0.028833333333333343 0.06316666666666666 0.03966666666666667 0.4695000000000001 0.14899999999999997 0.7873333333333333 0.031666666666666676 0.6831666666666668 0.3718333333333333 0.25883333333333325 0.028166666666666673 0.07666666666666669 0.21883333333333335 0.1911666666666667 0.17033333333333334 0.1751666666666667 0.5800000000000001 0.7283333333333336 0.17066666666666666 0.5046666666666668 0.7746666666666665 0.7563333333333335 0.16833333333333333 0.17083333333333328 0.21616666666666667 0.6331666666666667 0.2321666666666666 0.6245 0.2826666666666667 0.6971666666666667 0.12583333333333332 0.051833333333333315 0.1746666666666666 0.5310000000000001 0.03566666666666667 0.183 0.3738333333333334 0.6493333333333333 0.37016666666666664 0.4018333333333333 0.7923333333333332 0.5309999999999999 0.7619999999999999 0.7789999999999999 0.7396666666666667 0.7593333333333332 0.26349999999999996 0.5781666666666667 0.028999999999999998 0.6856666666666666 0.5051666666666668 0.7218333333333333 0.073 0.16466666666666666 0.0395 0.24100000000000002 0.7668333333333335 0.764 0.22950000000000015 0.14700000000000002 0.16966666666666666 0.7813333333333335 0.05466666666666667 0.2161666666666666 0.09416666666666668 0.6391666666666667 0.7251666666666666 0.7818333333333333 0.768 0.7969999999999999 0.45099999999999996 0.6791666666666667 0.15816666666666668 0.1728333333333333 0.19349999999999998 0.17300000000000001 0.12316666666666666 0.4653333333333334 
0.7690000000000002 0.023666666666666666 1.0 0.7290000000000002 0.7919999999999999 0.026333333333333337 0.8053333333333331 0.5870000000000001 0.7851666666666668 0.1696666666666667 0.7764999999999997 0.3011666666666667 0.7573333333333333 0.6865000000000001 0.6826666666666668 0.38049999999999995 0.5431666666666668 0.006999999999999999 0.7279999999999999 0.16183333333333333 0.1891666666666667 0.2033333333333334 0.7751666666666667 0.6335 0.22416666666666668 0.21633333333333338 0.2793333333333333 0.22516666666666668 0.17833333333333332 0.04600000000000001 0.314 0.05299999999999999 0.06366666666666666 0.05499999999999999 0.23599999999999993 0.22449999999999995 0.21766666666666662 0.007833333333333333 0.21899999999999994 0.03083333333333333 0.2975 0.006166666666666666 0.39366666666666683 0.5233333333333333 0.2513333333333332 0.07150000000000001 0.5803333333333331 0.6450000000000002 0.15066666666666667 0.013000000000000001 0.17266666666666663 0.15183333333333335 0.006166666666666667 0.0765 0.006500000000000002 0.003 0.014833333333333336 0.009666666666666667 0.5058333333333335 0.07166666666666666 0.7756666666666667 0.16283333333333336 0.3721666666666666 0.12216666666666667 0.819 0.48533333333333323 0.5943333333333333 0.3925 0.05116666666666667 0.05483333333333333 0.34966666666666674 0.41399999999999987 0.5509999999999998 0.0826666666666667 0.7213333333333335 0.5121666666666667 0.7249999999999999 0.14449999999999996 0.013500000000000002 0.0085 0.03566666666666666 0.0013333333333333333 0.3606666666666667 0.004333333333333333 0.47716666666666685 0.23383333333333337 0.22500000000000003 0.22216666666666662 0.6333333333333333 0.21683333333333332 
0.6090000000000001 0.036333333333333336 0.7290000000000002 1.0 0.6298333333333334 0.059 0.6396666666666665 0.5283333333333332 0.6258333333333334 0.23783333333333334 0.6155000000000002 0.13233333333333336 0.5983333333333332 0.5253333333333333 0.5226666666666666 0.21049999999999994 0.4116666666666668 0.05083333333333333 0.5676666666666665 0.13433333333333333 0.20800000000000007 0.293 0.6108333333333333 0.446 0.3418333333333333 0.36399999999999993 0.4316666666666666 0.3741666666666666 0.08316666666666667 0.086 0.38983333333333337 0.18600000000000005 0.06866666666666667 0.08466666666666665 0.3886666666666666 0.3778333333333334 0.3613333333333334 0.13316666666666666 0.3674999999999999 0.1286666666666667 0.23783333333333329 0.09783333333333337 0.37866666666666665 0.49333333333333323 0.364 0.09566666666666666 0.7251666666666665 0.5201666666666667 0.22766666666666663 0.031999999999999994 0.18499999999999997 0.1728333333333333 0.010833333333333337 0.09216666666666667 0.041166666666666664 0.022833333333333337 0.042833333333333314 0.027166666666666662 0.5153333333333333 0.08049999999999999 0.6161666666666666 0.12833333333333333 0.21349999999999997 0.10800000000000001 0.6586666666666667 0.6191666666666665 0.7403333333333335 0.4166666666666666 0.07216666666666666 0.07283333333333333 0.3406666666666666 0.3491666666666666 0.3936666666666666 0.006166666666666667 0.5611666666666667 0.37166666666666665 0.5431666666666667 0.058666666666666666 0.07250000000000001 0.05466666666666667 0.061666666666666634 0.035500000000000004 0.21366666666666675 0.09733333333333336 0.3208333333333333 0.3866666666666667 0.3541666666666666 0.3685 0.4836666666666668 0.3208333333333333 
0.9678333333333339 0.02650000000000001 0.7919999999999999 0.6298333333333334 1.0 0.009666666666666667 0.9650000000000003 0.6645000000000002 0.980666666666667 0.20316666666666663 0.9740000000000003 0.33366666666666667 0.9603333333333336 0.8876666666666665 0.8846666666666665 0.4121666666666666 0.41666666666666674 0.006833333333333334 0.9321666666666666 0.18550000000000005 0.023500000000000007 0.025333333333333333 0.925 0.46099999999999985 0.040333333333333325 0.034833333333333334 0.09683333333333334 0.044 0.20049999999999998 0.06766666666666667 0.1405 0.0335 0.087 0.07866666666666665 0.052499999999999984 0.04083333333333333 0.038833333333333345 0.0005 0.03883333333333334 0.002 0.12216666666666663 0.00016666666666666666 0.20833333333333337 0.33716666666666656 0.06566666666666665 0.04166666666666667 0.4415 0.5373333333333333 0.04266666666666667 0.001 0.02949999999999999 0.04716666666666665 0.0055 0.003 0.0013333333333333333 0.003 0.0003333333333333333 0.0005 0.407 0.08366666666666664 0.9738333333333337 0.1863333333333333 0.3968333333333334 0.14549999999999996 0.8178333333333333 0.6341666666666667 0.42800000000000005 0.24816666666666676 0.07466666666666666 0.07849999999999999 0.20283333333333328 0.26466666666666666 0.7473333333333335 0.08183333333333337 0.9253333333333331 0.6851666666666665 0.6186666666666667 0.16400000000000003 0.011333333333333336 0.010166666666666668 0.05416666666666667 0.00016666666666666666 0.3931666666666668 0.0008333333333333334 0.3025 0.05099999999999999 0.05016666666666667 0.0415 0.8215000000000003 0.29333333333333345 
0.0018333333333333335 0.6928333333333333 0.026333333333333337 0.059 0.009666666666666667 1.0 0.012666666666666668 0.2903333333333333 0.007333333333333334 0.6741666666666665 0.0025 0.3449999999999999 0.0015 0.0045 0.0045000000000000005 0.33849999999999986 0.04116666666666668 0.6869999999999998 0.0023333333333333335 0.5259999999999999 0.5908333333333332 0.502 0.02033333333333333 0.2341666666666666 0.4325 0.44666666666666666 0.4074999999999999 0.4341666666666667 0.36783333333333323 0.5883333333333333 0.1418333333333333 0.5573333333333332 0.526 0.5598333333333333 0.40783333333333316 0.40899999999999986 0.4091666666666665 0.7435 0.39149999999999996 0.7545000000000001 0.3878333333333333 0.7448333333333333 0.21700000000000003 0.1475 0.21450000000000002 0.47800000000000004 0.05733333333333332 0.056666666666666664 0.4134999999999999 0.7351666666666666 0.5808333333333333 0.6133333333333333 0.8856666666666666 0.6266666666666667 0.892 0.8796666666666666 0.6108333333333333 0.6498333333333332 0.22616666666666668 0.45350000000000007 0.0018333333333333335 0.5181666666666666 0.3733333333333334 0.5251666666666666 0.09933333333333332 0.23866666666666667 0.06783333333333336 0.2863333333333333 0.5653333333333334 0.5525000000000001 0.3906666666666666 0.22433333333333338 0.05116666666666667 0.7440000000000001 0.005333333333333333 0.09466666666666666 0.033 0.5405000000000001 0.6248333333333334 0.6941666666666666 0.6014999999999998 0.8885 0.325 0.7646666666666667 0.37633333333333335 0.4258333333333333 0.4075 0.4343333333333333 0.14816666666666667 0.5601666666666665 
0.9548333333333335 0.027333333333333334 0.8053333333333331 0.6396666666666665 0.9650000000000003 0.012666666666666668 1.0 0.6581666666666667 0.9643333333333337 0.20066666666666666 0.9576666666666668 0.33616666666666667 0.9440000000000001 0.8708333333333336 0.8696666666666666 0.4144999999999998 0.4316666666666667 0.007833333333333335 0.9161666666666666 0.1895 0.040999999999999995 0.04349999999999999 0.9148333333333332 0.4778333333333334 0.058166666666666644 0.05216666666666665 0.11400000000000002 0.06133333333333331 0.20333333333333328 0.07 0.16099999999999998 0.03333333333333333 0.09049999999999997 0.08183333333333334 0.0698333333333333 0.05799999999999997 0.057 0.0003333333333333333 0.056833333333333326 0.0031666666666666666 0.14033333333333334 0.0005 0.22633333333333333 0.35399999999999976 0.08483333333333333 0.04200000000000001 0.46166666666666667 0.5436666666666669 0.054333333333333345 0.00016666666666666666 0.04566666666666666 0.062499999999999965 0.005166666666666666 0.004333333333333333 0.002 0.002833333333333333 0.0003333333333333333 0.0005 0.42216666666666675 0.08766666666666662 0.9555000000000002 0.1901666666666667 0.4010000000000001 0.14933333333333335 0.8276666666666668 0.6173333333333332 0.44616666666666666 0.2644999999999999 0.07799999999999999 0.08199999999999999 0.213 0.2858333333333334 0.73 0.08133333333333337 0.9089999999999999 0.6678333333333333 0.6375000000000002 0.16700000000000004 0.012500000000000004 0.011500000000000002 0.056666666666666664 0.0 0.3961666666666667 0.0006666666666666666 0.31950000000000006 0.06816666666666664 0.06833333333333333 0.05883333333333332 0.8034999999999998 0.28650000000000003 
0.6661666666666668 0.33249999999999985 0.5870000000000001 0.5283333333333332 0.6645000000000002 0.2903333333333333 0.6581666666666667 1.0 0.6658333333333336 0.43866666666666665 0.6673333333333334 0.48933333333333345 0.6571666666666668 0.5848333333333334 0.5864999999999998 0.5713333333333331 0.29083333333333344 0.29466666666666663 0.6315000000000002 0.48516666666666675 0.06816666666666668 0.032 0.6084999999999998 0.2853333333333332 0.03016666666666667 0.013499999999999998 0.04083333333333333 0.010000000000000002 0.3618333333333333 0.36133333333333334 0.15450000000000003 0.27899999999999986 0.39566666666666656 0.3753333333333333 0.009333333333333334 0.007666666666666666 0.004333333333333333 0.23683333333333337 0.0055 0.22766666666666668 0.026666666666666665 0.26049999999999995 0.11833333333333336 0.2378333333333333 0.04966666666666666 0.19966666666666671 0.4088333333333335 0.4403333333333333 0.05716666666666666 0.18299999999999997 0.07516666666666667 0.099 0.31699999999999984 0.11816666666666667 0.29866666666666664 0.31383333333333324 0.17933333333333334 0.19050000000000003 0.4626666666666668 0.2658333333333333 0.6655000000000001 0.48133333333333334 0.5626666666666668 0.4536666666666666 0.5606666666666666 0.4933333333333333 0.3868333333333333 0.3015 0.3793333333333333 0.38466666666666655 0.15383333333333338 0.2096666666666667 0.5078333333333335 0.27216666666666667 0.6293333333333334 0.5006666666666668 0.4311666666666666 0.3316666666666667 0.28616666666666674 0.3006666666666666 0.3548333333333334 0.3006666666666667 0.5403333333333332 0.2688333333333332 0.13049999999999998 0.011166666666666667 0.007000000000000001 0.006666666666666666 0.5288333333333332 0.4863333333333334 
0.9755000000000004 0.025833333333333333 0.7851666666666668 0.6258333333333334 0.980666666666667 0.007333333333333334 0.9643333333333337 0.6658333333333336 1.0 0.2023333333333333 0.9810000000000003 0.3363333333333334 0.9683333333333336 0.8926666666666664 0.8916666666666664 0.41416666666666657 0.41833333333333345 0.0085 0.9371666666666668 0.18900000000000003 0.019500000000000007 0.021500000000000005 0.9228333333333332 0.45516666666666644 0.03633333333333332 0.03016666666666666 0.09216666666666665 0.03933333333333333 0.203 0.07050000000000001 0.13949999999999999 0.03233333333333333 0.09016666666666666 0.08166666666666668 0.047833333333333325 0.036166666666666666 0.035 0.0003333333333333333 0.034999999999999996 0.0015 0.1183333333333333 0.0005 0.20400000000000007 0.3316666666666665 0.06166666666666666 0.040999999999999995 0.44366666666666676 0.5371666666666667 0.04233333333333334 0.0 0.024166666666666666 0.04366666666666666 0.005333333333333333 0.0018333333333333333 0.001 0.002666666666666667 0.0 0.00016666666666666666 0.40366666666666684 0.08666666666666664 0.979166666666667 0.18966666666666668 0.4001666666666667 0.149 0.8138333333333333 0.6375 0.4223333333333334 0.24283333333333337 0.0775 0.08166666666666667 0.19983333333333328 0.2638333333333333 0.752 0.08150000000000004 0.9301666666666667 0.6908333333333333 0.6181666666666665 0.16633333333333333 0.012500000000000004 0.011500000000000002 0.05683333333333333 0.0 0.39666666666666667 0.0005 0.2975 0.046333333333333344 0.04650000000000002 0.036833333333333336 0.8233333333333338 0.29333333333333333 
0.20316666666666666 0.48449999999999993 0.1696666666666667 0.23783333333333334 0.20316666666666663 0.6741666666666665 0.20066666666666666 0.43866666666666665 0.2023333333333333 1.0 0.20266666666666666 0.4159999999999999 0.2028333333333333 0.20583333333333337 0.20550000000000004 0.43266666666666664 0.07233333333333332 0.4875 0.20366666666666666 0.32233333333333336 0.3793333333333333 0.4153333333333334 0.21066666666666664 0.318 0.39350000000000007 0.44616666666666654 0.4356666666666665 0.4453333333333332 0.325 0.3996666666666666 0.11200000000000002 0.5606666666666666 0.3183333333333334 0.3526666666666667 0.4243333333333333 0.4245000000000001 0.42283333333333345 0.7191666666666667 0.4063333333333333 0.637 0.3148333333333333 0.6588333333333333 0.2083333333333333 0.12299999999999998 0.20783333333333331 0.2976666666666667 0.10300000000000001 0.16966666666666672 0.326 0.5398333333333333 0.3698333333333334 0.41783333333333333 0.6725 0.4691666666666666 0.6531666666666668 0.6763333333333331 0.4336666666666666 0.4558333333333334 0.04183333333333332 0.2585 0.20183333333333334 0.31366666666666676 0.3975 0.31233333333333335 0.273 0.4705 0.10366666666666666 0.08816666666666668 0.3538333333333334 0.3405 0.45316666666666655 0.22216666666666665 0.24266666666666661 0.573 0.20716666666666672 0.23416666666666672 0.1761666666666667 0.409 0.4778333333333334 0.4920000000000001 0.3913333333333333 0.6748333333333334 0.3963333333333333 0.6835000000000001 0.42066666666666663 0.4391666666666667 0.4216666666666665 0.44816666666666655 0.3464999999999999 0.5903333333333335 
0.9848333333333337 0.027333333333333338 0.7764999999999997 0.6155000000000002 0.9740000000000003 0.0025 0.9576666666666668 0.6673333333333334 0.9810000000000003 0.20266666666666666 1.0 0.3403333333333334 0.9756666666666668 0.9033333333333331 0.9 0.4186666666666666 0.42100000000000004 0.007833333333333335 0.9461666666666667 0.19316666666666674 0.013500000000000003 0.015833333333333335 0.9156666666666666 0.4496666666666665 0.030666666666666672 0.0245 0.08649999999999998 0.03366666666666667 0.20733333333333334 0.07366666666666666 0.13583333333333342 0.03183333333333334 0.09466666666666666 0.08599999999999998 0.042166666666666665 0.0305 0.029333333333333333 0.0003333333333333333 0.029333333333333336 0.0008333333333333333 0.11283333333333335 0.0005 0.1971666666666667 0.3256666666666666 0.05583333333333331 0.041166666666666664 0.4396666666666667 0.5428333333333335 0.04366666666666668 0.0 0.018000000000000006 0.037333333333333336 0.005333333333333333 0.0018333333333333333 0.0008333333333333334 0.002666666666666667 0.00016666666666666666 0.0003333333333333333 0.39416666666666667 0.09099999999999998 0.9845000000000003 0.19416666666666665 0.4050000000000001 0.15349999999999997 0.8036666666666668 0.6393333333333333 0.41566666666666663 0.23349999999999999 0.08200000000000002 0.08616666666666667 0.20016666666666663 0.26266666666666666 0.7586666666666667 0.08150000000000004 0.9394999999999999 0.7005 0.6171666666666668 0.17083333333333336 0.01266666666666667 0.011166666666666667 0.05983333333333332 0.0 0.40100000000000013 0.0005 0.2921666666666667 0.04066666666666667 0.040666666666666684 0.031166666666666672 0.8278333333333336 0.29866666666666664 
0.3451666666666667 0.5478333333333334 0.3011666666666667 0.13233333333333336 0.33366666666666667 0.3449999999999999 0.33616666666666667 0.48933333333333345 0.3363333333333334 0.4159999999999999 0.3403333333333334 1.0 0.3549999999999999 0.41650000000000004 0.42433333333333323 0.8611666666666667 0.4476666666666666 0.6069999999999999 0.3764999999999999 0.7178333333333334 0.008833333333333334 0.004666666666666666 0.30950000000000005 0.21650000000000003 0.003 0.0031666666666666666 0.012000000000000004 0.0023333333333333335 0.8504999999999999 0.7005000000000001 0.2575 0.489 0.7284999999999998 0.7296666666666667 0.0023333333333333335 0.0023333333333333335 0.034499999999999996 0.40816666666666684 0.04816666666666667 0.3561666666666665 0.16299999999999998 0.43316666666666653 0.1505 0.1195 0.11283333333333333 0.31866666666666676 0.11933333333333333 0.4806666666666666 0.08099999999999997 0.25500000000000006 0.014666666666666672 0.030333333333333337 0.41450000000000015 0.14283333333333334 0.40183333333333315 0.40449999999999997 0.3421666666666666 0.34666666666666673 0.11133333333333331 0.4996666666666666 0.33733333333333326 0.7183333333333337 0.8511666666666667 0.7108333333333333 0.26133333333333325 0.14950000000000002 0.10316666666666667 0.08033333333333335 0.7234999999999999 0.7301666666666669 0.111 0.27399999999999997 0.5103333333333334 0.5744999999999999 0.389 0.5338333333333332 0.47416666666666657 0.7 0.6128333333333333 0.6048333333333332 0.6900000000000002 0.42816666666666675 0.8340000000000001 0.42666666666666664 0.184 0.0023333333333333335 0.014833333333333334 0.0023333333333333335 0.3058333333333334 0.30933333333333335 
0.9808333333333334 0.028833333333333343 0.7573333333333333 0.5983333333333332 0.9603333333333336 0.0015 0.9440000000000001 0.6571666666666668 0.9683333333333336 0.2028333333333333 0.9756666666666668 0.3549999999999999 1.0 0.9079999999999997 0.9156666666666667 0.4325 0.42849999999999994 0.0115 0.9598333333333336 0.20749999999999996 0.01 0.012000000000000002 0.9083333333333334 0.44366666666666654 0.027000000000000003 0.021 0.08283333333333331 0.030000000000000006 0.2218333333333333 0.08716666666666668 0.14633333333333332 0.035500000000000004 0.10916666666666669 0.1005 0.038499999999999986 0.026999999999999996 0.026000000000000002 0.0003333333333333333 0.02616666666666667 0.0008333333333333333 0.10950000000000003 0.0005 0.19083333333333338 0.31749999999999995 0.05499999999999998 0.04416666666666667 0.4295000000000001 0.5464999999999999 0.04183333333333335 0.0 0.015166666666666669 0.03466666666666668 0.005333333333333333 0.0011666666666666668 0.0006666666666666666 0.0025 0.0006666666666666666 0.0008333333333333333 0.3786666666666666 0.10533333333333335 0.9725000000000003 0.2088333333333333 0.41833333333333345 0.16799999999999998 0.7909999999999999 0.6338333333333332 0.39899999999999985 0.22066666666666668 0.0965 0.1006666666666667 0.19649999999999995 0.27283333333333326 0.7686666666666667 0.08233333333333336 0.9450000000000002 0.7093333333333334 0.6276666666666668 0.1845 0.018166666666666668 0.0175 0.07333333333333333 0.0 0.4156666666666668 0.0006666666666666666 0.28833333333333333 0.03716666666666666 0.03716666666666668 0.02766666666666667 0.8205000000000001 0.3035 
0.9051666666666666 0.06316666666666666 0.6865000000000001 0.5253333333333333 0.8876666666666665 0.0045 0.8708333333333336 0.5848333333333334 0.8926666666666664 0.20583333333333337 0.9033333333333331 0.41650000000000004 0.9079999999999997 1.0 0.9003333333333332 0.4275 0.489 0.07350000000000002 0.8861666666666664 0.20866666666666664 0.011666666666666669 0.013000000000000001 0.8325 0.3969999999999999 0.028000000000000004 0.0215 0.08349999999999999 0.030666666666666672 0.28333333333333327 0.14933333333333332 0.20233333333333334 0.06533333333333331 0.16616666666666663 0.15966666666666662 0.03916666666666666 0.027500000000000004 0.031 0.0025 0.034166666666666665 0.010666666666666668 0.11883333333333333 0.010833333333333335 0.21633333333333332 0.26099999999999995 0.10783333333333331 0.0965 0.35516666666666663 0.4764999999999999 0.0675 0.0021666666666666666 0.01683333333333334 0.036666666666666674 0.008 0.0036666666666666666 0.008 0.005833333333333333 0.032833333333333325 0.03266666666666666 0.3066666666666667 0.14049999999999999 0.8984999999999996 0.21349999999999997 0.3981666666666665 0.18850000000000006 0.7221666666666667 0.5803333333333333 0.32633333333333325 0.16433333333333333 0.15666666666666665 0.15883333333333333 0.19766666666666668 0.28633333333333333 0.8186666666666667 0.11966666666666664 0.8808333333333335 0.7681666666666668 0.6028333333333334 0.20783333333333331 0.08033333333333335 0.07500000000000001 0.13466666666666666 0.003 0.41250000000000014 0.0034999999999999996 0.2891666666666667 0.03766666666666667 0.04033333333333334 0.028166666666666684 0.7893333333333333 0.2773333333333333 
0.907 0.03966666666666667 0.6826666666666668 0.5226666666666666 0.8846666666666665 0.0045000000000000005 0.8696666666666666 0.5864999999999998 0.8916666666666664 0.20550000000000004 0.9 0.42433333333333323 0.9156666666666667 0.9003333333333332 1.0 0.49483333333333346 0.498 0.07983333333333335 0.9296666666666663 0.2813333333333333 0.009500000000000001 0.011333333333333338 0.8521666666666667 0.3918333333333333 0.0255 0.019333333333333334 0.08033333333333331 0.028499999999999998 0.2986666666666667 0.16383333333333333 0.2143333333333333 0.09166666666666666 0.18466666666666673 0.17616666666666664 0.0365 0.025000000000000005 0.025999999999999995 0.0023333333333333335 0.025333333333333336 0.003 0.10916666666666666 0.0045 0.1648333333333333 0.25199999999999995 0.08716666666666667 0.08033333333333333 0.3586666666666666 0.47583333333333344 0.0415 0.0005 0.014833333333333336 0.03416666666666667 0.007333333333333334 0.0011666666666666668 0.004833333333333333 0.006333333333333333 0.005166666666666666 0.005666666666666666 0.304 0.17950000000000008 0.8983333333333329 0.2843333333333334 0.4611666666666666 0.24233333333333332 0.718 0.5893333333333335 0.3243333333333333 0.15733333333333335 0.1726666666666667 0.17649999999999996 0.1948333333333333 0.32266666666666666 0.8336666666666668 0.09600000000000002 0.8891666666666669 0.7816666666666667 0.669 0.24500000000000008 0.09033333333333335 0.08933333333333333 0.14650000000000005 0.0023333333333333335 0.489 0.004 0.2863333333333333 0.034999999999999996 0.037333333333333336 0.02666666666666667 0.795666666666667 0.2626666666666666 
0.4236666666666665 0.4695000000000001 0.38049999999999995 0.21049999999999994 0.4121666666666666 0.33849999999999986 0.4144999999999998 0.5713333333333331 0.41416666666666657 0.43266666666666664 0.4186666666666666 0.8611666666666667 0.4325 0.4275 0.49483333333333346 1.0 0.34483333333333327 0.5096666666666666 0.4616666666666665 0.7518333333333334 0.006666666666666667 0.002 0.3999999999999999 0.27666666666666667 0.001 0.003166666666666667 0.011166666666666668 0.0021666666666666666 0.7581666666666668 0.6094999999999999 0.22516666666666663 0.48033333333333333 0.6525 0.6459999999999999 0.0025 0.0025 0.01966666666666667 0.4093333333333334 0.027833333333333342 0.3393333333333334 0.14283333333333337 0.41583333333333344 0.10166666666666668 0.2028333333333333 0.07566666666666666 0.29183333333333333 0.19300000000000003 0.5556666666666666 0.032 0.23983333333333337 0.008333333333333333 0.022166666666666668 0.401 0.13366666666666668 0.3851666666666665 0.40666666666666673 0.268 0.27033333333333326 0.17750000000000005 0.45799999999999996 0.415 0.7528333333333334 0.9208333333333336 0.7153333333333332 0.3376666666666665 0.19399999999999998 0.17583333333333337 0.15566666666666673 0.6428333333333334 0.6503333333333333 0.10933333333333334 0.28366666666666673 0.4141666666666666 0.49599999999999994 0.41100000000000003 0.42516666666666675 0.5808333333333332 0.6973333333333334 0.5146666666666667 0.5161666666666668 0.6003333333333333 0.41383333333333333 0.9185000000000001 0.42849999999999994 0.1886666666666667 0.002833333333333333 0.007166666666666669 0.0036666666666666666 0.33283333333333326 0.3483333333333332 
0.42333333333333323 0.14899999999999997 0.5431666666666668 0.4116666666666668 0.41666666666666674 0.04116666666666668 0.4316666666666667 0.29083333333333344 0.41833333333333345 0.07233333333333332 0.42100000000000004 0.4476666666666666 0.42849999999999994 0.489 0.498 0.34483333333333327 1.0 0.21333333333333332 0.44183333333333347 0.24866666666666665 0.3468333333333333 0.35833333333333345 0.3975000000000001 0.43866666666666676 0.37366666666666665 0.35766666666666663 0.36749999999999994 0.3391666666666666 0.43250000000000016 0.2968333333333334 0.5381666666666668 0.14400000000000002 0.3046666666666667 0.30416666666666675 0.3695000000000001 0.36283333333333323 0.3574999999999999 0.034833333333333334 0.3693333333333333 0.08883333333333333 0.45266666666666666 0.06499999999999999 0.5101666666666668 0.45916666666666667 0.4751666666666667 0.2125 0.5105000000000001 0.5536666666666666 0.3568333333333334 0.08350000000000002 0.3111666666666667 0.2763333333333334 0.035166666666666666 0.19883333333333333 0.050499999999999996 0.029999999999999992 0.1796666666666667 0.15599999999999997 0.4218333333333333 0.30899999999999994 0.4181666666666667 0.2545 0.33149999999999996 0.25483333333333336 0.4298333333333333 0.20116666666666666 0.5265 0.32066666666666666 0.29966666666666675 0.30250000000000005 0.48766666666666664 0.6586666666666668 0.5665 0.20233333333333328 0.4536666666666667 0.5781666666666666 0.5865 0.308 0.22666666666666657 0.21316666666666667 0.2820000000000001 0.032499999999999994 0.3635000000000001 0.03583333333333333 0.45399999999999996 0.3698333333333334 0.3361666666666666 0.33233333333333315 0.39483333333333337 0.11783333333333333 
0.008833333333333334 0.7873333333333333 0.006999999999999999 0.05083333333333333 0.006833333333333334 0.6869999999999998 0.007833333333333335 0.29466666666666663 0.0085 0.4875 0.007833333333333335 0.6069999999999999 0.0115 0.07350000000000002 0.07983333333333335 0.5096666666666666 0.21333333333333332 1.0 0.028833333333333336 0.7243333333333334 0.3196666666666667 0.24066666666666653 0.020500000000000004 0.10333333333333336 0.1813333333333333 0.1865 0.154 0.1775 0.6496666666666668 0.8714999999999997 0.23250000000000004 0.5994999999999999 0.8 0.8410000000000001 0.15733333333333333 0.1595 0.21900000000000006 0.6418333333333333 0.23399999999999999 0.6298333333333334 0.25000000000000006 0.7063333333333333 0.15200000000000002 0.08683333333333337 0.23233333333333342 0.5821666666666666 0.05499999999999999 0.15666666666666665 0.34583333333333327 0.5641666666666668 0.31599999999999995 0.344 0.7223333333333335 0.4438333333333334 0.7501666666666668 0.7263333333333334 0.6533333333333335 0.6726666666666667 0.19050000000000003 0.5906666666666669 0.008333333333333333 0.7186666666666665 0.5368333333333333 0.7460000000000001 0.06083333333333335 0.1466666666666667 0.047833333333333325 0.22616666666666663 0.8423333333333332 0.8311666666666667 0.16116666666666668 0.11716666666666666 0.21583333333333332 0.7818333333333334 0.046999999999999986 0.2816666666666666 0.1175 0.6453333333333333 0.9166666666666667 0.9466666666666665 0.8838333333333334 0.7776666666666666 0.49816666666666665 0.686 0.11533333333333334 0.17200000000000007 0.19549999999999998 0.17600000000000007 0.02733333333333333 0.4421666666666667 
0.9536666666666668 0.031666666666666676 0.7279999999999999 0.5676666666666665 0.9321666666666666 0.0023333333333333335 0.9161666666666666 0.6315000000000002 0.9371666666666668 0.20366666666666666 0.9461666666666667 0.3764999999999999 0.9598333333333336 0.8861666666666664 0.9296666666666663 0.4616666666666665 0.44183333333333347 0.028833333333333336 1.0 0.23666666666666664 0.009333333333333332 0.0105 0.9015000000000002 0.4373333333333333 0.02433333333333334 0.018500000000000003 0.07883333333333331 0.027166666666666676 0.2476666666666666 0.1131666666666667 0.16699999999999995 0.051666666666666666 0.138 0.1286666666666667 0.035833333333333335 0.02433333333333334 0.02350000000000001 0.00016666666666666666 0.024333333333333335 0.0005 0.10766666666666669 0.0015 0.16799999999999993 0.29783333333333334 0.060999999999999985 0.05333333333333335 0.40099999999999986 0.5245000000000001 0.041000000000000016 0.0 0.014333333333333335 0.03400000000000001 0.005666666666666666 0.001 0.0015000000000000002 0.003166666666666667 0.0008333333333333333 0.001 0.3508333333333332 0.1331666666666667 0.9440000000000002 0.23733333333333337 0.4414999999999999 0.19566666666666663 0.7658333333333335 0.6258333333333335 0.3696666666666667 0.201 0.12533333333333335 0.12933333333333336 0.1938333333333333 0.2955000000000001 0.7808333333333333 0.08366666666666671 0.9273333333333333 0.7260000000000001 0.6528333333333332 0.21166666666666664 0.037333333333333336 0.037833333333333344 0.10100000000000002 0.00016666666666666666 0.44083333333333335 0.0015 0.28600000000000003 0.0345 0.03433333333333335 0.025 0.8056666666666669 0.30266666666666664 
0.1985 0.6831666666666668 0.16183333333333333 0.13433333333333333 0.18550000000000005 0.5259999999999999 0.1895 0.48516666666666675 0.18900000000000003 0.32233333333333336 0.19316666666666674 0.7178333333333334 0.20749999999999996 0.20866666666666664 0.2813333333333333 0.7518333333333334 0.24866666666666665 0.7243333333333334 0.23666666666666664 1.0 0.16583333333333333 0.06649999999999999 0.16883333333333334 0.06699999999999999 0.033166666666666664 0.012000000000000002 0.006833333333333334 0.006999999999999999 0.7213333333333333 0.8091666666666667 0.25983333333333325 0.4973333333333333 0.8766666666666667 0.8680000000000004 0.005666666666666666 0.006 0.023666666666666666 0.463 0.032999999999999995 0.42416666666666664 0.10549999999999998 0.5033333333333333 0.04699999999999999 0.10483333333333336 0.09016666666666666 0.4621666666666664 0.177 0.36433333333333345 0.13983333333333334 0.43016666666666675 0.17283333333333328 0.19166666666666665 0.6026666666666666 0.31250000000000006 0.5698333333333333 0.5888333333333332 0.45349999999999996 0.4736666666666666 0.32849999999999985 0.6816666666666668 0.1910000000000001 0.9596666666666672 0.7801666666666667 0.9376666666666668 0.11233333333333333 0.10533333333333335 0.15883333333333335 0.27749999999999997 0.8693333333333335 0.8805000000000005 0.04216666666666666 0.22716666666666663 0.25283333333333335 0.6040000000000001 0.21666666666666667 0.31549999999999995 0.36083333333333345 0.7424999999999998 0.6851666666666665 0.7278333333333334 0.8223333333333335 0.6136666666666667 0.7376666666666668 0.5109999999999999 0.0235 0.006500000000000001 0.010333333333333335 0.005666666666666666 0.12883333333333336 0.4328333333333334 
0.011833333333333336 0.3718333333333333 0.1891666666666667 0.20800000000000007 0.023500000000000007 0.5908333333333332 0.040999999999999995 0.06816666666666668 0.019500000000000007 0.3793333333333333 0.013500000000000003 0.008833333333333334 0.01 0.011666666666666669 0.009500000000000001 0.006666666666666667 0.3468333333333333 0.3196666666666667 0.009333333333333332 0.16583333333333333 1.0 0.8656666666666665 0.03983333333333333 0.4668333333333332 0.7880000000000001 0.7830000000000001 0.706 0.7455000000000003 0.04083333333333333 0.21583333333333335 0.4575000000000001 0.29450000000000004 0.20116666666666663 0.19149999999999995 0.7296666666666668 0.7426666666666668 0.7126666666666666 0.42749999999999994 0.7043333333333333 0.4976666666666666 0.6916666666666665 0.4261666666666667 0.5441666666666665 0.47833333333333333 0.5649999999999998 0.4674999999999999 0.33733333333333326 0.23000000000000004 0.6783333333333331 0.6201666666666664 0.8908333333333337 0.8213333333333331 0.5325000000000001 0.7421666666666666 0.5406666666666665 0.5315000000000001 0.5323333333333333 0.5253333333333333 0.4586666666666667 0.3434999999999999 0.014166666666666668 0.1661666666666666 0.016833333333333336 0.1794999999999999 0.18666666666666665 0.18750000000000003 0.37799999999999995 0.5505 0.2014999999999999 0.1929999999999999 0.6943333333333335 0.5426666666666667 0.01833333333333334 0.3746666666666667 0.007666666666666668 0.01866666666666667 0.20099999999999998 0.22366666666666668 0.2726666666666666 0.3268333333333333 0.2436666666666667 0.5301666666666668 0.021166666666666667 0.43616666666666665 0.6359999999999999 0.7456666666666668 0.7073333333333334 0.7421666666666669 0.14983333333333335 0.31666666666666665 
0.013666666666666666 0.25883333333333325 0.2033333333333334 0.293 0.025333333333333333 0.502 0.04349999999999999 0.032 0.021500000000000005 0.4153333333333334 0.015833333333333335 0.004666666666666666 0.012000000000000002 0.013000000000000001 0.011333333333333338 0.002 0.35833333333333345 0.24066666666666653 0.0105 0.06649999999999999 0.8656666666666665 1.0 0.042666666666666665 0.4943333333333332 0.8839999999999999 0.9020000000000004 0.8225 0.8700000000000001 0.08399999999999999 0.15633333333333338 0.533 0.37883333333333324 0.09066666666666669 0.10283333333333337 0.8476666666666668 0.8595 0.8345 0.5175 0.8261666666666663 0.5438333333333335 0.7656666666666667 0.47416666666666674 0.6495000000000001 0.5749999999999998 0.6713333333333334 0.3538333333333334 0.4598333333333333 0.2656666666666666 0.6438333333333336 0.4958333333333331 0.7823333333333332 0.7026666666666667 0.42283333333333345 0.6178333333333333 0.44783333333333336 0.4321666666666667 0.4163333333333334 0.4008333333333334 0.3399999999999999 0.2188333333333333 0.0155 0.06433333333333333 0.0026666666666666666 0.07283333333333335 0.19533333333333328 0.2445 0.4868333333333334 0.4665000000000001 0.10400000000000004 0.09133333333333335 0.73 0.5613333333333332 0.018333333333333333 0.30016666666666664 0.009000000000000001 0.0075000000000000015 0.21883333333333335 0.1743333333333333 0.2601666666666667 0.24633333333333332 0.1461666666666667 0.4278333333333334 0.027166666666666672 0.4911666666666667 0.6788333333333333 0.8644999999999999 0.8283333333333333 0.8668333333333332 0.15099999999999997 0.2760000000000001 
0.9126666666666666 0.028166666666666673 0.7751666666666667 0.6108333333333333 0.925 0.02033333333333333 0.9148333333333332 0.6084999999999998 0.9228333333333332 0.21066666666666664 0.9156666666666666 0.30950000000000005 0.9083333333333334 0.8325 0.8521666666666667 0.3999999999999999 0.3975000000000001 0.020500000000000004 0.9015000000000002 0.16883333333333334 0.03983333333333333 0.042666666666666665 1.0 0.49716666666666653 0.0633333333333333 0.05266666666666666 0.11883333333333333 0.06249999999999999 0.18166666666666667 0.057 0.18983333333333338 0.0725 0.07266666666666668 0.06316666666666665 0.07583333333333331 0.06433333333333331 0.05449999999999999 0.007333333333333334 0.05466666666666665 0.010333333333333335 0.1376666666666667 0.0071666666666666675 0.22349999999999995 0.3630000000000001 0.11033333333333331 0.07916666666666668 0.3973333333333334 0.4955000000000001 0.05666666666666665 0.009166666666666667 0.04916666666666667 0.060333333333333315 0.011833333333333333 0.011833333333333333 0.008666666666666668 0.009666666666666667 0.006833333333333334 0.006833333333333334 0.3739999999999999 0.06966666666666667 0.9146666666666667 0.17 0.37366666666666665 0.12916666666666665 0.8205 0.6309999999999999 0.3906666666666666 0.2753333333333333 0.06000000000000001 0.06299999999999999 0.21033333333333334 0.2636666666666666 0.7088333333333335 0.08800000000000004 0.8721666666666666 0.6523333333333333 0.6101666666666666 0.14783333333333334 0.034 0.022166666666666664 0.051 0.007166666666666667 0.3713333333333334 0.006999999999999999 0.32549999999999996 0.07066666666666666 0.06899999999999998 0.060499999999999964 0.7710000000000002 0.2809999999999999 
0.4466666666666665 0.07666666666666669 0.6335 0.446 0.46099999999999985 0.2341666666666666 0.4778333333333334 0.2853333333333332 0.45516666666666644 0.318 0.4496666666666665 0.21650000000000003 0.44366666666666654 0.3969999999999999 0.3918333333333333 0.27666666666666667 0.43866666666666676 0.10333333333333336 0.4373333333333333 0.06699999999999999 0.4668333333333332 0.4943333333333332 0.49716666666666653 1.0 0.5406666666666667 0.5183333333333333 0.5593333333333332 0.5321666666666667 0.13283333333333336 0.024333333333333332 0.4548333333333334 0.25433333333333336 0.009833333333333333 0.005333333333333333 0.5595000000000001 0.5498333333333334 0.4788333333333334 0.18016666666666661 0.47233333333333327 0.21733333333333338 0.5255 0.15 0.5796666666666666 0.6621666666666666 0.5313333333333332 0.2645 0.3858333333333334 0.5343333333333335 0.35833333333333334 0.198 0.4543333333333333 0.3530000000000001 0.17866666666666667 0.2805000000000001 0.18266666666666664 0.1708333333333333 0.14450000000000002 0.1423333333333333 0.28833333333333344 0.05749999999999999 0.44916666666666655 0.06833333333333333 0.25866666666666666 0.04066666666666667 0.6064999999999999 0.35300000000000004 0.42100000000000015 0.41916666666666663 0.007666666666666667 0.005333333333333333 0.5419999999999999 0.4708333333333334 0.30983333333333335 0.21283333333333335 0.4165 0.2771666666666666 0.585 0.13449999999999998 0.10266666666666664 0.09250000000000004 0.028000000000000008 0.16366666666666668 0.2506666666666666 0.16516666666666668 0.7921666666666667 0.5446666666666667 0.5186666666666666 0.5285 0.38500000000000006 0.21533333333333338 
