1.0 0.7486666666666666 0.26116666666666677 0.22766666666666668 0.2463333333333334 0.14916666666666667 0.23716666666666664 0.22183333333333333 0.256 0.29866666666666675 0.5818333333333333 0.8973333333333331 0.5556666666666666 0.906833333333333 0.6588333333333334 0.8144999999999998 0.7274999999999998 0.735 0.7348333333333333 0.7349999999999999 0.16266666666666665 0.3238333333333334 0.27699999999999997 0.4993333333333332 0.23516666666666666 0.1065 0.2911666666666667 0.05799999999999997 0.8308333333333331 0.7408333333333332 0.32516666666666666 0.3196666666666667 0.7383333333333333 0.7228333333333332 0.18783333333333327 0.03766666666666666 0.7044999999999999 0.6990000000000001 0.39549999999999996 0.30750000000000005 0.6664999999999998 0.6123333333333334 0.0325 0.033666666666666664 0.22933333333333336 0.23350000000000004 0.31549999999999995 0.028666666666666667 0.5095000000000001 0.24 0.22066666666666662 0.24133333333333337 0.6443333333333332 0.30933333333333346 0.3950000000000001 0.050666666666666645 0.6796666666666664 0.7418333333333333 0.25950000000000006 0.3798333333333334 0.22383333333333333 0.36999999999999994 0.48100000000000004 0.4725000000000001 0.2541666666666667 0.22266666666666662 0.09066666666666665 0.043999999999999984 0.41983333333333334 0.3863333333333333 0.07366666666666667 0.19166666666666665 0.3088333333333334 0.6779999999999999 0.31016666666666676 0.6235 0.0655 0.3575000000000001 0.6008333333333333 0.7396666666666667 0.7331666666666665 0.7346666666666668 0.8494999999999996 0.7306666666666668 0.6499999999999999 0.4745 0.4806666666666667 0.4683333333333332 0.252 0.49699999999999983 
0.7486666666666666 1.0 0.04166666666666666 0.030333333333333337 0.024333333333333335 0.0 0.014333333333333339 0.0003333333333333333 0.030166666666666665 0.07166666666666667 0.3521666666666667 0.6931666666666668 0.3276666666666665 0.6671666666666667 0.4295000000000001 0.6626666666666666 0.9608333333333331 0.9693333333333334 0.9690000000000002 0.9703333333333336 0.2786666666666666 0.4851666666666668 0.049666666666666665 0.2718333333333333 0.050333333333333334 0.09199999999999997 0.07699999999999999 0.04383333333333331 0.7418333333333336 0.9751666666666668 0.1081666666666666 0.2783333333333333 0.9754999999999999 0.9559999999999998 0.030500000000000003 0.057499999999999975 0.9385000000000002 0.9276666666666666 0.32650000000000007 0.4215 0.7935 0.7375000000000002 0.008833333333333334 0.014333333333333335 0.01966666666666667 0.013666666666666669 0.42883333333333334 0.011500000000000002 0.2855 0.017499999999999998 0.0 0.014499999999999999 0.8701666666666665 0.4983333333333333 0.6310000000000001 0.2673333333333333 0.9134999999999998 0.9788333333333338 0.04116666666666667 0.6155000000000002 0.0 0.6018333333333333 0.7163333333333333 0.7073333333333331 0.03166666666666667 0.0 0.0008333333333333334 0.11433333333333336 0.6520000000000001 0.6215 0.06366666666666665 0.1828333333333333 0.3933333333333332 0.8701666666666668 0.37666666666666665 0.7254999999999999 0.09916666666666664 0.5781666666666667 0.8341666666666667 0.9749999999999999 0.9670000000000001 0.9689999999999999 0.6246666666666666 0.9696666666666667 0.42233333333333334 0.6655000000000001 0.25116666666666665 0.24083333333333334 0.02550000000000001 0.27283333333333326 
0.26116666666666677 0.04166666666666666 1.0 0.8983333333333331 0.8325 0.7036666666666666 0.7933333333333336 0.7053333333333334 0.8951666666666667 0.7566666666666664 0.6749999999999998 0.28950000000000004 0.6968333333333331 0.34266666666666656 0.5595000000000001 0.36083333333333334 0.007000000000000001 0.013833333333333333 0.014000000000000002 0.014666666666666663 0.16666666666666669 0.13916666666666666 0.9318333333333335 0.6718333333333334 0.8928333333333335 0.5918333333333332 0.8933333333333334 0.5501666666666665 0.27716666666666684 0.02016666666666667 0.8890000000000005 0.48516666666666675 0.024666666666666674 0.008333333333333335 0.7736666666666666 0.4926666666666668 0.04883333333333332 0.005833333333333334 0.5598333333333332 0.29350000000000004 0.05516666666666667 0.0023333333333333335 0.5383333333333332 0.4698333333333332 0.5783333333333335 0.5965 0.09250000000000001 0.535 0.42149999999999993 0.5829999999999999 0.6515000000000001 0.5743333333333334 0.0016666666666666668 0.16366666666666663 0.09316666666666665 0.4808333333333332 0.002333333333333333 0.05666666666666667 0.616 0.06516666666666666 0.6593333333333335 0.06483333333333333 0.016500000000000004 0.019000000000000003 0.8955000000000003 0.6761666666666667 0.49266666666666664 0.44449999999999995 0.16150000000000003 0.10666666666666666 0.3923333333333335 0.3293333333333333 0.09466666666666664 0.0013333333333333333 0.17033333333333328 0.006333333333333334 0.5096666666666667 0.1703333333333333 0.13700000000000004 0.0195 0.0115 0.013666666666666667 0.39883333333333326 0.04033333333333333 0.4426666666666668 0.198 0.6613333333333332 0.6961666666666666 0.78 0.5905 
0.22766666666666668 0.030333333333333337 0.8983333333333331 1.0 0.7396666666666664 0.6758333333333332 0.7125000000000001 0.6544999999999997 0.7998333333333334 0.6825 0.6186666666666665 0.2536666666666667 0.6406666666666665 0.2943333333333334 0.5291666666666668 0.3153333333333333 0.006499999999999999 0.011833333333333333 0.0115 0.012166666666666666 0.1708333333333334 0.13816666666666666 0.9165000000000002 0.6633333333333334 0.8985 0.66 0.8818333333333331 0.6313333333333332 0.22833333333333342 0.014333333333333335 0.865 0.5141666666666667 0.019 0.009666666666666667 0.713 0.48650000000000004 0.04416666666666666 0.013166666666666669 0.5388333333333333 0.3306666666666666 0.06199999999999999 0.035 0.5485 0.4775000000000001 0.5276666666666665 0.5453333333333332 0.11316666666666667 0.5483333333333332 0.3635000000000001 0.5328333333333332 0.6008333333333333 0.5243333333333333 0.012166666666666668 0.1653333333333333 0.09900000000000003 0.47766666666666674 0.007000000000000001 0.04349999999999999 0.5696666666666667 0.04066666666666666 0.6061666666666666 0.04216666666666666 0.026500000000000003 0.028500000000000004 0.7998333333333332 0.6236666666666666 0.4993333333333333 0.45133333333333325 0.20116666666666666 0.07449999999999997 0.3898333333333334 0.32750000000000007 0.09000000000000002 0.013500000000000003 0.16683333333333328 0.03833333333333333 0.4963333333333334 0.14383333333333334 0.13350000000000004 0.013000000000000001 0.009166666666666667 0.010166666666666666 0.3429999999999999 0.033166666666666664 0.3843333333333335 0.25516666666666665 0.6301666666666668 0.6886666666666669 0.6853333333333333 0.526 
0.2463333333333334 0.024333333333333335 0.8325 0.7396666666666664 1.0 0.753 0.9361666666666665 0.8471666666666667 0.9204999999999999 0.8353333333333339 0.6596666666666667 0.2763333333333333 0.6811666666666666 0.32550000000000007 0.45400000000000007 0.3211666666666666 0.0021666666666666666 0.003 0.0031666666666666666 0.0034999999999999996 0.27133333333333337 0.23116666666666663 0.7698333333333331 0.5106666666666666 0.7313333333333333 0.4516666666666667 0.7400000000000003 0.41933333333333345 0.26116666666666677 0.008 0.7593333333333335 0.4306666666666667 0.008666666666666666 0.0006666666666666666 0.8000000000000002 0.5896666666666667 0.03766666666666666 0.0015 0.5278333333333333 0.2956666666666667 0.038500000000000006 0.002 0.5868333333333333 0.5571666666666664 0.7411666666666668 0.7591666666666668 0.19066666666666662 0.5868333333333335 0.5338333333333333 0.7453333333333334 0.8158333333333333 0.7386666666666669 0.014666666666666668 0.25383333333333324 0.18899999999999997 0.4551666666666666 0.006333333333333333 0.03300000000000001 0.7771666666666667 0.2199999999999999 0.8230000000000001 0.22316666666666665 0.13216666666666668 0.13783333333333336 0.9286666666666662 0.838 0.6370000000000001 0.5866666666666668 0.0935 0.16533333333333336 0.43083333333333335 0.3785 0.195 0.0018333333333333335 0.22666666666666666 0.007333333333333335 0.5778333333333334 0.22616666666666668 0.12600000000000006 0.008333333333333333 0.002833333333333333 0.0034999999999999996 0.3616666666666667 0.023166666666666665 0.44866666666666655 0.091 0.6101666666666667 0.5711666666666669 0.9290000000000002 0.5449999999999998 
0.14916666666666667 0.0 0.7036666666666666 0.6758333333333332 0.753 1.0 0.7639999999999998 0.7875 0.7733333333333334 0.6205 0.4915000000000002 0.1628333333333333 0.499 0.1833333333333333 0.3269999999999999 0.14133333333333334 0.0005 0.0 0.0 0.0 0.41916666666666663 0.33933333333333343 0.6431666666666668 0.38549999999999995 0.6318333333333335 0.5534999999999999 0.6105 0.5936666666666666 0.10850000000000001 0.0 0.6345 0.4953333333333334 0.0 0.0006666666666666666 0.6971666666666665 0.6788333333333334 0.03183333333333334 0.006000000000000001 0.49433333333333324 0.3913333333333335 0.07399999999999998 0.09850000000000003 0.7961666666666665 0.7316666666666666 0.680166666666667 0.6865000000000001 0.3385 0.7791666666666666 0.4991666666666667 0.68 0.7543333333333335 0.6761666666666669 0.0425 0.3781666666666667 0.26399999999999996 0.543 0.0155 0.0 0.73 0.2238333333333333 0.7526666666666668 0.24050000000000002 0.149 0.15550000000000005 0.7538333333333336 0.7588333333333336 0.7353333333333333 0.6511666666666668 0.09999999999999992 0.134 0.5866666666666664 0.53 0.2898333333333334 0.017333333333333333 0.36566666666666675 0.09116666666666667 0.6538333333333332 0.2773333333333333 0.12100000000000004 0.0 0.0 0.0 0.17716666666666672 0.0025 0.21566666666666667 0.08066666666666666 0.40583333333333343 0.4121666666666667 0.6953333333333336 0.31816666666666665 
0.23716666666666664 0.014333333333333339 0.7933333333333336 0.7125000000000001 0.9361666666666665 0.7639999999999998 1.0 0.8996666666666668 0.8846666666666668 0.8426666666666667 0.6435000000000001 0.2713333333333333 0.6575000000000003 0.3138333333333334 0.4148333333333333 0.29533333333333334 0.0015000000000000002 0.0018333333333333333 0.002 0.0018333333333333335 0.2896666666666667 0.24483333333333338 0.7321666666666666 0.4726666666666667 0.6925 0.42333333333333323 0.7040000000000002 0.4128333333333334 0.2483333333333334 0.003 0.7198333333333333 0.4153333333333332 0.0034999999999999996 0.0005 0.7743333333333335 0.5840000000000001 0.034333333333333334 0.001 0.5008333333333332 0.2995000000000001 0.026000000000000002 0.004 0.5884999999999999 0.566 0.777833333333333 0.7971666666666666 0.20850000000000002 0.5828333333333333 0.5583333333333332 0.785333333333333 0.8538333333333336 0.7785000000000001 0.01716666666666667 0.26366666666666666 0.21233333333333337 0.43883333333333335 0.008333333333333335 0.019000000000000003 0.8166666666666668 0.2558333333333334 0.8621666666666669 0.26066666666666666 0.17300000000000001 0.18066666666666667 0.8915 0.8768333333333334 0.6718333333333333 0.621 0.10283333333333337 0.18350000000000008 0.4196666666666667 0.36700000000000005 0.2095 0.002 0.21866666666666668 0.007333333333333334 0.5673333333333332 0.21466666666666662 0.12333333333333338 0.003333333333333333 0.0015 0.0018333333333333333 0.336 0.013833333333333338 0.4415000000000001 0.0675 0.5981666666666665 0.5485000000000002 0.9245000000000002 0.5368333333333334 
0.22183333333333333 0.0003333333333333333 0.7053333333333334 0.6544999999999997 0.8471666666666667 0.7875 0.8996666666666668 1.0 0.7923333333333333 0.8199999999999998 0.5921666666666665 0.26183333333333336 0.6 0.28400000000000003 0.32600000000000007 0.23883333333333334 0.0005 0.0 0.0 0.0 0.34049999999999997 0.2716666666666666 0.6430000000000001 0.38399999999999984 0.6056666666666666 0.3949999999999999 0.6263333333333333 0.41150000000000003 0.2078333333333334 0.0 0.6328333333333334 0.3981666666666666 0.0 0.0006666666666666666 0.7041666666666667 0.5951666666666668 0.03183333333333334 0.002833333333333333 0.4444999999999999 0.3148333333333334 0.003333333333333333 0.023000000000000003 0.6051666666666667 0.5855 0.8580000000000004 0.8786666666666672 0.25316666666666665 0.5938333333333335 0.6028333333333332 0.8704999999999999 0.9393333333333331 0.8641666666666665 0.03699999999999999 0.2781666666666667 0.26199999999999996 0.4273333333333333 0.014666666666666668 0.0003333333333333333 0.898333333333333 0.32466666666666666 0.9445 0.3403333333333333 0.2416666666666668 0.25183333333333335 0.8008333333333333 0.958 0.7501666666666666 0.6996666666666665 0.11449999999999999 0.23399999999999999 0.4134999999999999 0.3616666666666667 0.2588333333333333 0.004666666666666666 0.21333333333333335 0.013166666666666665 0.5589999999999998 0.203 0.12100000000000004 0.0 0.0 0.0 0.2785000000000001 0.0023333333333333335 0.41716666666666685 0.03716666666666666 0.5576666666666665 0.4898333333333331 0.8738333333333331 0.49833333333333313 
0.256 0.030166666666666665 0.8951666666666667 0.7998333333333334 0.9204999999999999 0.7733333333333334 0.8846666666666668 0.7923333333333333 1.0 0.8171666666666666 0.67 0.2841666666666667 0.6951666666666665 0.3368333333333334 0.522 0.33666666666666667 0.0026666666666666666 0.005666666666666666 0.005833333333333334 0.006166666666666668 0.25083333333333335 0.21316666666666662 0.8430000000000003 0.5838333333333334 0.7981666666666668 0.5001666666666665 0.8016666666666667 0.46916666666666673 0.26833333333333337 0.012000000000000002 0.8235000000000002 0.45299999999999996 0.013000000000000001 0.002 0.7808333333333332 0.5466666666666665 0.04083333333333332 0.0026666666666666666 0.5369999999999999 0.2938333333333334 0.04433333333333334 0.0013333333333333335 0.5961666666666667 0.5408333333333332 0.6680000000000001 0.6871666666666666 0.166 0.5901666666666665 0.5136666666666665 0.6753333333333335 0.7440000000000001 0.6723333333333332 0.01216666666666667 0.24366666666666667 0.16783333333333336 0.47950000000000004 0.005666666666666666 0.04016666666666668 0.7098333333333333 0.15350000000000003 0.755 0.15516666666666667 0.08033333333333333 0.0826666666666667 0.9541666666666668 0.7658333333333335 0.5666666666666668 0.5168333333333334 0.09616666666666668 0.10916666666666666 0.4408333333333333 0.3789999999999999 0.1595 0.0015 0.22799999999999998 0.006333333333333333 0.5646666666666667 0.22433333333333322 0.12900000000000003 0.012 0.004999999999999999 0.006333333333333333 0.37983333333333347 0.028833333333333336 0.4188333333333333 0.11499999999999998 0.6171666666666666 0.6141666666666667 0.8711666666666669 0.5276666666666666 
0.29866666666666675 0.07166666666666667 0.7566666666666664 0.6825 0.8353333333333339 0.6205 0.8426666666666667 0.8199999999999998 0.8171666666666666 1.0 0.7118333333333333 0.3273333333333335 0.7346666666666668 0.3793333333333333 0.45016666666666666 0.36783333333333323 0.04583333333333334 0.04800000000000001 0.04816666666666667 0.04800000000000001 0.20049999999999993 0.13416666666666668 0.7305000000000001 0.47950000000000004 0.6916666666666665 0.43400000000000005 0.7201666666666668 0.38683333333333336 0.31000000000000005 0.0535 0.7473333333333335 0.48483333333333334 0.05483333333333333 0.044833333333333336 0.7094999999999999 0.4823333333333333 0.08283333333333333 0.045500000000000006 0.5706666666666667 0.32916666666666666 0.08583333333333332 0.045 0.4428333333333334 0.43749999999999994 0.7164999999999999 0.7336666666666667 0.13333333333333333 0.43933333333333346 0.4863333333333332 0.7321666666666669 0.8058333333333336 0.7356666666666666 0.04583333333333334 0.1241666666666667 0.16 0.34083333333333343 0.046 0.08083333333333333 0.7680000000000001 0.21533333333333335 0.8170000000000003 0.22383333333333336 0.19949999999999996 0.20916666666666667 0.8191666666666668 0.8113333333333334 0.607 0.5579999999999997 0.10749999999999998 0.16933333333333334 0.29566666666666674 0.2446666666666667 0.16400000000000006 0.04366666666666666 0.10400000000000001 0.04833333333333333 0.4463333333333334 0.09933333333333337 0.17050000000000004 0.05383333333333334 0.0475 0.04850000000000001 0.4151666666666668 0.06983333333333334 0.5344999999999999 0.10666666666666667 0.6878333333333333 0.5901666666666667 0.8806666666666666 0.5698333333333333 
0.5818333333333333 0.3521666666666667 0.6749999999999998 0.6186666666666665 0.6596666666666667 0.4915000000000002 0.6435000000000001 0.5921666666666665 0.67 0.7118333333333333 1.0 0.6096666666666666 0.9698333333333334 0.6595 0.4838333333333333 0.6018333333333331 0.3208333333333334 0.32733333333333337 0.32716666666666666 0.3273333333333334 0.044 0.0005 0.6823333333333332 0.4391666666666667 0.6484999999999996 0.43033333333333323 0.7053333333333335 0.36216666666666675 0.5928333333333333 0.33399999999999996 0.7386666666666667 0.6481666666666668 0.3328333333333333 0.3171666666666666 0.5746666666666667 0.33983333333333343 0.36266666666666675 0.3191666666666667 0.797 0.5468333333333333 0.36249999999999993 0.30016666666666664 0.3315000000000001 0.30816666666666664 0.49883333333333324 0.5163333333333333 0.18650000000000008 0.33533333333333337 0.3116666666666666 0.5098333333333332 0.5806666666666666 0.5139999999999999 0.2815000000000001 0.0006666666666666666 0.2535 0.2645 0.2841666666666666 0.34916666666666674 0.5481666666666668 0.001 0.5923333333333332 0.007666666666666667 0.10016666666666665 0.09333333333333334 0.6683333333333333 0.595 0.4073333333333336 0.3593333333333334 0.017666666666666664 0.0011666666666666668 0.19733333333333344 0.1475 0.01583333333333333 0.30366666666666664 0.0011666666666666668 0.30383333333333334 0.3378333333333334 0.001 0.44983333333333336 0.3336666666666667 0.3256666666666667 0.3281666666666667 0.6436666666666667 0.3463333333333333 0.4523333333333334 0.20000000000000004 0.7013333333333333 0.6486666666666665 0.6664999999999999 0.41766666666666696 
0.8973333333333331 0.6931666666666668 0.28950000000000004 0.2536666666666667 0.2763333333333333 0.1628333333333333 0.2713333333333333 0.26183333333333336 0.2841666666666667 0.3273333333333335 0.6096666666666666 1.0 0.5826666666666667 0.9363333333333331 0.6851666666666667 0.8556666666666665 0.6933333333333332 0.7020000000000002 0.7016666666666667 0.7020000000000001 0.17283333333333334 0.32 0.30450000000000005 0.5295000000000001 0.2645 0.09416666666666666 0.3196666666666666 0.057999999999999996 0.8766666666666667 0.7075000000000002 0.35466666666666663 0.30333333333333334 0.7043333333333334 0.6868333333333334 0.19333333333333338 0.03616666666666666 0.6721666666666667 0.6759999999999999 0.41783333333333333 0.31366666666666665 0.657 0.6275000000000001 0.027833333333333328 0.0315 0.26699999999999996 0.27016666666666667 0.32550000000000007 0.027000000000000003 0.5468333333333333 0.2758333333333334 0.25416666666666665 0.27399999999999997 0.6146666666666666 0.31716666666666676 0.3513333333333335 0.051333333333333314 0.642 0.6801666666666668 0.2238333333333333 0.3356666666666666 0.26099999999999995 0.3313333333333333 0.4363333333333334 0.42783333333333323 0.28283333333333327 0.2631666666666666 0.08516666666666667 0.04783333333333331 0.3813333333333334 0.3456666666666666 0.07516666666666666 0.1935 0.3216666666666667 0.6610000000000003 0.3226666666666667 0.6358333333333333 0.04133333333333334 0.3366666666666667 0.5675000000000001 0.7065000000000002 0.7018333333333334 0.7023333333333335 0.8684999999999999 0.6906666666666669 0.6700000000000002 0.47433333333333316 0.5093333333333334 0.4953333333333334 0.2811666666666667 0.5276666666666666 
0.5556666666666666 0.3276666666666665 0.6968333333333331 0.6406666666666665 0.6811666666666666 0.499 0.6575000000000003 0.6 0.6951666666666665 0.7346666666666668 0.9698333333333334 0.5826666666666667 1.0 0.6366666666666666 0.49999999999999994 0.6143333333333333 0.2966666666666667 0.303 0.30283333333333334 0.303 0.044333333333333336 0.001 0.7029999999999998 0.45933333333333337 0.6701666666666665 0.45233333333333325 0.7275000000000001 0.36949999999999994 0.5673333333333332 0.30900000000000005 0.7598333333333334 0.6655 0.30916666666666665 0.29583333333333334 0.5863333333333335 0.34233333333333343 0.33733333333333343 0.29550000000000004 0.8161666666666669 0.5535 0.34083333333333327 0.2859999999999999 0.3361666666666667 0.31066666666666665 0.5046666666666666 0.5218333333333333 0.1873333333333334 0.33799999999999997 0.316 0.5153333333333332 0.5861666666666666 0.5185 0.2708333333333334 0.0015 0.2565 0.26666666666666666 0.2725 0.3335 0.5525000000000001 0.0013333333333333333 0.5986666666666666 0.009666666666666667 0.1 0.094 0.6929999999999998 0.6006666666666667 0.4096666666666669 0.3620000000000001 0.008833333333333334 0.001 0.1986666666666667 0.14883333333333337 0.01583333333333333 0.2843333333333333 0.0011666666666666668 0.2856666666666668 0.3403333333333333 0.0011666666666666668 0.4258333333333335 0.3085 0.30133333333333334 0.3026666666666667 0.6593333333333333 0.3256666666666666 0.4581666666666667 0.21850000000000003 0.7188333333333332 0.6674999999999998 0.6858333333333334 0.43666666666666676 
0.906833333333333 0.6671666666666667 0.34266666666666656 0.2943333333333334 0.32550000000000007 0.1833333333333333 0.3138333333333334 0.28400000000000003 0.3368333333333334 0.3793333333333333 0.6595 0.9363333333333331 0.6366666666666666 1.0 0.741 0.875666666666667 0.6451666666666666 0.6526666666666666 0.6524999999999999 0.6519999999999999 0.15366666666666665 0.29633333333333345 0.36 0.5844999999999998 0.31633333333333336 0.11433333333333336 0.3728333333333334 0.059833333333333315 0.8838333333333331 0.6589999999999999 0.4070000000000001 0.33166666666666667 0.6574999999999999 0.6408333333333335 0.24349999999999997 0.03799999999999999 0.6213333333333332 0.6303333333333332 0.46399999999999997 0.3011666666666668 0.6444999999999999 0.5933333333333334 0.0365 0.03766666666666666 0.28983333333333333 0.2931666666666667 0.3051666666666667 0.032 0.5693333333333334 0.2975 0.2748333333333334 0.2965 0.5753333333333334 0.2971666666666668 0.3286666666666667 0.027166666666666672 0.5989999999999999 0.6678333333333333 0.24300000000000005 0.3055000000000001 0.2836666666666667 0.30916666666666676 0.4056666666666667 0.39833333333333343 0.33516666666666667 0.2863333333333333 0.10183333333333332 0.05399999999999996 0.3390000000000001 0.30900000000000005 0.07433333333333332 0.19133333333333333 0.2946666666666668 0.6161666666666666 0.29783333333333345 0.5950000000000001 0.036833333333333336 0.30266666666666686 0.5176666666666666 0.6581666666666665 0.6503333333333332 0.6516666666666667 0.9151666666666667 0.6628333333333335 0.7204999999999998 0.4771666666666667 0.5646666666666667 0.551 0.33149999999999996 0.5821666666666667 
0.6588333333333334 0.4295000000000001 0.5595000000000001 0.5291666666666668 0.45400000000000007 0.3269999999999999 0.4148333333333333 0.32600000000000007 0.522 0.45016666666666666 0.4838333333333333 0.6851666666666667 0.49999999999999994 0.741 1.0 0.7469999999999999 0.39449999999999996 0.4018333333333334 0.40183333333333343 0.4023333333333333 0.19916666666666674 0.35166666666666674 0.6061666666666669 0.830833333333333 0.568333333333333 0.26916666666666667 0.5830000000000001 0.22700000000000004 0.6704999999999999 0.40750000000000014 0.6500000000000001 0.24350000000000008 0.4106666666666667 0.39483333333333337 0.3756666666666667 0.11199999999999997 0.371 0.386 0.3438333333333334 0.12300000000000003 0.4241666666666667 0.3751666666666668 0.1716666666666667 0.12633333333333335 0.30266666666666675 0.3061666666666667 0.162 0.16183333333333333 0.6214999999999999 0.3086666666666666 0.28550000000000003 0.30683333333333335 0.3553333333333334 0.38066666666666665 0.14933333333333335 0.15383333333333332 0.3719999999999999 0.442 0.252 0.2905000000000001 0.2951666666666667 0.29566666666666674 0.3241666666666667 0.3251666666666667 0.5088333333333334 0.30033333333333334 0.11216666666666665 0.0635 0.41916666666666663 0.2973333333333334 0.18933333333333327 0.297 0.2931666666666667 0.37816666666666654 0.3846666666666666 0.36516666666666664 0.12999999999999995 0.3864999999999999 0.26666666666666666 0.407 0.39933333333333343 0.4013333333333335 0.7871666666666663 0.4275 0.7694999999999997 0.4544999999999999 0.6245 0.6171666666666668 0.4063333333333334 0.6893333333333331 
0.8144999999999998 0.6626666666666666 0.36083333333333334 0.3153333333333333 0.3211666666666666 0.14133333333333334 0.29533333333333334 0.23883333333333334 0.33666666666666667 0.36783333333333323 0.6018333333333331 0.8556666666666665 0.6143333333333333 0.875666666666667 0.7469999999999999 1.0 0.6271666666666665 0.6349999999999999 0.6346666666666667 0.6358333333333333 0.19616666666666668 0.33949999999999997 0.3776666666666667 0.6050000000000001 0.3425 0.14916666666666667 0.3933333333333334 0.06316666666666668 0.8921666666666668 0.6403333333333334 0.4198333333333331 0.32299999999999995 0.6448333333333334 0.6285 0.24700000000000003 0.017833333333333333 0.6031666666666665 0.6183333333333333 0.47633333333333333 0.3233333333333332 0.6493333333333332 0.6 0.02066666666666667 0.02383333333333333 0.2476666666666667 0.2493333333333333 0.3533333333333333 0.01783333333333334 0.5303333333333334 0.25149999999999995 0.22916666666666669 0.24816666666666662 0.5883333333333334 0.347 0.37283333333333324 0.08266666666666665 0.6073333333333334 0.6769999999999999 0.1946666666666667 0.3475 0.23716666666666672 0.354 0.4398333333333332 0.4353333333333333 0.3418333333333332 0.24116666666666664 0.06199999999999999 0.033333333333333326 0.36716666666666664 0.354 0.06449999999999999 0.1836666666666667 0.33266666666666667 0.6071666666666666 0.33583333333333326 0.5886666666666668 0.013000000000000003 0.3468333333333333 0.49916666666666665 0.6401666666666667 0.6323333333333333 0.6338333333333331 0.9381666666666669 0.6613333333333334 0.7393333333333331 0.5891666666666664 0.575 0.5720000000000001 0.3263333333333334 0.6006666666666667 
0.7274999999999998 0.9608333333333331 0.007000000000000001 0.006499999999999999 0.0021666666666666666 0.0005 0.0015000000000000002 0.0005 0.0026666666666666666 0.04583333333333334 0.3208333333333334 0.6933333333333332 0.2966666666666667 0.6451666666666666 0.39449999999999996 0.6271666666666665 1.0 0.9871666666666669 0.987166666666667 0.9855000000000003 0.2834999999999999 0.4931666666666667 0.015 0.23633333333333317 0.015333333333333334 0.07000000000000002 0.04250000000000001 0.05999999999999999 0.7203333333333335 0.9806666666666669 0.073 0.25499999999999995 0.9756666666666668 0.983666666666667 0.004999999999999999 0.075 0.9469999999999998 0.9586666666666669 0.29266666666666685 0.4355 0.7644999999999997 0.7621666666666664 0.010833333333333335 0.019000000000000003 0.020333333333333335 0.014500000000000002 0.4346666666666666 0.018000000000000002 0.2848333333333333 0.017833333333333333 0.0005 0.014833333333333332 0.8943333333333332 0.5023333333333333 0.634 0.2836666666666667 0.9418333333333334 0.9470000000000001 0.04416666666666667 0.6241666666666668 0.0005 0.6071666666666665 0.7246666666666666 0.715 0.0031666666666666666 0.0005 0.006666666666666667 0.1203333333333334 0.6821666666666668 0.6453333333333333 0.08233333333333334 0.20199999999999996 0.4126666666666667 0.9036666666666667 0.3960000000000001 0.7553333333333333 0.11966666666666664 0.6003333333333334 0.8483333333333334 0.9806666666666669 0.9876666666666669 0.9856666666666669 0.5903333333333333 0.9595 0.3873333333333332 0.6355 0.21600000000000008 0.20550000000000002 0.002 0.2376666666666667 
0.735 0.9693333333333334 0.013833333333333333 0.011833333333333333 0.003 0.0 0.0018333333333333333 0.0 0.005666666666666666 0.04800000000000001 0.32733333333333337 0.7020000000000002 0.303 0.6526666666666666 0.4018333333333334 0.6349999999999999 0.9871666666666669 1.0 0.9946666666666668 0.9946666666666668 0.28016666666666656 0.4896666666666668 0.022000000000000006 0.24366666666666656 0.022666666666666672 0.07300000000000001 0.049666666666666685 0.05316666666666665 0.7266666666666669 0.9878333333333335 0.08049999999999999 0.2575 0.9860000000000002 0.9816666666666669 0.005166666666666666 0.06666666666666665 0.9565000000000002 0.9515000000000005 0.29866666666666686 0.42716666666666653 0.7711666666666666 0.7525000000000002 0.009000000000000001 0.015166666666666669 0.01966666666666667 0.013500000000000002 0.43050000000000005 0.012833333333333337 0.285 0.017333333333333333 0.0 0.014333333333333333 0.8853333333333333 0.4996666666666666 0.6325000000000001 0.2753333333333334 0.9331666666666666 0.9548333333333333 0.04250000000000001 0.6221666666666668 0.0 0.6050000000000001 0.7221666666666667 0.7128333333333333 0.006333333333333333 0.0 0.0025 0.11600000000000005 0.676 0.6385000000000001 0.07416666666666666 0.19399999999999998 0.40466666666666656 0.894 0.3879999999999999 0.7474999999999998 0.11133333333333334 0.5916666666666667 0.8565 0.9888333333333335 0.9935 0.9928333333333336 0.5974999999999998 0.9668333333333335 0.39483333333333326 0.6416666666666666 0.2238333333333334 0.21283333333333335 0.003333333333333333 0.24516666666666664 
0.7348333333333333 0.9690000000000002 0.014000000000000002 0.0115 0.0031666666666666666 0.0 0.002 0.0 0.005833333333333334 0.04816666666666667 0.32716666666666666 0.7016666666666667 0.30283333333333334 0.6524999999999999 0.40183333333333343 0.6346666666666667 0.987166666666667 0.9946666666666668 1.0 0.9946666666666668 0.2809999999999999 0.4898333333333334 0.02216666666666667 0.24366666666666656 0.022666666666666672 0.07250000000000002 0.049833333333333354 0.05316666666666665 0.7260000000000001 0.9890000000000002 0.08049999999999999 0.2571666666666666 0.985166666666667 0.980166666666667 0.005333333333333334 0.06683333333333333 0.9551666666666669 0.9513333333333336 0.29900000000000015 0.4273333333333333 0.7716666666666663 0.7521666666666665 0.009166666666666667 0.015666666666666672 0.01966666666666667 0.013666666666666667 0.4311666666666667 0.013666666666666669 0.2845 0.017333333333333333 0.0 0.014333333333333333 0.8853333333333334 0.49999999999999983 0.632 0.27566666666666667 0.9328333333333333 0.9551666666666666 0.04316666666666667 0.6223333333333334 0.0 0.6044999999999999 0.722 0.7131666666666666 0.006500000000000001 0.0 0.003 0.11683333333333336 0.6751666666666668 0.6381666666666668 0.07433333333333332 0.19450000000000003 0.4049999999999999 0.8941666666666667 0.3883333333333333 0.7474999999999997 0.11183333333333335 0.5920000000000001 0.8565000000000002 0.9881666666666669 0.9931666666666668 0.9918333333333337 0.5974999999999998 0.9668333333333335 0.39483333333333337 0.6415 0.22316666666666676 0.21266666666666667 0.003333333333333333 0.2453333333333333 
0.7349999999999999 0.9703333333333336 0.014666666666666663 0.012166666666666666 0.0034999999999999996 0.0 0.0018333333333333335 0.0 0.006166666666666668 0.04800000000000001 0.3273333333333334 0.7020000000000001 0.303 0.6519999999999999 0.4023333333333333 0.6358333333333333 0.9855000000000003 0.9946666666666668 0.9946666666666668 1.0 0.28083333333333327 0.4903333333333335 0.022500000000000006 0.24449999999999997 0.023166666666666665 0.07316666666666669 0.05033333333333335 0.05266666666666664 0.726666666666667 0.9881666666666669 0.081 0.2579999999999999 0.9860000000000003 0.9806666666666668 0.005333333333333333 0.06599999999999999 0.9568333333333336 0.9513333333333337 0.29916666666666686 0.4268333333333333 0.7714999999999997 0.7523333333333333 0.009333333333333334 0.01566666666666667 0.019833333333333335 0.013666666666666667 0.431 0.013833333333333338 0.2848333333333333 0.017333333333333333 0.0 0.014333333333333333 0.8853333333333333 0.49999999999999994 0.6325 0.2753333333333334 0.9321666666666667 0.9561666666666667 0.04283333333333334 0.6230000000000001 0.0 0.6046666666666667 0.7226666666666667 0.7133333333333333 0.006999999999999999 0.0 0.0031666666666666666 0.11700000000000003 0.6753333333333335 0.6378333333333335 0.07366666666666666 0.19366666666666663 0.40416666666666656 0.8931666666666667 0.38749999999999996 0.7469999999999999 0.111 0.5915 0.8560000000000002 0.9891666666666669 0.9941666666666669 0.9928333333333336 0.5976666666666667 0.9670000000000002 0.39549999999999996 0.6423333333333332 0.22400000000000003 0.2133333333333333 0.0036666666666666666 0.24633333333333332 
0.16266666666666665 0.2786666666666666 0.16666666666666669 0.1708333333333334 0.27133333333333337 0.41916666666666663 0.2896666666666667 0.34049999999999997 0.25083333333333335 0.20049999999999993 0.044 0.17283333333333334 0.044333333333333336 0.15366666666666665 0.19916666666666674 0.19616666666666668 0.2834999999999999 0.28016666666666656 0.2809999999999999 0.28083333333333327 1.0 0.759 0.11649999999999996 0.14999999999999994 0.131 0.2795000000000001 0.08433333333333333 0.3289999999999999 0.21916666666666665 0.2791666666666666 0.0965 0.23949999999999994 0.27983333333333327 0.28666666666666657 0.2985000000000001 0.512 0.26033333333333336 0.3138333333333334 0.1528333333333333 0.40233333333333343 0.4458333333333332 0.48933333333333323 0.5468333333333334 0.6123333333333334 0.4043333333333334 0.3928333333333333 0.7738333333333332 0.5431666666666667 0.5121666666666667 0.3873333333333334 0.37016666666666653 0.3863333333333332 0.3670000000000001 0.7266666666666666 0.5549999999999999 0.4998333333333333 0.30999999999999994 0.27799999999999997 0.3745000000000001 0.5948333333333333 0.364 0.5984999999999999 0.49200000000000005 0.5001666666666665 0.236 0.37316666666666654 0.5268333333333333 0.5461666666666667 0.3526666666666667 0.5096666666666666 0.6293333333333334 0.5551666666666667 0.7209999999999998 0.3625 0.6913333333333332 0.46199999999999997 0.4576666666666668 0.5935 0.309 0.27966666666666656 0.2815 0.27983333333333327 0.16016666666666665 0.2786666666666666 0.26366666666666677 0.38883333333333325 0.12633333333333335 0.12266666666666669 0.28583333333333333 0.24500000000000002 
0.3238333333333334 0.4851666666666668 0.13916666666666666 0.13816666666666666 0.23116666666666663 0.33933333333333343 0.24483333333333338 0.2716666666666666 0.21316666666666662 0.13416666666666668 0.0005 0.32 0.001 0.29633333333333345 0.35166666666666674 0.33949999999999997 0.4931666666666667 0.4896666666666668 0.4898333333333334 0.4903333333333335 0.759 1.0 0.08933333333333335 0.2943333333333333 0.08916666666666666 0.1838333333333334 0.04933333333333332 0.24399999999999994 0.3641666666666666 0.4866666666666668 0.0666666666666667 0.13633333333333336 0.4866666666666668 0.49766666666666687 0.25633333333333336 0.44250000000000006 0.45350000000000007 0.5073333333333333 0.068 0.32549999999999996 0.5293333333333333 0.5965 0.43616666666666665 0.4855 0.32099999999999995 0.312 0.6218333333333335 0.4503333333333335 0.6095 0.3096666666666667 0.28966666666666663 0.3035 0.5545 0.8918333333333335 0.503 0.5110000000000001 0.5268333333333333 0.48483333333333334 0.3075 0.775666666666667 0.28733333333333333 0.7700000000000001 0.6718333333333331 0.6801666666666667 0.2043333333333333 0.2986666666666666 0.4228333333333334 0.49999999999999994 0.5724999999999999 0.7160000000000001 0.47700000000000004 0.6066666666666667 0.7810000000000001 0.5606666666666666 0.7961666666666665 0.5550000000000002 0.46083333333333326 0.8236666666666668 0.3505 0.48716666666666675 0.49050000000000016 0.48750000000000016 0.3016666666666667 0.48150000000000015 0.3896666666666666 0.5588333333333331 0.09283333333333335 0.10799999999999998 0.23549999999999996 0.3513333333333334 
0.27699999999999997 0.049666666666666665 0.9318333333333335 0.9165000000000002 0.7698333333333331 0.6431666666666668 0.7321666666666666 0.6430000000000001 0.8430000000000003 0.7305000000000001 0.6823333333333332 0.30450000000000005 0.7029999999999998 0.36 0.6061666666666669 0.3776666666666667 0.015 0.022000000000000006 0.02216666666666667 0.022500000000000006 0.11649999999999996 0.08933333333333335 1.0 0.7386666666666667 0.9341666666666668 0.6305000000000001 0.9361666666666669 0.5868333333333333 0.28866666666666674 0.02816666666666667 0.9178333333333336 0.4830000000000002 0.03266666666666668 0.016666666666666666 0.7141666666666667 0.4283333333333331 0.05583333333333331 0.013166666666666667 0.5526666666666666 0.28966666666666663 0.06266666666666666 0.007333333333333333 0.4783333333333332 0.40583333333333343 0.514 0.5329999999999999 0.0605 0.4758333333333332 0.37433333333333335 0.5219999999999998 0.5890000000000001 0.5205 0.005333333333333333 0.11433333333333336 0.07383333333333332 0.43566666666666654 0.006166666666666667 0.065 0.5580000000000003 0.015500000000000003 0.6006666666666665 0.016833333333333336 0.0085 0.009166666666666667 0.8353333333333335 0.6134999999999998 0.42733333333333334 0.3796666666666667 0.2086666666666667 0.06416666666666665 0.32983333333333315 0.2700000000000001 0.045 0.006499999999999999 0.12116666666666667 0.011666666666666669 0.44533333333333325 0.12116666666666666 0.14483333333333337 0.02733333333333334 0.019333333333333338 0.021833333333333337 0.41550000000000004 0.048499999999999995 0.4563333333333335 0.243 0.7045 0.7574999999999997 0.7240000000000001 0.5831666666666665 
0.4993333333333332 0.2718333333333333 0.6718333333333334 0.6633333333333334 0.5106666666666666 0.38549999999999995 0.4726666666666667 0.38399999999999984 0.5838333333333334 0.47950000000000004 0.4391666666666667 0.5295000000000001 0.45933333333333337 0.5844999999999998 0.830833333333333 0.6050000000000001 0.23633333333333317 0.24366666666666656 0.24366666666666656 0.24449999999999997 0.14999999999999994 0.2943333333333333 0.7386666666666667 1.0 0.7043333333333334 0.4006666666666665 0.7026666666666666 0.3568333333333333 0.5111666666666665 0.24933333333333324 0.6780000000000002 0.2430000000000001 0.2538333333333333 0.2383333333333332 0.45866666666666656 0.17349999999999993 0.23249999999999996 0.22799999999999992 0.3116666666666667 0.07216666666666666 0.27 0.2229999999999999 0.23249999999999996 0.18466666666666673 0.35200000000000004 0.3561666666666667 0.10616666666666669 0.22199999999999995 0.5576666666666665 0.3543333333333332 0.33449999999999996 0.3514999999999999 0.21299999999999997 0.32066666666666666 0.07933333333333334 0.21583333333333335 0.22649999999999995 0.28716666666666657 0.30233333333333323 0.22516666666666663 0.34416666666666673 0.22849999999999998 0.2253333333333333 0.22449999999999995 0.5758333333333333 0.3548333333333334 0.17333333333333328 0.12533333333333335 0.4256666666666667 0.2705 0.24283333333333332 0.33849999999999997 0.23733333333333323 0.22399999999999995 0.3271666666666666 0.2156666666666666 0.18966666666666673 0.3279999999999999 0.12483333333333334 0.24866666666666656 0.2411666666666666 0.2429999999999999 0.639 0.27033333333333326 0.677 0.4734999999999999 0.6213333333333333 0.7230000000000001 0.4653333333333334 0.7646666666666667 
0.23516666666666666 0.050333333333333334 0.8928333333333335 0.8985 0.7313333333333333 0.6318333333333335 0.6925 0.6056666666666666 0.7981666666666668 0.6916666666666665 0.6484999999999996 0.2645 0.6701666666666665 0.31633333333333336 0.568333333333333 0.3425 0.015333333333333334 0.022666666666666672 0.022666666666666672 0.023166666666666665 0.131 0.08916666666666666 0.9341666666666668 0.7043333333333334 1.0 0.6916666666666665 0.9361666666666667 0.6469999999999999 0.25566666666666665 0.028666666666666667 0.905 0.5345 0.03333333333333334 0.016999999999999998 0.7378333333333336 0.45883333333333326 0.05716666666666666 0.014000000000000002 0.6008333333333333 0.3265 0.09233333333333336 0.035500000000000004 0.5113333333333333 0.4394999999999999 0.4941666666666667 0.5001666666666666 0.07966666666666664 0.5088333333333332 0.32266666666666666 0.48316666666666674 0.5536666666666668 0.47600000000000015 0.005833333333333333 0.10849999999999996 0.07199999999999998 0.42750000000000005 0.006166666666666666 0.06566666666666668 0.5168333333333335 0.002 0.5608333333333334 0.005333333333333333 0.0015 0.0013333333333333335 0.795 0.5761666666666667 0.4555 0.39499999999999985 0.20199999999999999 0.046500000000000014 0.36099999999999993 0.298 0.061166666666666654 0.013333333333333332 0.1376666666666667 0.04233333333333331 0.46049999999999996 0.10616666666666662 0.14533333333333337 0.028000000000000004 0.02 0.022166666666666664 0.37316666666666654 0.04883333333333334 0.4076666666666667 0.26199999999999996 0.6646666666666664 0.7273333333333334 0.6781666666666666 0.5286666666666665 
