1.0 0.8615000000000004 0.16550000000000004 0.13550000000000004 0.0 0.0 0.17733333333333334 0.13516666666666668 0.13950000000000004 0.0 0.23500000000000004 0.13516666666666668 0.24400000000000002 0.135 0.09000000000000002 0.0 0.9455000000000001 0.9273333333333333 0.9008333333333333 0.9073333333333333 0.21066666666666664 0.03900000000000001 0.14533333333333337 0.1356666666666667 0.024833333333333343 0.0 0.07200000000000002 0.008 0.2468333333333333 0.04166666666666666 0.0006666666666666666 0.0003333333333333333 0.9913333333333335 0.9516666666666663 0.11299999999999998 0.013166666666666665 0.011333333333333336 0.2848333333333332 0.7236666666666666 0.45916666666666656 0.08266666666666668 0.235 0.7858333333333333 0.7869999999999999 0.4006666666666665 0.4336666666666666 0.7974999999999999 0.7988333333333333 0.7883333333333333 0.7886666666666666 0.8736666666666666 0.7553333333333336 0.8468333333333333 0.6808333333333337 0.7183333333333336 0.6370000000000001 0.9818333333333336 0.8406666666666672 0.8616666666666662 0.6436666666666667 0.9138333333333333 0.5285000000000001 0.9188333333333333 0.7378333333333333 0.14966666666666667 0.13466666666666668 0.9318333333333334 0.71 0.8924999999999998 0.8630000000000004 0.0 0.0 0.0 0.036 0.0 0.04333333333333334 0.17133333333333334 0.21916666666666662 0.9486666666666673 0.8068333333333332 0.9665000000000004 0.7965000000000001 0.7601666666666665 0.7238333333333334 0.9391666666666668 0.1536666666666667 0.6416666666666667 0.662 0.7099999999999999 0.6048333333333333 
0.8615000000000004 1.0 0.030666666666666672 0.0005 0.10100000000000002 0.09416666666666668 0.0425 0.0 0.004333333333333333 0.09566666666666668 0.10016666666666668 0.0 0.10866666666666665 0.0 0.17883333333333332 0.09316666666666668 0.814 0.8293333333333333 0.7653333333333333 0.7731666666666667 0.31333333333333324 0.1531666666666667 0.010333333333333335 0.0005 0.11916666666666673 0.09916666666666667 0.1678333333333333 0.09833333333333334 0.34099999999999997 0.15500000000000003 0.1101666666666667 0.1081666666666667 0.861666666666667 0.8166666666666665 0.13016666666666668 0.02666666666666666 0.09616666666666665 0.39966666666666667 0.5886666666666666 0.5666666666666667 0.1075 0.2874999999999999 0.8038333333333331 0.805333333333333 0.4188333333333333 0.4513333333333334 0.816 0.817333333333333 0.805333333333333 0.8064999999999998 0.8169999999999997 0.7673333333333335 0.7126666666666669 0.7748333333333332 0.6825 0.7430000000000001 0.8696666666666667 0.9578333333333336 0.7273333333333332 0.746 0.7793333333333331 0.5301666666666669 0.7838333333333332 0.6818333333333332 0.01483333333333333 0.0 0.8278333333333332 0.7281666666666667 0.9304999999999999 0.9273333333333332 0.11516666666666665 0.11416666666666668 0.09083333333333334 0.13 0.05566666666666667 0.09499999999999996 0.10866666666666669 0.23250000000000004 0.8198333333333333 0.9214999999999998 0.8326666666666668 0.8756666666666668 0.8479999999999999 0.8383333333333333 0.8041666666666668 0.17116666666666672 0.7563333333333331 0.7774999999999999 0.6351666666666668 0.6306666666666666 
0.16550000000000004 0.030666666666666672 1.0 0.9398333333333335 0.5786666666666666 0.5788333333333333 0.9803333333333337 0.9436666666666668 0.9116666666666667 0.5808333333333332 0.9191666666666665 0.9476666666666668 0.9086666666666666 0.9448333333333335 0.5245 0.5801666666666666 0.20916666666666664 0.14800000000000002 0.26299999999999996 0.25533333333333325 0.3718333333333333 0.4736666666666666 0.9648333333333334 0.9528333333333333 0.5813333333333331 0.5778333333333334 0.5446666666666665 0.5021666666666667 0.43683333333333346 0.5275000000000002 0.5816666666666667 0.5803333333333334 0.16516666666666674 0.21166666666666667 0.5968333333333334 0.5785 0.5108333333333334 0.26033333333333336 0.3035 0.08783333333333333 0.49083333333333334 0.30399999999999994 0.030666666666666672 0.030666666666666672 0.3791666666666666 0.3578333333333334 0.030666666666666672 0.030666666666666672 0.03183333333333334 0.030666666666666672 0.10033333333333333 0.06883333333333334 0.2881666666666666 0.05416666666666667 0.23500000000000004 0.03783333333333334 0.1511666666666667 0.03133333333333334 0.24899999999999994 0.028833333333333336 0.24899999999999983 0.3878333333333332 0.24449999999999988 0.2774999999999999 0.9461666666666667 0.9393333333333334 0.14550000000000005 0.10650000000000003 0.06016666666666667 0.031000000000000007 0.5766666666666667 0.5753333333333334 0.5768333333333332 0.5291666666666667 0.6018333333333332 0.5418333333333333 0.6336666666666667 0.4396666666666668 0.18033333333333332 0.02916666666666667 0.19683333333333333 0.02383333333333334 0.05133333333333335 0.015 0.21716666666666667 0.472 0.02716666666666667 0.013166666666666667 0.34983333333333333 0.2941666666666667 
0.13550000000000004 0.0005 0.9398333333333335 1.0 0.6035 0.6051666666666666 0.9309999999999999 0.9893333333333336 0.9258333333333333 0.6055 0.8745000000000005 0.9828333333333338 0.8665000000000004 0.9876666666666669 0.5173333333333332 0.6058333333333333 0.17916666666666667 0.11833333333333336 0.23033333333333328 0.22466666666666654 0.3833333333333334 0.49950000000000006 0.9683333333333336 0.9801666666666669 0.6065 0.6036666666666668 0.5674999999999998 0.5281666666666668 0.4221666666666668 0.554 0.6061666666666667 0.6055 0.1355 0.182 0.6300000000000001 0.6265000000000002 0.5531666666666667 0.30383333333333334 0.2971666666666667 0.1315 0.5336666666666666 0.347 0.0006666666666666666 0.0006666666666666666 0.36716666666666664 0.3386666666666666 0.0005 0.0005 0.0016666666666666668 0.0005 0.07033333333333336 0.05749999999999998 0.27666666666666667 0.05216666666666666 0.24050000000000002 0.04416666666666666 0.1215 0.0013333333333333333 0.22016666666666665 0.034 0.21933333333333324 0.4291666666666666 0.21416666666666656 0.2904999999999999 0.9614999999999999 0.9813333333333334 0.11549999999999999 0.0933333333333334 0.03016666666666667 0.0008333333333333334 0.6025 0.6018333333333333 0.6018333333333333 0.5568333333333333 0.6449999999999999 0.5858333333333333 0.6795 0.48850000000000016 0.15033333333333332 0.0016666666666666666 0.16649999999999998 0.0015 0.021500000000000005 0.0003333333333333333 0.18533333333333327 0.5218333333333334 0.014000000000000004 0.00016666666666666666 0.33816666666666656 0.31066666666666665 
0.0 0.10100000000000002 0.5786666666666666 0.6035 1.0 0.9855000000000003 0.5734999999999998 0.5986666666666666 0.6548333333333335 0.9898333333333337 0.5165 0.5936666666666666 0.5093333333333332 0.5991666666666666 0.893 0.9866666666666668 0.0013333333333333333 0.01616666666666667 0.0 0.0 0.7626666666666666 0.8749999999999999 0.6001666666666666 0.6046666666666668 0.9563333333333333 0.9905000000000004 0.8703333333333334 0.9018333333333328 0.7418333333333331 0.9248333333333334 0.9845000000000003 0.9835000000000004 0.0 0.0 0.5371666666666665 0.5751666666666665 0.7885 0.5025 0.0285 0.3081666666666666 0.6491666666666666 0.506 0.0026666666666666666 0.0026666666666666666 0.3526666666666665 0.32783333333333325 0.0036666666666666666 0.003333333333333333 0.0025 0.0026666666666666666 0.0003333333333333333 0.005333333333333333 0.001 0.2535 0.039166666666666676 0.21766666666666673 0.0 0.12916666666666665 0.0 0.2526666666666666 0.0 0.1781666666666667 0.0 0.023 0.6066666666666667 0.6008333333333332 0.0006666666666666666 0.05316666666666667 0.036166666666666666 0.031833333333333345 0.9761666666666672 0.9743333333333339 0.9820000000000003 0.9158333333333334 0.8075000000000001 0.7343333333333334 0.5333333333333333 0.43250000000000016 0.003 0.14400000000000002 0.0 0.1396666666666667 0.22233333333333336 0.25900000000000006 0.013000000000000003 0.43000000000000016 0.3403333333333334 0.3214999999999999 0.024999999999999994 0.06499999999999997 
0.0 0.09416666666666668 0.5788333333333333 0.6051666666666666 0.9855000000000003 1.0 0.5738333333333331 0.6006666666666666 0.6530000000000002 0.9896666666666668 0.5148333333333334 0.5956666666666667 0.5081666666666667 0.6008333333333333 0.8943333333333332 0.990166666666667 0.002333333333333333 0.01416666666666667 0.0 0.0 0.7551666666666668 0.8703333333333333 0.601 0.6050000000000001 0.9568333333333334 0.988666666666667 0.8741666666666669 0.9109999999999995 0.7418333333333332 0.9209999999999998 0.975666666666667 0.978666666666667 0.0 0.0 0.5463333333333332 0.5848333333333333 0.7999999999999998 0.5005000000000001 0.03016666666666667 0.3065 0.6603333333333333 0.5175000000000002 0.008166666666666668 0.008166666666666668 0.35849999999999993 0.33299999999999996 0.007333333333333334 0.007333333333333334 0.006500000000000001 0.008 0.0011666666666666668 0.010666666666666668 0.0003333333333333333 0.2476666666666667 0.0335 0.2126666666666667 0.0 0.1223333333333333 0.0 0.2523333333333333 0.0 0.17366666666666664 0.0 0.01766666666666667 0.6076666666666666 0.6029999999999999 0.0 0.056666666666666664 0.03066666666666667 0.02533333333333334 0.9720000000000004 0.971833333333334 0.985166666666667 0.9236666666666667 0.8184999999999999 0.746 0.5429999999999999 0.44150000000000006 0.003 0.13750000000000004 0.0 0.14550000000000002 0.22466666666666665 0.2523333333333333 0.013000000000000003 0.4391666666666667 0.33199999999999996 0.3131666666666666 0.020333333333333335 0.05966666666666663 
0.17733333333333334 0.0425 0.9803333333333337 0.9309999999999999 0.5734999999999998 0.5738333333333331 1.0 0.9338333333333334 0.901666666666667 0.5753333333333331 0.9185 0.9371666666666667 0.9076666666666666 0.935 0.5266666666666667 0.5744999999999998 0.221 0.15966666666666665 0.2731666666666666 0.26416666666666677 0.3698333333333333 0.4686666666666665 0.9525 0.9401666666666669 0.5761666666666665 0.5729999999999998 0.5399999999999996 0.49699999999999994 0.44266666666666665 0.5216666666666666 0.576 0.575 0.17733333333333343 0.22316666666666674 0.5896666666666668 0.57 0.5038333333333331 0.25316666666666665 0.3048333333333333 0.08049999999999999 0.48383333333333334 0.29716666666666663 0.042666666666666665 0.042666666666666665 0.38733333333333325 0.3683333333333333 0.0425 0.0425 0.04366666666666667 0.0425 0.11216666666666665 0.07800000000000001 0.2968333333333334 0.05949999999999999 0.23933333333333337 0.04300000000000001 0.16333333333333336 0.043166666666666666 0.2605 0.031666666666666676 0.26116666666666655 0.37883333333333336 0.2556666666666666 0.27816666666666673 0.9365000000000002 0.9298333333333332 0.15733333333333333 0.11233333333333331 0.07216666666666667 0.042666666666666665 0.5711666666666665 0.5696666666666665 0.5716666666666665 0.5236666666666667 0.5941666666666666 0.5345 0.6255000000000002 0.43133333333333346 0.1925 0.04033333333333333 0.20833333333333343 0.034666666666666665 0.06216666666666666 0.024666666666666667 0.22949999999999998 0.46333333333333343 0.03200000000000001 0.018666666666666675 0.3496666666666667 0.2913333333333333 
0.13516666666666668 0.0 0.9436666666666668 0.9893333333333336 0.5986666666666666 0.6006666666666666 0.9338333333333334 1.0 0.9283333333333332 0.6009999999999999 0.8790000000000002 0.9886666666666669 0.8705000000000003 0.9940000000000002 0.5139999999999999 0.601 0.17883333333333332 0.1176666666666667 0.22983333333333328 0.22466666666666651 0.3788333333333334 0.49483333333333335 0.971666666666667 0.979166666666667 0.6016666666666666 0.5984999999999999 0.5623333333333331 0.5233333333333335 0.42216666666666675 0.5496666666666669 0.6016666666666667 0.601 0.13483333333333333 0.18166666666666667 0.6266666666666666 0.6211666666666666 0.5474999999999999 0.2980000000000001 0.2991666666666667 0.12516666666666665 0.5278333333333333 0.341 0.00016666666666666666 0.00016666666666666666 0.36599999999999994 0.3374999999999999 0.0 0.0 0.0011666666666666668 0.0 0.06966666666666668 0.05833333333333331 0.2785 0.05416666666666667 0.24300000000000008 0.045999999999999985 0.12083333333333333 0.0008333333333333333 0.2193333333333333 0.03283333333333334 0.21866666666666656 0.43516666666666665 0.21416666666666656 0.2928333333333332 0.9608333333333334 0.9853333333333336 0.11516666666666665 0.09450000000000003 0.029500000000000002 0.0003333333333333333 0.5981666666666665 0.5974999999999998 0.5973333333333332 0.5519999999999999 0.6394999999999997 0.58 0.6746666666666665 0.4828333333333334 0.14966666666666664 0.001 0.16616666666666668 0.0008333333333333333 0.021333333333333336 0.0 0.18466666666666662 0.5190000000000001 0.013833333333333338 0.0 0.34283333333333327 0.3166666666666666 
0.13950000000000004 0.004333333333333333 0.9116666666666667 0.9258333333333333 0.6548333333333335 0.6530000000000002 0.901666666666667 0.9283333333333332 1.0 0.6560000000000001 0.8471666666666671 0.9235 0.8401666666666668 0.9279999999999999 0.5651666666666667 0.6561666666666668 0.18316666666666662 0.12183333333333335 0.23616666666666664 0.22916666666666657 0.4338333333333334 0.5481666666666665 0.9384999999999999 0.9375 0.657166666666667 0.6543333333333337 0.6191666666666668 0.5763333333333333 0.44400000000000006 0.5981666666666666 0.6561666666666669 0.6558333333333336 0.1391666666666667 0.18600000000000003 0.5983333333333335 0.5901666666666667 0.5518333333333333 0.29833333333333334 0.306 0.12583333333333335 0.5314999999999999 0.3441666666666666 0.0045000000000000005 0.0045000000000000005 0.3636666666666666 0.3361666666666666 0.004333333333333333 0.004333333333333333 0.0055000000000000005 0.004333333333333333 0.07400000000000001 0.05249999999999997 0.2700000000000001 0.0565 0.2261666666666667 0.03566666666666667 0.12516666666666668 0.0051666666666666675 0.2238333333333333 0.029166666666666664 0.22316666666666657 0.3748333333333331 0.2188333333333332 0.25300000000000006 0.9345 0.9313333333333332 0.11950000000000002 0.08083333333333334 0.03383333333333334 0.004666666666666666 0.6498333333333336 0.6485000000000002 0.6513333333333335 0.5955000000000001 0.6388333333333334 0.5795 0.6441666666666667 0.455 0.154 0.0034999999999999996 0.17050000000000004 0.002 0.027999999999999994 0.007333333333333333 0.1906666666666666 0.47816666666666685 0.04183333333333335 0.025000000000000005 0.30550000000000005 0.25249999999999995 
0.0 0.09566666666666668 0.5808333333333332 0.6055 0.9898333333333337 0.9896666666666668 0.5753333333333331 0.6009999999999999 0.6560000000000001 1.0 0.5168333333333333 0.5963333333333333 0.5099999999999999 0.6014999999999999 0.8956666666666665 0.9905000000000003 0.0025 0.01416666666666667 0.0 0.0 0.7575 0.8689999999999999 0.6024999999999999 0.6068333333333334 0.9588333333333334 0.9893333333333335 0.8725000000000003 0.9059999999999995 0.7425 0.9189999999999999 0.9803333333333337 0.9800000000000004 0.0 0.0 0.5431666666666665 0.5813333333333333 0.7949999999999998 0.4991666666666667 0.029000000000000005 0.3048333333333333 0.6556666666666665 0.5126666666666668 0.006166666666666666 0.006333333333333333 0.3574999999999999 0.33233333333333337 0.005666666666666666 0.005666666666666666 0.004833333333333333 0.006333333333333333 0.0006666666666666666 0.009000000000000001 0.001 0.24966666666666665 0.0345 0.2125 0.0 0.12383333333333331 0.0 0.2516666666666666 0.0 0.1753333333333333 0.0 0.01833333333333334 0.6086666666666666 0.6034999999999999 0.0003333333333333333 0.05616666666666666 0.03183333333333333 0.02683333333333334 0.9710000000000004 0.9698333333333337 0.9848333333333337 0.9183333333333334 0.8141666666666667 0.7411666666666668 0.5398333333333335 0.43833333333333335 0.003 0.13900000000000004 0.0 0.14383333333333337 0.22349999999999998 0.2538333333333334 0.013000000000000003 0.4370000000000001 0.3346666666666666 0.31549999999999995 0.021833333333333337 0.06149999999999997 
0.23500000000000004 0.10016666666666668 0.9191666666666665 0.8745000000000005 0.5165 0.5148333333333334 0.9185 0.8790000000000002 0.8471666666666671 0.5168333333333333 1.0 0.8823333333333333 0.9748333333333338 0.8801666666666668 0.5859999999999996 0.5168333333333333 0.2783333333333333 0.21716666666666665 0.3315000000000001 0.32349999999999995 0.4083333333333334 0.41400000000000003 0.8973333333333333 0.8873333333333333 0.5178333333333334 0.5156666666666666 0.4821666666666665 0.44016666666666665 0.5088333333333334 0.4661666666666665 0.518 0.5165 0.235 0.28116666666666673 0.5311666666666665 0.513 0.44983333333333325 0.1981666666666667 0.37583333333333335 0.04666666666666666 0.42983333333333357 0.24249999999999994 0.10033333333333333 0.10016666666666668 0.3385 0.3306666666666666 0.10016666666666668 0.10016666666666668 0.10133333333333333 0.10016666666666668 0.1698333333333333 0.14033333333333334 0.3615 0.12783333333333333 0.3100000000000001 0.11266666666666665 0.22099999999999997 0.10099999999999999 0.3181666666666667 0.09916666666666667 0.31850000000000006 0.3455 0.31400000000000006 0.3518333333333334 0.8801666666666667 0.8748333333333335 0.21499999999999997 0.10183333333333332 0.1298333333333333 0.10066666666666667 0.5148333333333334 0.5145 0.5151666666666668 0.46833333333333327 0.5375 0.4773333333333335 0.5681666666666666 0.3745000000000001 0.24983333333333338 0.09866666666666667 0.266 0.09350000000000001 0.12183333333333334 0.0866666666666667 0.2868333333333335 0.4061666666666666 0.09866666666666667 0.08483333333333334 0.42100000000000004 0.3478333333333333 
0.13516666666666668 0.0 0.9476666666666668 0.9828333333333338 0.5936666666666666 0.5956666666666667 0.9371666666666667 0.9886666666666669 0.9235 0.5963333333333333 0.8823333333333333 1.0 0.8738333333333334 0.9903333333333336 0.5141666666666665 0.5956666666666667 0.17883333333333337 0.1176666666666667 0.23016666666666658 0.22449999999999984 0.37449999999999994 0.49016666666666664 0.969666666666667 0.9763333333333335 0.596 0.5934999999999999 0.5569999999999999 0.5180000000000002 0.4223333333333335 0.5446666666666665 0.597 0.596 0.13516666666666666 0.18166666666666667 0.6200000000000001 0.6141666666666667 0.5408333333333335 0.29150000000000004 0.3 0.11866666666666664 0.5221666666666664 0.3346666666666666 0.0 0.0 0.3648333333333333 0.3368333333333333 0.0 0.0 0.0011666666666666668 0.0 0.06966666666666668 0.05833333333333331 0.2790000000000001 0.05383333333333333 0.24300000000000005 0.04499999999999999 0.12116666666666669 0.0008333333333333333 0.21966666666666662 0.03149999999999999 0.2188333333333332 0.4341666666666667 0.21399999999999988 0.29166666666666663 0.9560000000000001 0.9820000000000004 0.11516666666666665 0.09450000000000004 0.029666666666666668 0.00016666666666666666 0.5935 0.5924999999999999 0.592 0.5469999999999999 0.6328333333333331 0.5736666666666668 0.6683333333333333 0.47633333333333333 0.14999999999999997 0.0008333333333333334 0.16583333333333333 0.0008333333333333333 0.021500000000000005 0.0 0.18499999999999994 0.5118333333333334 0.013833333333333338 0.0 0.3443333333333332 0.3216666666666665 
0.24400000000000002 0.10866666666666665 0.9086666666666666 0.8665000000000004 0.5093333333333332 0.5081666666666667 0.9076666666666666 0.8705000000000003 0.8401666666666668 0.5099999999999999 0.9748333333333338 0.8738333333333334 1.0 0.8713333333333334 0.5838333333333332 0.5098333333333332 0.28766666666666674 0.22599999999999998 0.3411666666666667 0.3335 0.4130000000000001 0.4066666666666666 0.8876666666666668 0.8796666666666667 0.5109999999999998 0.5091666666666665 0.47400000000000003 0.4320000000000001 0.5193333333333332 0.45916666666666667 0.5113333333333333 0.5098333333333332 0.2436666666666667 0.2905 0.5193333333333333 0.5031666666666665 0.44066666666666665 0.1898333333333333 0.3886666666666666 0.04716666666666666 0.4215000000000002 0.23450000000000004 0.10866666666666665 0.10866666666666665 0.32966666666666666 0.32433333333333325 0.10866666666666665 0.10866666666666665 0.10983333333333331 0.10866666666666665 0.17816666666666667 0.15183333333333335 0.37466666666666676 0.1395 0.32166666666666655 0.12299999999999997 0.22966666666666666 0.10949999999999997 0.32783333333333337 0.10816666666666666 0.32716666666666677 0.3411666666666667 0.3226666666666667 0.3626666666666668 0.8686666666666667 0.8655000000000003 0.22400000000000003 0.10216666666666667 0.13816666666666666 0.10883333333333331 0.5079999999999999 0.508 0.5089999999999999 0.46083333333333326 0.5296666666666667 0.4683333333333334 0.5573333333333332 0.3655 0.2584999999999999 0.10783333333333331 0.27466666666666667 0.10333333333333332 0.13099999999999995 0.09750000000000002 0.29500000000000004 0.39749999999999985 0.10983333333333334 0.09550000000000003 0.43149999999999983 0.35 
0.135 0.0 0.9448333333333335 0.9876666666666669 0.5991666666666666 0.6008333333333333 0.935 0.9940000000000002 0.9279999999999999 0.6014999999999999 0.8801666666666668 0.9903333333333336 0.8713333333333334 1.0 0.5151666666666666 0.6011666666666666 0.17866666666666667 0.11783333333333337 0.23066666666666663 0.22483333333333325 0.37933333333333347 0.4951666666666666 0.9743333333333335 0.9798333333333334 0.6015 0.5986666666666667 0.5624999999999998 0.5235000000000001 0.4223333333333335 0.5496666666666666 0.6021666666666667 0.6011666666666667 0.135 0.1815 0.6255000000000001 0.6200000000000001 0.5465000000000001 0.2971666666666668 0.2998333333333334 0.12449999999999997 0.5271666666666666 0.34016666666666656 0.0 0.0 0.36566666666666664 0.33733333333333326 0.0 0.0 0.0011666666666666668 0.0 0.06983333333333336 0.058666666666666645 0.2793333333333334 0.0535 0.2436666666666667 0.045666666666666654 0.12100000000000001 0.0008333333333333333 0.21966666666666665 0.032 0.21916666666666657 0.4346666666666666 0.2139999999999999 0.29216666666666663 0.96 0.9870000000000003 0.11499999999999998 0.09500000000000003 0.029666666666666668 0.0003333333333333333 0.5983333333333333 0.5973333333333333 0.5971666666666666 0.5521666666666666 0.6388333333333331 0.5793333333333333 0.6739999999999999 0.48183333333333345 0.14983333333333332 0.001 0.166 0.0008333333333333333 0.02166666666666667 0.0 0.1851666666666666 0.5180000000000002 0.013833333333333338 0.0 0.3434999999999999 0.3168333333333333 
0.09000000000000002 0.17883333333333332 0.5245 0.5173333333333332 0.893 0.8943333333333332 0.5266666666666667 0.5139999999999999 0.5651666666666667 0.8956666666666665 0.5859999999999996 0.5141666666666665 0.5838333333333332 0.5151666666666666 1.0 0.898 0.09300000000000001 0.10333333333333332 0.09000000000000002 0.09000000000000002 0.7781666666666667 0.775 0.5146666666666665 0.5179999999999998 0.8668333333333336 0.8939999999999999 0.7810000000000002 0.8156666666666667 0.8313333333333336 0.8240000000000001 0.8816666666666667 0.8831666666666667 0.09000000000000002 0.09000000000000002 0.4570000000000001 0.49449999999999994 0.709 0.4008333333333334 0.11416666666666668 0.23200000000000007 0.5715 0.4283333333333333 0.1023333333333333 0.10249999999999998 0.3228333333333333 0.31683333333333336 0.10183333333333332 0.10183333333333332 0.10083333333333332 0.10249999999999998 0.09200000000000001 0.10516666666666664 0.09100000000000001 0.33266666666666667 0.1198333333333333 0.29533333333333334 0.09000000000000002 0.207 0.09000000000000002 0.32916666666666666 0.09000000000000002 0.10933333333333335 0.09000000000000002 0.10166666666666666 0.5184999999999998 0.5156666666666666 0.09000000000000002 0.06233333333333333 0.11666666666666665 0.10983333333333331 0.8734999999999999 0.8733333333333332 0.8978333333333332 0.8298333333333332 0.7263333333333333 0.654166666666667 0.45299999999999996 0.3506666666666668 0.09300000000000001 0.22216666666666662 0.09000000000000002 0.23883333333333326 0.317 0.3373333333333333 0.10299999999999997 0.35100000000000003 0.41850000000000015 0.3991666666666667 0.10483333333333332 0.11133333333333334 
0.0 0.09316666666666668 0.5801666666666666 0.6058333333333333 0.9866666666666668 0.990166666666667 0.5744999999999998 0.601 0.6561666666666668 0.9905000000000003 0.5168333333333333 0.5956666666666667 0.5098333333333332 0.6011666666666666 0.898 1.0 0.003 0.014500000000000004 0.0 0.0 0.7556666666666666 0.867 0.6021666666666667 0.6068333333333334 0.9613333333333334 0.9898333333333338 0.8756666666666669 0.9091666666666661 0.7446666666666666 0.9171666666666667 0.9775000000000003 0.9795000000000001 0.0 0.0 0.5469999999999997 0.5848333333333333 0.7981666666666665 0.49683333333333346 0.028666666666666667 0.30249999999999994 0.6585 0.5156666666666667 0.009333333333333334 0.009500000000000001 0.3596666666666665 0.33483333333333326 0.009000000000000001 0.008666666666666666 0.007666666666666667 0.009333333333333334 0.0013333333333333335 0.012000000000000004 0.001 0.247 0.03266666666666668 0.20983333333333343 0.0 0.12133333333333331 0.0 0.24799999999999997 0.0 0.17283333333333334 0.0 0.015666666666666672 0.609 0.6031666666666666 0.0 0.05833333333333332 0.02983333333333333 0.02416666666666667 0.9681666666666671 0.9673333333333336 0.9893333333333336 0.9215000000000001 0.8163333333333332 0.7449999999999999 0.5429999999999999 0.4406666666666667 0.003 0.13650000000000004 0.0 0.1461666666666667 0.22583333333333336 0.2515 0.013000000000000003 0.43966666666666676 0.3323333333333334 0.3133333333333333 0.021333333333333333 0.0588333333333333 
0.9455000000000001 0.814 0.20916666666666664 0.17916666666666667 0.0013333333333333333 0.002333333333333333 0.221 0.17883333333333332 0.18316666666666662 0.0025 0.2783333333333333 0.17883333333333337 0.28766666666666674 0.17866666666666667 0.09300000000000001 0.003 1.0 0.9264999999999999 0.943 0.9508333333333334 0.21099999999999997 0.038833333333333345 0.18866666666666668 0.17933333333333334 0.004999999999999999 0.0016666666666666666 0.03366666666666668 0.009666666666666667 0.2501666666666667 0.043166666666666666 0.0006666666666666666 0.0003333333333333333 0.9461666666666669 0.982333333333334 0.06549999999999997 0.014499999999999999 0.014333333333333335 0.2863333333333332 0.7671666666666667 0.4611666666666665 0.08516666666666665 0.24116666666666667 0.7378333333333338 0.7390000000000003 0.35266666666666674 0.3856666666666667 0.7495000000000003 0.751166666666667 0.7405000000000004 0.7406666666666673 0.8269999999999998 0.7293333333333334 0.8910000000000001 0.6890000000000004 0.7653333333333334 0.6396666666666667 0.9313333333333332 0.8138333333333333 0.9048333333333334 0.6461666666666669 0.9553333333333335 0.5754999999999999 0.959666666666667 0.7856666666666665 0.19033333333333335 0.17833333333333334 0.8816666666666667 0.6631666666666665 0.8430000000000001 0.8133333333333331 0.0 0.0 0.003333333333333333 0.04033333333333333 0.005166666666666666 0.04999999999999998 0.19083333333333335 0.2211666666666666 0.959666666666667 0.8049999999999998 0.975166666666667 0.7961666666666666 0.7606666666666666 0.7240000000000001 0.9581666666666667 0.146 0.6408333333333335 0.6618333333333334 0.7566666666666663 0.6503333333333334 
0.9273333333333333 0.8293333333333333 0.14800000000000002 0.11833333333333336 0.01616666666666667 0.01416666666666667 0.15966666666666665 0.1176666666666667 0.12183333333333335 0.01416666666666667 0.21716666666666665 0.1176666666666667 0.22599999999999998 0.11783333333333337 0.10333333333333332 0.014500000000000004 0.9264999999999999 1.0 0.8818333333333331 0.8894999999999997 0.22700000000000004 0.059833333333333315 0.12800000000000003 0.11783333333333335 0.015333333333333334 0.016166666666666673 0.038500000000000006 0.02066666666666667 0.26266666666666666 0.06633333333333333 0.022000000000000002 0.020333333333333335 0.9279999999999999 0.924833333333333 0.06716666666666664 0.056666666666666664 0.0285 0.3306666666666666 0.7058333333333333 0.5116666666666668 0.1188333333333333 0.27833333333333327 0.7408333333333335 0.7420000000000002 0.3556666666666667 0.38866666666666655 0.7525 0.7541666666666668 0.7430000000000001 0.7436666666666669 0.8159999999999998 0.7180000000000001 0.8296666666666667 0.6971666666666665 0.7213333333333333 0.6613333333333332 0.9228333333333332 0.8439999999999999 0.8441666666666666 0.6661666666666668 0.8946666666666667 0.5323333333333334 0.8988333333333332 0.7423333333333333 0.12966666666666668 0.11750000000000002 0.8713333333333337 0.6628333333333335 0.8558333333333333 0.827833333333333 0.022500000000000006 0.022000000000000002 0.013833333333333338 0.05466666666666667 0.039000000000000014 0.08533333333333332 0.205 0.267 0.9571666666666669 0.8563333333333337 0.9316666666666665 0.8321666666666669 0.7731666666666668 0.7465 0.9071666666666666 0.1821666666666667 0.6630000000000001 0.6841666666666667 0.7118333333333332 0.6078333333333332 
0.9008333333333333 0.7653333333333333 0.26299999999999996 0.23033333333333328 0.0 0.0 0.2731666666666666 0.22983333333333328 0.23616666666666664 0.0 0.3315000000000001 0.23016666666666658 0.3411666666666667 0.23066666666666663 0.09000000000000002 0.0 0.943 0.8818333333333331 1.0 0.9851666666666671 0.21066666666666664 0.03850000000000001 0.2426666666666666 0.23266666666666663 0.00016666666666666666 0.0 0.004333333333333333 0.007000000000000001 0.2463333333333333 0.041166666666666664 0.0006666666666666666 0.0003333333333333333 0.9001666666666666 0.9455000000000001 0.02733333333333333 0.011333333333333332 0.011833333333333333 0.28449999999999986 0.8211666666666666 0.45916666666666667 0.07816666666666666 0.23466666666666666 0.6886666666666664 0.6899999999999998 0.30366666666666664 0.3366666666666668 0.7005 0.7018333333333332 0.6913333333333332 0.6918333333333332 0.7801666666666667 0.7366666666666666 0.9396666666666669 0.6955000000000001 0.8138333333333334 0.6458333333333336 0.8859999999999999 0.7655 0.9291666666666666 0.6436666666666667 0.9806666666666668 0.6208333333333335 0.9753333333333337 0.8298333333333335 0.23783333333333323 0.23016666666666663 0.8353333333333332 0.6139999999999999 0.7943333333333336 0.7651666666666666 0.0 0.0 0.0 0.0355 0.0 0.04283333333333334 0.18283333333333332 0.21783333333333324 0.9145 0.7618333333333333 0.9306666666666665 0.7553333333333333 0.7401666666666665 0.7194999999999997 0.9200000000000002 0.14816666666666664 0.6420000000000001 0.6615000000000001 0.8081666666666666 0.6976666666666665 
0.9073333333333333 0.7731666666666667 0.25533333333333325 0.22466666666666654 0.0 0.0 0.26416666666666677 0.22466666666666651 0.22916666666666657 0.0 0.32349999999999995 0.22449999999999984 0.3335 0.22483333333333325 0.09000000000000002 0.0 0.9508333333333334 0.8894999999999997 0.9851666666666671 1.0 0.21066666666666664 0.039833333333333346 0.23483333333333323 0.22583333333333322 0.00016666666666666666 0.0 0.0045000000000000005 0.007166666666666667 0.2468333333333333 0.042166666666666665 0.0006666666666666666 0.0003333333333333333 0.9073333333333331 0.9536666666666669 0.026666666666666665 0.011000000000000001 0.011666666666666669 0.2863333333333332 0.8143333333333332 0.4608333333333332 0.07983333333333334 0.2368333333333333 0.6961666666666667 0.6975 0.31116666666666665 0.34416666666666657 0.7080000000000003 0.7093333333333334 0.6988333333333333 0.6993333333333334 0.7879999999999999 0.746 0.937 0.6975000000000001 0.8088333333333331 0.6471666666666667 0.8931666666666667 0.7743333333333333 0.938 0.6453333333333334 0.9865000000000004 0.6178333333333333 0.9825000000000003 0.8276666666666666 0.2294999999999999 0.22466666666666651 0.8441666666666663 0.6228333333333333 0.8025 0.7736666666666666 0.0 0.0 0.0 0.0365 0.0 0.043833333333333335 0.18366666666666664 0.2188333333333333 0.9228333333333333 0.7718333333333333 0.9391666666666666 0.7641666666666665 0.7414999999999998 0.7204999999999999 0.9216666666666667 0.149 0.6401666666666668 0.6615000000000001 0.8003333333333333 0.6921666666666666 
0.21066666666666664 0.31333333333333324 0.3718333333333333 0.3833333333333334 0.7626666666666666 0.7551666666666668 0.3698333333333333 0.3788333333333334 0.4338333333333334 0.7575 0.4083333333333334 0.37449999999999994 0.4130000000000001 0.37933333333333347 0.7781666666666667 0.7556666666666666 0.21099999999999997 0.22700000000000004 0.21066666666666664 0.21066666666666664 1.0 0.6729999999999999 0.38033333333333347 0.3846666666666667 0.7233333333333334 0.7601666666666667 0.6405 0.6726666666666667 0.8066666666666669 0.7111666666666666 0.7605 0.7623333333333332 0.21066666666666664 0.21066666666666664 0.322 0.348 0.5641666666666667 0.32899999999999996 0.23916666666666672 0.41366666666666674 0.43900000000000006 0.30750000000000005 0.2238333333333333 0.2238333333333333 0.16266666666666674 0.15066666666666667 0.22449999999999995 0.22449999999999995 0.22366666666666662 0.2238333333333333 0.21583333333333324 0.2216666666666666 0.21166666666666664 0.4596666666666668 0.2515 0.4304999999999998 0.21066666666666664 0.3418333333333334 0.21066666666666664 0.4528333333333333 0.21066666666666664 0.1893333333333333 0.21066666666666664 0.2358333333333333 0.3863333333333334 0.38050000000000006 0.21116666666666664 0.20499999999999996 0.2488333333333332 0.24483333333333332 0.762 0.7626666666666666 0.7568333333333335 0.6931666666666668 0.5810000000000001 0.5091666666666665 0.3098333333333333 0.22433333333333338 0.2136666666666666 0.35633333333333334 0.21066666666666664 0.33966666666666656 0.42016666666666663 0.4716666666666668 0.22299999999999998 0.21799999999999997 0.5521666666666665 0.5336666666666666 0.222 0.2516666666666666 
0.03900000000000001 0.1531666666666667 0.4736666666666666 0.49950000000000006 0.8749999999999999 0.8703333333333333 0.4686666666666665 0.49483333333333335 0.5481666666666665 0.8689999999999999 0.41400000000000003 0.49016666666666664 0.4066666666666666 0.4951666666666666 0.775 0.867 0.038833333333333345 0.059833333333333315 0.03850000000000001 0.039833333333333346 0.6729999999999999 1.0 0.49566666666666664 0.49966666666666676 0.8353333333333335 0.8744999999999998 0.8221666666666665 0.921 0.627 0.9081666666666668 0.8813333333333331 0.8818333333333331 0.03866666666666668 0.039500000000000014 0.5718333333333332 0.6023333333333332 0.8263333333333331 0.6093333333333334 0.11050000000000003 0.4153333333333332 0.685 0.5886666666666666 0.08166666666666672 0.08200000000000005 0.4236666666666667 0.39866666666666667 0.08716666666666668 0.08933333333333338 0.08250000000000003 0.08250000000000003 0.08933333333333335 0.09183333333333338 0.04283333333333334 0.29583333333333334 0.13516666666666663 0.31500000000000006 0.03933333333333335 0.18216666666666673 0.08866666666666671 0.2855000000000001 0.039000000000000014 0.22850000000000004 0.038500000000000006 0.07666666666666665 0.503 0.4973333333333333 0.08400000000000003 0.1353333333333333 0.08850000000000001 0.085 0.890333333333333 0.8924999999999996 0.8661666666666666 0.8806666666666665 0.6965 0.7169999999999999 0.559 0.46649999999999997 0.04316666666666668 0.19716666666666668 0.039500000000000014 0.1658333333333334 0.21783333333333324 0.3105 0.044500000000000005 0.5046666666666665 0.3671666666666667 0.37116666666666653 0.07383333333333333 0.11783333333333333 
0.14533333333333337 0.010333333333333335 0.9648333333333334 0.9683333333333336 0.6001666666666666 0.601 0.9525 0.971666666666667 0.9384999999999999 0.6024999999999999 0.8973333333333333 0.969666666666667 0.8876666666666668 0.9743333333333335 0.5146666666666665 0.6021666666666667 0.18866666666666668 0.12800000000000003 0.2426666666666666 0.23483333333333323 0.38033333333333347 0.49566666666666664 1.0 0.9825000000000003 0.6028333333333333 0.6000000000000001 0.566 0.5243333333333335 0.4226666666666668 0.5495 0.6031666666666667 0.6021666666666667 0.14533333333333334 0.19149999999999998 0.6251666666666668 0.6068333333333334 0.5355000000000001 0.2850000000000001 0.297 0.1118333333333333 0.5154999999999998 0.3285 0.010500000000000002 0.010333333333333335 0.37633333333333335 0.3474999999999999 0.010333333333333335 0.010333333333333335 0.011500000000000003 0.010333333333333335 0.08016666666666668 0.05216666666666664 0.2736666666666666 0.044833333333333336 0.22599999999999998 0.029666666666666678 0.13133333333333336 0.011166666666666668 0.22916666666666657 0.019500000000000003 0.22916666666666657 0.4136666666666666 0.22466666666666654 0.2743333333333333 0.9726666666666668 0.9675000000000001 0.12533333333333335 0.10283333333333335 0.04000000000000001 0.010666666666666668 0.5985 0.5973333333333333 0.5981666666666667 0.5521666666666666 0.6263333333333332 0.5668333333333333 0.6625 0.4685 0.16016666666666665 0.009000000000000001 0.17633333333333334 0.005333333333333333 0.031166666666666665 0.0008333333333333333 0.19699999999999998 0.5011666666666668 0.014333333333333335 0.0006666666666666666 0.3446666666666666 0.2985000000000001 
0.1356666666666667 0.0005 0.9528333333333333 0.9801666666666669 0.6046666666666668 0.6050000000000001 0.9401666666666669 0.979166666666667 0.9375 0.6068333333333334 0.8873333333333333 0.9763333333333335 0.8796666666666667 0.9798333333333334 0.5179999999999998 0.6068333333333334 0.17933333333333334 0.11783333333333335 0.23266666666666663 0.22583333333333322 0.3846666666666667 0.49966666666666676 0.9825000000000003 1.0 0.6068333333333336 0.6040000000000002 0.5683333333333331 0.5283333333333335 0.4236666666666668 0.5535 0.6075000000000003 0.6065000000000002 0.13533333333333336 0.1821666666666667 0.6220000000000001 0.6141666666666667 0.5419999999999999 0.29150000000000004 0.3066666666666667 0.11816666666666663 0.5221666666666666 0.335 0.0005 0.0005 0.36699999999999994 0.33849999999999997 0.0005 0.0005 0.0016666666666666668 0.0005 0.06983333333333336 0.05766666666666665 0.2808333333333334 0.05116666666666667 0.23550000000000004 0.037500000000000006 0.12133333333333333 0.0013333333333333333 0.22049999999999997 0.023000000000000003 0.21916666666666662 0.4205 0.2146666666666666 0.284 0.9711666666666666 0.9755000000000003 0.11566666666666667 0.09266666666666672 0.030000000000000006 0.0005 0.6028333333333334 0.6013333333333335 0.6025 0.5558333333333332 0.6328333333333334 0.5736666666666668 0.6678333333333332 0.4763333333333334 0.1505 0.0013333333333333333 0.16633333333333333 0.0013333333333333333 0.023833333333333342 0.00016666666666666666 0.1868333333333333 0.5105000000000002 0.014833333333333336 0.0008333333333333333 0.3509999999999999 0.3048333333333333 
0.024833333333333343 0.11916666666666673 0.5813333333333331 0.6065 0.9563333333333333 0.9568333333333334 0.5761666666666665 0.6016666666666666 0.657166666666667 0.9588333333333334 0.5178333333333334 0.596 0.5109999999999998 0.6015 0.8668333333333336 0.9613333333333334 0.004999999999999999 0.015333333333333334 0.00016666666666666666 0.00016666666666666666 0.7233333333333334 0.8353333333333335 0.6028333333333333 0.6068333333333336 1.0 0.9568333333333334 0.8986666666666668 0.8824999999999998 0.7135000000000001 0.8853333333333333 0.9465 0.9471666666666668 0.024833333333333332 0.004 0.5773333333333334 0.5844999999999998 0.7675 0.47 0.028333333333333335 0.2776666666666667 0.6441666666666667 0.4926666666666666 0.03983333333333334 0.03983333333333334 0.3908333333333332 0.36583333333333334 0.03933333333333334 0.03900000000000001 0.03816666666666667 0.03966666666666667 0.02933333333333334 0.036500000000000005 0.001 0.21916666666666662 0.0325 0.18099999999999997 0.02683333333333334 0.12166666666666667 0.0003333333333333333 0.21966666666666657 0.0011666666666666668 0.1723333333333333 0.002 0.015333333333333336 0.6113333333333333 0.6038333333333332 0.026666666666666675 0.08749999999999998 0.059666666666666666 0.05333333333333334 0.9355 0.9349999999999998 0.9556666666666669 0.8875 0.7933333333333334 0.7208333333333333 0.5426666666666666 0.4381666666666668 0.006 0.11666666666666668 0.008833333333333334 0.12883333333333336 0.20116666666666663 0.22066666666666673 0.019833333333333335 0.44966666666666677 0.3015 0.28283333333333344 0.020833333333333336 0.06066666666666665 
