1.0 0.7876666666666668 0.0325 0.05183333333333333 0.057833333333333334 0.042166666666666665 0.22049999999999997 0.052333333333333336 0.07783333333333337 0.04833333333333332 0.38099999999999995 0.733 0.3471666666666666 0.4773333333333333 0.10966666666666665 0.05166666666666665 0.4768333333333334 0.5156666666666666 0.7246666666666667 0.618 0.07833333333333335 0.06133333333333332 0.016000000000000004 0.004166666666666667 0.002 0.0011666666666666668 0.0005 0.0105 0.6896666666666667 0.7063333333333331 0.04016666666666668 0.02433333333333334 0.7380000000000001 0.6366666666666667 0.0008333333333333333 0.0011666666666666668 0.41883333333333317 0.4724999999999999 0.2095000000000001 0.09783333333333336 0.12783333333333338 0.38616666666666677 0.4801666666666666 0.7041666666666668 0.38016666666666654 0.6978333333333334 0.7293333333333334 0.7103333333333335 0.7185000000000002 0.7233333333333334 0.4489999999999999 0.7235 0.7251666666666668 0.5545 0.7146666666666667 0.7096666666666667 0.6811666666666667 0.7475 0.7971666666666668 0.7228333333333334 0.36566666666666664 0.3355 0.7741666666666667 0.7441666666666668 0.0781666666666667 0.04799999999999999 0.6030000000000002 0.6061666666666669 0.8761666666666668 0.7356666666666668 0.5338333333333334 0.6085 0.8585000000000003 0.8343333333333335 0.8981666666666668 0.7871666666666668 0.4741666666666665 0.5586666666666666 0.12083333333333333 0.5086666666666666 0.5771666666666667 0.5433333333333332 0.0915 0.6073333333333334 0.0005 0.0006666666666666666 0.0011666666666666668 0.0011666666666666668 0.1515 0.09966666666666668 
0.7876666666666668 1.0 0.0008333333333333334 0.0735 0.0026666666666666666 0.0011666666666666668 0.04566666666666666 0.0026666666666666666 0.004333333333333333 0.0016666666666666666 0.18299999999999997 0.5361666666666666 0.161 0.3483333333333333 0.013333333333333338 0.0018333333333333335 0.43550000000000005 0.4751666666666668 0.7003333333333336 0.7393333333333332 0.11983333333333335 0.1768333333333334 0.005666666666666666 0.023166666666666672 0.0325 0.03616666666666667 0.04066666666666667 0.10016666666666665 0.4929999999999999 0.5086666666666665 0.003333333333333333 0.003 0.7585000000000001 0.8070000000000002 0.05233333333333332 0.05616666666666668 0.44016666666666665 0.4838333333333333 0.3211666666666666 0.19850000000000004 0.022833333333333337 0.3693333333333333 0.6653333333333334 0.902 0.531 0.9006666666666665 0.9291666666666667 0.9068333333333334 0.9213333333333332 0.927 0.6516666666666666 0.9285000000000001 0.9298333333333333 0.7093333333333335 0.9178333333333332 0.9138333333333332 0.7836666666666665 0.8816666666666666 0.9228333333333335 0.9276666666666666 0.1703333333333334 0.2541666666666666 0.5713333333333334 0.5598333333333333 0.002833333333333333 0.001 0.7656666666666665 0.7778333333333333 0.8331666666666665 0.8006666666666666 0.5571666666666667 0.6546666666666665 0.7553333333333334 0.8855 0.8133333333333337 0.8688333333333332 0.4843333333333333 0.5691666666666665 0.04833333333333333 0.4678333333333333 0.5128333333333333 0.5073333333333332 0.006833333333333334 0.7541666666666669 0.053 0.06783333333333333 0.049333333333333326 0.06933333333333334 0.02616666666666667 0.011166666666666667 
0.0325 0.0008333333333333334 1.0 0.8818333333333329 0.872166666666667 0.841 0.6074999999999999 0.8163333333333332 0.767 0.8304999999999998 0.4048333333333333 0.055333333333333325 0.4511666666666666 0.3819999999999999 0.7341666666666665 0.8259999999999998 0.0036666666666666666 0.002833333333333333 0.17133333333333325 0.04866666666666667 0.6033333333333334 0.5621666666666665 0.9695000000000001 0.934166666666667 0.9186666666666666 0.9111666666666666 0.8668333333333333 0.7211666666666666 0.08933333333333332 0.09666666666666664 0.9723333333333336 0.9676666666666668 0.01416666666666667 0.0016666666666666668 0.889 0.8839999999999999 0.09549999999999999 0.09733333333333336 0.3938333333333334 0.5236666666666667 0.6843333333333331 0.20783333333333334 0.26150000000000007 0.004 0.2146666666666666 0.002 0.0021666666666666666 0.004166666666666667 0.001 0.0015 0.2895000000000001 0.0015 0.0011666666666666668 0.16983333333333334 0.0018333333333333333 0.0015 0.0006666666666666666 0.0005 0.0005 0.0011666666666666668 0.4285000000000001 0.4593333333333333 0.04116666666666667 0.07366666666666666 0.7718333333333334 0.8356666666666667 0.001 0.0015 0.004999999999999999 0.0021666666666666666 0.031999999999999994 0.006500000000000001 0.02766666666666667 0.003 0.036000000000000004 0.030000000000000006 0.034666666666666665 0.014000000000000004 0.4006666666666667 0.015 0.004999999999999999 0.007166666666666667 0.7346666666666667 0.08566666666666668 0.8976666666666665 0.7391666666666667 0.9046666666666665 0.7616666666666664 0.671 0.7241666666666668 
0.05183333333333333 0.0735 0.8818333333333329 1.0 0.7830000000000001 0.7666666666666668 0.5416666666666667 0.7436666666666667 0.6953333333333334 0.7563333333333334 0.3535000000000001 0.011666666666666665 0.38900000000000007 0.3166666666666666 0.6629999999999999 0.7504999999999998 0.0075 0.011166666666666668 0.24083333333333334 0.1391666666666667 0.6040000000000002 0.5513333333333333 0.9051666666666667 0.9340000000000004 0.9323333333333333 0.9259999999999999 0.877166666666667 0.7340000000000001 0.05033333333333335 0.05299999999999998 0.8744999999999997 0.8986666666666665 0.06699999999999996 0.08150000000000002 0.9030000000000001 0.9 0.09833333333333333 0.10700000000000003 0.452 0.5145 0.6155 0.20083333333333336 0.34600000000000003 0.09266666666666666 0.30000000000000004 0.088 0.08733333333333332 0.09283333333333334 0.0825 0.08416666666666667 0.36666666666666664 0.08399999999999999 0.08299999999999999 0.22800000000000004 0.08416666666666667 0.08349999999999999 0.057499999999999975 0.05783333333333331 0.05683333333333331 0.08366666666666665 0.37233333333333335 0.39250000000000007 0.007000000000000001 0.020500000000000004 0.701 0.7610000000000002 0.088 0.08849999999999998 0.04933333333333332 0.05266666666666666 0.05849999999999999 0.05949999999999998 0.036 0.06516666666666666 0.05716666666666665 0.10649999999999998 0.043999999999999984 0.04033333333333333 0.38916666666666677 0.027000000000000003 0.017 0.021 0.6646666666666667 0.1446666666666667 0.9043333333333331 0.7548333333333334 0.9091666666666665 0.7778333333333332 0.5999999999999999 0.6533333333333331 
0.057833333333333334 0.0026666666666666666 0.872166666666667 0.7830000000000001 1.0 0.9175000000000001 0.7283333333333333 0.9158333333333328 0.8868333333333334 0.9216666666666663 0.5263333333333333 0.17616666666666664 0.573 0.4826666666666666 0.8528333333333332 0.9238333333333331 0.09766666666666665 0.08283333333333331 0.14116666666666666 0.029833333333333333 0.4841666666666667 0.47266666666666673 0.8461666666666668 0.8106666666666671 0.7944999999999999 0.7881666666666667 0.7440000000000001 0.5983333333333334 0.20299999999999996 0.20883333333333337 0.8688333333333332 0.8506666666666665 0.030499999999999992 0.0015000000000000002 0.7681666666666667 0.7648333333333333 0.15416666666666667 0.14083333333333334 0.3665000000000001 0.4481666666666666 0.8051666666666667 0.3051666666666667 0.2505 0.0006666666666666666 0.2131666666666666 0.0006666666666666666 0.0003333333333333333 0.0008333333333333334 0.0 0.00016666666666666666 0.28816666666666674 0.00016666666666666666 0.00016666666666666666 0.20383333333333342 0.00016666666666666666 0.00016666666666666666 0.002 0.0016666666666666668 0.0016666666666666668 0.00016666666666666666 0.5506666666666667 0.5806666666666667 0.16033333333333333 0.19583333333333333 0.8891666666666667 0.9164999999999999 0.0 0.00016666666666666666 0.007333333333333334 0.004833333333333333 0.061500000000000006 0.008166666666666666 0.07016666666666667 0.003333333333333333 0.055333333333333325 0.02433333333333333 0.09049999999999997 0.04716666666666667 0.5055000000000001 0.09250000000000001 0.06699999999999999 0.063 0.8555000000000003 0.10216666666666666 0.7786666666666666 0.6203333333333334 0.7856666666666667 0.6443333333333334 0.7931666666666666 0.8466666666666665 
0.042166666666666665 0.0011666666666666668 0.841 0.7666666666666668 0.9175000000000001 1.0 0.7553333333333333 0.9631666666666672 0.9148333333333335 0.9693333333333336 0.5553333333333332 0.20433333333333337 0.602 0.5265 0.8811666666666663 0.9671666666666671 0.13433333333333333 0.11416666666666668 0.15149999999999994 0.03833333333333334 0.4511666666666666 0.4291666666666664 0.8181666666666665 0.7813333333333337 0.7655000000000003 0.7581666666666667 0.7135000000000001 0.5678333333333335 0.2321666666666667 0.23699999999999996 0.8356666666666664 0.8213333333333331 0.021333333333333333 0.001 0.7366666666666666 0.7326666666666667 0.1948333333333333 0.1758333333333333 0.3403333333333334 0.4020000000000001 0.8324999999999996 0.3435 0.25049999999999994 0.0026666666666666666 0.21333333333333326 0.0011666666666666668 0.001 0.0026666666666666666 0.0003333333333333333 0.0006666666666666666 0.28866666666666674 0.0006666666666666666 0.0005 0.2033333333333334 0.001 0.0003333333333333333 0.0003333333333333333 0.0006666666666666666 0.0006666666666666666 0.0006666666666666666 0.5793333333333334 0.6113333333333333 0.18750000000000003 0.22366666666666668 0.9181666666666666 0.9648333333333338 0.00016666666666666666 0.0008333333333333334 0.006333333333333333 0.003 0.08933333333333335 0.009666666666666667 0.0675 0.002833333333333333 0.04133333333333334 0.02583333333333333 0.13066666666666665 0.066 0.5380000000000001 0.12016666666666664 0.09433333333333335 0.0875 0.8845000000000002 0.10316666666666667 0.7463333333333335 0.5871666666666667 0.7536666666666666 0.6104999999999999 0.8204999999999998 0.8753333333333334 
0.22049999999999997 0.04566666666666666 0.6074999999999999 0.5416666666666667 0.7283333333333333 0.7553333333333333 1.0 0.781833333333333 0.8313333333333336 0.7679999999999997 0.7931666666666666 0.44050000000000017 0.8330000000000001 0.556 0.8628333333333336 0.7753333333333333 0.2378333333333334 0.21200000000000002 0.18200000000000002 0.020833333333333336 0.3406666666666667 0.3726666666666667 0.5795 0.5491666666666667 0.5396666666666666 0.5343333333333333 0.535 0.4158333333333333 0.463 0.46733333333333316 0.6045000000000001 0.5843333333333335 0.10833333333333332 0.023000000000000003 0.5295000000000001 0.5271666666666668 0.25916666666666666 0.24066666666666667 0.33183333333333337 0.3668333333333333 0.8419999999999997 0.4551666666666667 0.26216666666666666 0.006166666666666667 0.21133333333333323 0.006333333333333333 0.010833333333333337 0.006833333333333334 0.007333333333333336 0.009166666666666667 0.3001666666666666 0.00816666666666667 0.009666666666666669 0.23166666666666663 0.007666666666666667 0.0065000000000000014 0.022666666666666675 0.027833333333333335 0.04083333333333334 0.00816666666666667 0.8141666666666666 0.5711666666666669 0.42399999999999993 0.4513333333333335 0.8270000000000001 0.7648333333333334 0.0 0.00016666666666666666 0.12183333333333334 0.05699999999999998 0.128 0.018333333333333333 0.21166666666666664 0.09650000000000002 0.17 0.07983333333333333 0.19816666666666666 0.12583333333333335 0.648 0.2168333333333333 0.22166666666666665 0.1801666666666667 0.8488333333333334 0.131 0.5376666666666666 0.42750000000000016 0.5383333333333333 0.43350000000000016 0.9003333333333333 0.8588333333333334 
0.052333333333333336 0.0026666666666666666 0.8163333333333332 0.7436666666666667 0.9158333333333328 0.9631666666666672 0.781833333333333 1.0 0.9365000000000001 0.9728333333333335 0.5820000000000001 0.23183333333333336 0.6283333333333332 0.5416666666666667 0.9045000000000001 0.971833333333334 0.15183333333333335 0.1281666666666667 0.14549999999999996 0.0335 0.4268333333333334 0.4098333333333331 0.7906666666666665 0.7543333333333332 0.7381666666666666 0.7315 0.6873333333333334 0.5419999999999999 0.25883333333333336 0.26349999999999996 0.8150000000000002 0.7951666666666665 0.02516666666666666 0.0015000000000000002 0.7119999999999999 0.708333333333333 0.20900000000000005 0.18716666666666668 0.3340000000000001 0.38633333333333325 0.8573333333333331 0.35950000000000004 0.24816666666666662 0.0006666666666666666 0.21299999999999994 0.0003333333333333333 0.00016666666666666666 0.0008333333333333334 0.0 0.0 0.2878333333333334 0.0 0.0 0.20500000000000007 0.0 0.0 0.0015000000000000002 0.0018333333333333333 0.0016666666666666668 0.0003333333333333333 0.606 0.6373333333333333 0.21416666666666662 0.25066666666666665 0.9408333333333334 0.9683333333333336 0.0 0.0 0.007333333333333334 0.004 0.09783333333333336 0.010166666666666668 0.07783333333333334 0.003333333333333333 0.048999999999999995 0.0235 0.14416666666666667 0.07566666666666666 0.5586666666666666 0.1348333333333334 0.10783333333333335 0.0998333333333333 0.9088333333333337 0.10550000000000001 0.7210000000000001 0.5631666666666667 0.7281666666666666 0.5854999999999999 0.8463333333333337 0.9001666666666669 
0.07783333333333337 0.004333333333333333 0.767 0.6953333333333334 0.8868333333333334 0.9148333333333335 0.8313333333333336 0.9365000000000001 1.0 0.9256666666666666 0.6331666666666667 0.28283333333333327 0.68 0.5066666666666666 0.948333333333333 0.9315000000000003 0.1965 0.17300000000000001 0.12849999999999998 0.022166666666666668 0.3803333333333333 0.3835 0.7400000000000001 0.7040000000000002 0.688 0.6813333333333332 0.6375 0.49316666666666653 0.30950000000000005 0.31400000000000006 0.7645000000000001 0.7441666666666668 0.04316666666666667 0.0013333333333333333 0.6643333333333333 0.6605 0.23483333333333337 0.2161666666666666 0.3306666666666666 0.36700000000000005 0.9093333333333331 0.40500000000000014 0.24666666666666667 0.00016666666666666666 0.21283333333333324 0.0003333333333333333 0.00016666666666666666 0.0003333333333333333 0.0 0.0 0.2878333333333334 0.0 0.0 0.21633333333333332 0.0 0.0 0.004333333333333333 0.0031666666666666666 0.003 0.0 0.6571666666666667 0.6828333333333333 0.26533333333333337 0.30133333333333334 0.9690000000000003 0.9218333333333335 0.0 0.0 0.009833333333333335 0.006166666666666667 0.11500000000000002 0.011666666666666667 0.09333333333333334 0.003833333333333333 0.06350000000000001 0.009500000000000003 0.17150000000000007 0.10150000000000002 0.6068333333333332 0.17983333333333326 0.15383333333333332 0.14483333333333337 0.9571666666666669 0.11483333333333334 0.6736666666666664 0.5165 0.681 0.5393333333333333 0.8978333333333336 0.9500000000000002 
0.04833333333333332 0.0016666666666666666 0.8304999999999998 0.7563333333333334 0.9216666666666663 0.9693333333333336 0.7679999999999997 0.9728333333333335 0.9256666666666666 1.0 0.5673333333333334 0.21783333333333335 0.6138333333333333 0.5345 0.8923333333333332 0.9758333333333337 0.1415 0.11900000000000002 0.147 0.034166666666666665 0.4406666666666667 0.42149999999999993 0.8056666666666666 0.769166666666667 0.7530000000000002 0.7460000000000001 0.7023333333333333 0.5563333333333333 0.24516666666666664 0.24983333333333346 0.8281666666666665 0.8088333333333331 0.022833333333333327 0.0016666666666666668 0.7263333333333334 0.7226666666666668 0.20016666666666666 0.1783333333333334 0.3385 0.3961666666666666 0.8439999999999999 0.3481666666666667 0.24883333333333332 0.0008333333333333334 0.21333333333333326 0.0006666666666666666 0.0003333333333333333 0.0011666666666666668 0.0 0.00016666666666666666 0.2880000000000001 0.00016666666666666666 0.00016666666666666666 0.20400000000000007 0.00016666666666666666 0.0 0.0006666666666666666 0.0008333333333333334 0.0008333333333333334 0.00016666666666666666 0.5916666666666665 0.6224999999999998 0.20099999999999998 0.23666666666666664 0.9296666666666665 0.9688333333333339 0.0 0.00016666666666666666 0.006666666666666666 0.004 0.09133333333333332 0.009833333333333335 0.07433333333333335 0.003 0.04699999999999999 0.024833333333333332 0.13616666666666669 0.06866666666666667 0.5476666666666666 0.12616666666666668 0.09883333333333331 0.0915 0.8955 0.1045 0.7355000000000004 0.5775000000000001 0.7423333333333336 0.6000000000000001 0.8333333333333333 0.8861666666666665 
0.38099999999999995 0.18299999999999997 0.4048333333333333 0.3535000000000001 0.5263333333333333 0.5553333333333332 0.7931666666666666 0.5820000000000001 0.6331666666666667 0.5673333333333334 1.0 0.622 0.9434999999999998 0.6016666666666667 0.6671666666666666 0.5741666666666666 0.29033333333333333 0.2578333333333333 0.1586666666666667 0.028999999999999998 0.2828333333333334 0.35416666666666674 0.3811666666666666 0.3586666666666667 0.35433333333333344 0.3523333333333334 0.35283333333333344 0.35316666666666685 0.5701666666666668 0.5548333333333333 0.4056666666666667 0.3863333333333335 0.1496666666666667 0.04300000000000001 0.35266666666666674 0.3516666666666668 0.31933333333333336 0.3073333333333334 0.3216666666666665 0.3561666666666667 0.7093333333333335 0.6130000000000002 0.36750000000000005 0.10650000000000003 0.20216666666666666 0.1 0.13116666666666668 0.11216666666666666 0.11933333333333333 0.12616666666666673 0.41283333333333333 0.12483333333333332 0.1271666666666667 0.3346666666666666 0.11583333333333334 0.111 0.07316666666666666 0.1376666666666667 0.1875 0.12500000000000003 0.9620000000000002 0.4341666666666667 0.5973333333333334 0.5881666666666666 0.6283333333333333 0.5633333333333335 0.0115 0.013166666666666669 0.26866666666666666 0.12766666666666665 0.1313333333333333 0.03900000000000001 0.36566666666666664 0.23583333333333337 0.3096666666666667 0.21733333333333335 0.2201666666666666 0.15499999999999992 0.6568333333333335 0.2518333333333333 0.2688333333333333 0.22150000000000006 0.6651666666666665 0.10499999999999998 0.35616666666666674 0.3498333333333335 0.3578333333333334 0.3505000000000002 0.7306666666666666 0.6758333333333332 
0.733 0.5361666666666666 0.055333333333333325 0.011666666666666665 0.17616666666666664 0.20433333333333337 0.44050000000000017 0.23183333333333336 0.28283333333333327 0.21783333333333335 0.622 1.0 0.5921666666666666 0.6581666666666668 0.31483333333333324 0.22299999999999995 0.6376666666666667 0.6056666666666666 0.5035000000000001 0.37566666666666654 0.08083333333333334 0.03950000000000001 0.033166666666666664 0.011166666666666667 0.007333333333333333 0.006 0.005333333333333333 0.009500000000000001 0.9088333333333335 0.8911666666666668 0.06366666666666665 0.040999999999999995 0.49683333333333324 0.38833333333333336 0.005666666666666668 0.005333333333333333 0.47483333333333344 0.4631666666666667 0.053166666666666654 0.06633333333333334 0.36550000000000005 0.5848333333333333 0.2463333333333332 0.45916666666666656 0.13833333333333336 0.4530000000000002 0.48349999999999993 0.465 0.472 0.479 0.2018333333333333 0.4775000000000001 0.4798333333333334 0.4201666666666668 0.46816666666666656 0.46366666666666667 0.42550000000000004 0.4913333333333332 0.5403333333333333 0.4773333333333334 0.6136666666666667 0.5776666666666666 0.9481666666666668 0.9421666666666668 0.2778333333333333 0.21233333333333337 0.35849999999999993 0.36099999999999993 0.6201666666666665 0.47766666666666674 0.45966666666666683 0.37616666666666665 0.7026666666666668 0.5855 0.6576666666666668 0.5603333333333336 0.5354999999999999 0.49533333333333324 0.31666666666666665 0.5931666666666668 0.6138333333333332 0.5630000000000001 0.31366666666666665 0.4371666666666666 0.004833333333333333 0.004833333333333334 0.006166666666666667 0.005 0.3789999999999999 0.32400000000000007 
0.3471666666666666 0.161 0.4511666666666666 0.38900000000000007 0.573 0.602 0.8330000000000001 0.6283333333333332 0.68 0.6138333333333333 0.9434999999999998 0.5921666666666666 1.0 0.6143333333333333 0.7131666666666666 0.6203333333333333 0.2651666666666666 0.23283333333333334 0.1511666666666667 0.02316666666666667 0.28783333333333344 0.36233333333333334 0.4241666666666668 0.3951666666666668 0.38666666666666677 0.3826666666666668 0.38166666666666677 0.37650000000000006 0.5488333333333333 0.5391666666666667 0.4498333333333334 0.43033333333333346 0.12966666666666662 0.030333333333333327 0.38100000000000006 0.3798333333333334 0.29333333333333333 0.2796666666666666 0.3336666666666666 0.36816666666666675 0.7440000000000001 0.5826666666666666 0.36883333333333335 0.09116666666666669 0.2104999999999999 0.08466666666666671 0.11533333333333337 0.09666666666666666 0.10349999999999998 0.11066666666666668 0.4073333333333333 0.10916666666666666 0.11133333333333334 0.3253333333333333 0.10000000000000002 0.0955 0.048499999999999995 0.11016666666666669 0.15899999999999997 0.10900000000000003 0.9670000000000003 0.45833333333333337 0.5631666666666665 0.5873333333333332 0.6748333333333332 0.6099999999999999 0.0036666666666666666 0.005166666666666666 0.23900000000000002 0.0991666666666667 0.11183333333333334 0.020333333333333335 0.33416666666666667 0.21099999999999997 0.28183333333333344 0.19599999999999995 0.19799999999999993 0.13166666666666663 0.6553333333333333 0.2278333333333333 0.24116666666666664 0.19700000000000004 0.7103333333333336 0.09816666666666668 0.3855000000000001 0.3730000000000001 0.3873333333333334 0.3731666666666667 0.7755 0.7210000000000002 
0.4773333333333333 0.3483333333333333 0.3819999999999999 0.3166666666666666 0.4826666666666666 0.5265 0.556 0.5416666666666667 0.5066666666666666 0.5345 0.6016666666666667 0.6581666666666668 0.6143333333333333 1.0 0.5270000000000001 0.5356666666666666 0.3670000000000001 0.3448333333333333 0.4193333333333333 0.2625 0.34250000000000014 0.23550000000000004 0.357 0.32500000000000007 0.31200000000000006 0.30683333333333335 0.29849999999999993 0.2805 0.6161666666666666 0.6118333333333333 0.38850000000000007 0.36283333333333334 0.2863333333333334 0.24199999999999997 0.29183333333333333 0.28983333333333333 0.3908333333333333 0.38249999999999995 0.11599999999999998 0.1811666666666667 0.4451666666666666 0.5433333333333333 0.17099999999999999 0.3068333333333333 0.044 0.3003333333333334 0.3246666666666666 0.3101666666666666 0.31383333333333335 0.3196666666666666 0.21433333333333335 0.3183333333333333 0.32033333333333325 0.4388333333333334 0.3115 0.30849999999999994 0.23816666666666667 0.2998333333333334 0.34349999999999986 0.3181666666666667 0.6020000000000001 0.5399999999999998 0.6406666666666666 0.6765000000000001 0.5123333333333333 0.53 0.21966666666666665 0.22116666666666662 0.4253333333333335 0.29916666666666664 0.2853333333333333 0.22399999999999995 0.49500000000000005 0.4031666666666668 0.4558333333333335 0.4128333333333332 0.3413333333333334 0.28350000000000014 0.33299999999999996 0.3393333333333333 0.3484999999999999 0.3128333333333333 0.47966666666666663 0.26899999999999996 0.2956666666666666 0.2685 0.29949999999999993 0.2695 0.5071666666666668 0.49083333333333334 
0.10966666666666665 0.013333333333333338 0.7341666666666665 0.6629999999999999 0.8528333333333332 0.8811666666666663 0.8628333333333336 0.9045000000000001 0.948333333333333 0.8923333333333332 0.6671666666666666 0.31483333333333324 0.7131666666666666 0.5270000000000001 1.0 0.8988333333333336 0.20233333333333328 0.1783333333333334 0.13249999999999995 0.01966666666666667 0.37316666666666654 0.38366666666666666 0.7073333333333334 0.6714999999999999 0.6559999999999999 0.6494999999999999 0.6099999999999999 0.4731666666666666 0.3426666666666667 0.3471666666666667 0.7316666666666669 0.7118333333333333 0.05516666666666669 0.003 0.6325 0.6291666666666667 0.23700000000000002 0.21933333333333338 0.33066666666666655 0.36733333333333335 0.8989999999999999 0.4171666666666665 0.25300000000000006 0.004 0.2114999999999999 0.003833333333333333 0.006500000000000001 0.004 0.004166666666666667 0.005666666666666666 0.29466666666666663 0.0055 0.006666666666666666 0.2256666666666666 0.004333333333333333 0.003833333333333333 0.005166666666666666 0.0075 0.011000000000000001 0.005666666666666666 0.6905 0.6674999999999998 0.298 0.33333333333333326 0.9433333333333335 0.8868333333333331 0.0 0.0003333333333333333 0.035333333333333335 0.010666666666666668 0.11416666666666668 0.0105 0.1218333333333333 0.026666666666666665 0.08916666666666664 0.03 0.1725 0.10216666666666668 0.6106666666666666 0.18383333333333332 0.16083333333333336 0.14883333333333332 0.9370000000000002 0.11716666666666667 0.6418333333333333 0.5016666666666668 0.6488333333333332 0.514 0.9170000000000001 0.944666666666667 
0.05166666666666665 0.0018333333333333335 0.8259999999999998 0.7504999999999998 0.9238333333333331 0.9671666666666671 0.7753333333333333 0.971833333333334 0.9315000000000003 0.9758333333333337 0.5741666666666666 0.22299999999999995 0.6203333333333333 0.5356666666666666 0.8988333333333336 1.0 0.1456666666666667 0.12233333333333338 0.1445 0.03333333333333333 0.4358333333333333 0.41916666666666663 0.8001666666666665 0.7639999999999999 0.7479999999999998 0.7415 0.6969999999999998 0.551 0.2505 0.2558333333333333 0.8219999999999998 0.8039999999999999 0.025666666666666664 0.0013333333333333333 0.7216666666666665 0.7186666666666666 0.20249999999999996 0.18066666666666664 0.33766666666666667 0.39449999999999996 0.8511666666666663 0.3538333333333333 0.24866666666666667 0.0013333333333333333 0.2131666666666666 0.001 0.0003333333333333333 0.0015000000000000002 0.0003333333333333333 0.0005 0.28850000000000003 0.0003333333333333333 0.0005 0.2058333333333333 0.0003333333333333333 0.0003333333333333333 0.001 0.0011666666666666668 0.001 0.0005 0.5978333333333333 0.629 0.2063333333333334 0.2425 0.9351666666666667 0.9690000000000002 0.00016666666666666666 0.0005 0.006999999999999999 0.004333333333333333 0.09283333333333335 0.009333333333333334 0.07633333333333334 0.0034999999999999996 0.0495 0.023500000000000007 0.1378333333333333 0.07033333333333334 0.5533333333333333 0.12933333333333336 0.1025 0.09433333333333334 0.9023333333333337 0.10400000000000001 0.7316666666666666 0.5735000000000001 0.7388333333333332 0.5961666666666667 0.8405000000000002 0.8936666666666667 
0.4768333333333334 0.43550000000000005 0.0036666666666666666 0.0075 0.09766666666666665 0.13433333333333333 0.2378333333333334 0.15183333333333335 0.1965 0.1415 0.29033333333333333 0.6376666666666667 0.2651666666666666 0.3670000000000001 0.20233333333333328 0.1456666666666667 1.0 0.9526666666666671 0.4230000000000001 0.5546666666666668 0.3278333333333335 0.2536666666666667 0.004 0.004999999999999999 0.007333333333333333 0.009166666666666667 0.054000000000000006 0.14216666666666666 0.6625000000000001 0.6708333333333334 0.012000000000000002 0.007833333333333333 0.6036666666666666 0.5576666666666669 0.012166666666666666 0.012833333333333332 0.777666666666667 0.7375000000000003 0.33016666666666666 0.3233333333333334 0.266 0.606 0.15766666666666668 0.42533333333333323 0.4018333333333334 0.43499999999999994 0.40766666666666673 0.42150000000000015 0.42199999999999993 0.4088333333333333 0.13016666666666665 0.4096666666666667 0.4078333333333334 0.3325 0.4236666666666667 0.42750000000000016 0.6399999999999999 0.5394999999999999 0.49066666666666664 0.40983333333333327 0.2775 0.4731666666666666 0.6626666666666668 0.6328333333333334 0.19033333333333333 0.13683333333333336 0.5891666666666666 0.5728333333333333 0.458 0.5578333333333333 0.7758333333333332 0.7178333333333333 0.4681666666666666 0.4134999999999999 0.4181666666666668 0.3916666666666668 0.8605000000000004 0.8366666666666669 0.5784999999999999 0.9329999999999999 0.890333333333333 0.9118333333333334 0.2261666666666666 0.5479999999999997 0.0034999999999999996 0.15066666666666667 0.001 0.12433333333333334 0.24233333333333337 0.22650000000000006 
0.5156666666666666 0.4751666666666668 0.002833333333333333 0.011166666666666668 0.08283333333333331 0.11416666666666668 0.21200000000000002 0.1281666666666667 0.17300000000000001 0.11900000000000002 0.2578333333333333 0.6056666666666666 0.23283333333333334 0.3448333333333333 0.1783333333333334 0.12233333333333338 0.9526666666666671 1.0 0.4621666666666666 0.5940000000000001 0.3276666666666667 0.25750000000000006 0.0034999999999999996 0.004666666666666666 0.007333333333333333 0.009 0.054000000000000006 0.14533333333333337 0.6296666666666666 0.643666666666667 0.011666666666666667 0.007833333333333333 0.6425000000000003 0.5988333333333334 0.012 0.012999999999999998 0.7911666666666666 0.7733333333333335 0.36683333333333334 0.3363333333333333 0.2340000000000001 0.5770000000000002 0.198 0.46550000000000014 0.43583333333333335 0.4751666666666667 0.4481666666666667 0.46183333333333343 0.462 0.44800000000000006 0.1701666666666667 0.44966666666666666 0.44783333333333336 0.36266666666666664 0.46366666666666684 0.46733333333333343 0.6791666666666667 0.579 0.5308333333333333 0.4498333333333334 0.24450000000000002 0.43700000000000006 0.6425 0.6111666666666667 0.16499999999999995 0.11466666666666667 0.6301666666666665 0.613 0.49866666666666654 0.5979999999999999 0.8025 0.7488333333333334 0.49283333333333323 0.45266666666666666 0.45466666666666666 0.42850000000000016 0.8669999999999999 0.8711666666666668 0.545 0.9578333333333333 0.9201666666666668 0.9428333333333334 0.19716666666666668 0.5838333333333332 0.003 0.15083333333333337 0.0006666666666666666 0.125 0.21333333333333332 0.1961666666666667 
0.7246666666666667 0.7003333333333336 0.17133333333333325 0.24083333333333334 0.14116666666666666 0.15149999999999994 0.18200000000000002 0.14549999999999996 0.12849999999999998 0.147 0.1586666666666667 0.5035000000000001 0.1511666666666667 0.4193333333333333 0.13249999999999995 0.1445 0.4230000000000001 0.4621666666666666 1.0 0.715 0.21666666666666667 0.09833333333333334 0.17816666666666667 0.19166666666666665 0.19383333333333333 0.1913333333333333 0.19883333333333336 0.14466666666666664 0.47949999999999987 0.49899999999999983 0.17099999999999999 0.1758333333333333 0.6606666666666666 0.6613333333333334 0.18616666666666667 0.18416666666666667 0.3790000000000001 0.42400000000000004 0.23766666666666666 0.11249999999999999 0.09700000000000002 0.25483333333333336 0.43666666666666676 0.6828333333333332 0.4226666666666666 0.6831666666666666 0.6868333333333332 0.6861666666666665 0.6823333333333332 0.6834999999999998 0.39566666666666656 0.6838333333333331 0.6834999999999998 0.5325 0.6833333333333332 0.6831666666666665 0.6533333333333333 0.6851666666666668 0.6988333333333334 0.6831666666666666 0.15016666666666667 0.369 0.539 0.5364999999999999 0.13066666666666668 0.14816666666666664 0.642 0.6446666666666667 0.7621666666666667 0.6988333333333333 0.5256666666666667 0.6141666666666667 0.6724999999999999 0.7321666666666666 0.7185000000000001 0.7094999999999999 0.4371666666666667 0.5220000000000001 0.038500000000000006 0.4563333333333334 0.5073333333333333 0.49000000000000005 0.11366666666666665 0.6049999999999998 0.18499999999999997 0.11449999999999996 0.18033333333333332 0.13216666666666674 0.13149999999999992 0.11599999999999999 
0.618 0.7393333333333332 0.04866666666666667 0.1391666666666667 0.029833333333333333 0.03833333333333334 0.020833333333333336 0.0335 0.022166666666666668 0.034166666666666665 0.028999999999999998 0.37566666666666654 0.02316666666666667 0.2625 0.01966666666666667 0.03333333333333333 0.5546666666666668 0.5940000000000001 0.715 1.0 0.31866666666666665 0.2856666666666666 0.05933333333333333 0.08733333333333335 0.09733333333333331 0.10333333333333337 0.10683333333333335 0.2755 0.37683333333333313 0.39650000000000013 0.05283333333333334 0.05866666666666667 0.8336666666666664 0.9000000000000001 0.10849999999999999 0.11016666666666663 0.5086666666666667 0.5239999999999998 0.4523333333333332 0.2995 0.009833333333333335 0.20516666666666666 0.5125 0.7899999999999998 0.6731666666666668 0.7978333333333332 0.7696666666666665 0.7868333333333333 0.7793333333333332 0.7688333333333333 0.4756666666666667 0.7698333333333331 0.7691666666666664 0.5606666666666666 0.7834999999999998 0.7856666666666666 0.8394999999999999 0.7746666666666667 0.7244999999999999 0.7688333333333331 0.022500000000000006 0.2656666666666666 0.40733333333333327 0.4063333333333333 0.022166666666666664 0.034666666666666665 0.9033333333333338 0.9096666666666668 0.6768333333333335 0.8163333333333334 0.6786666666666666 0.7926666666666665 0.6123333333333333 0.7191666666666667 0.6713333333333336 0.7188333333333334 0.5796666666666667 0.6701666666666667 0.16899999999999998 0.5881666666666666 0.6188333333333335 0.6253333333333335 0.015166666666666669 0.6608333333333334 0.10400000000000002 0.25033333333333335 0.09316666666666665 0.22649999999999995 0.013166666666666669 0.015833333333333338 
0.07833333333333335 0.11983333333333335 0.6033333333333334 0.6040000000000002 0.4841666666666667 0.4511666666666666 0.3406666666666667 0.4268333333333334 0.3803333333333333 0.4406666666666667 0.2828333333333334 0.08083333333333334 0.28783333333333344 0.34250000000000014 0.37316666666666654 0.4358333333333333 0.3278333333333335 0.3276666666666667 0.21666666666666667 0.31866666666666665 1.0 0.7708333333333331 0.619 0.6503333333333333 0.6611666666666668 0.6625000000000001 0.7094999999999998 0.7645000000000001 0.09783333333333333 0.09183333333333334 0.6033333333333333 0.6175 0.22716666666666668 0.26366666666666666 0.654 0.6530000000000001 0.41683333333333344 0.4035 0.5881666666666667 0.7131666666666671 0.31100000000000005 0.3871666666666666 0.25499999999999995 0.1673333333333334 0.3869999999999999 0.16783333333333336 0.14233333333333334 0.1630000000000001 0.1485 0.1376666666666667 0.2934999999999999 0.13849999999999998 0.13650000000000004 0.29083333333333344 0.15283333333333332 0.15649999999999997 0.25900000000000006 0.17666666666666664 0.12499999999999999 0.13883333333333334 0.2793333333333334 0.1815 0.07833333333333335 0.08383333333333334 0.3875000000000001 0.44516666666666665 0.3066666666666667 0.29150000000000004 0.09316666666666665 0.2033333333333333 0.34516666666666673 0.337 0.08366666666666665 0.09983333333333334 0.085 0.14116666666666666 0.3563333333333334 0.33866666666666684 0.5404999999999999 0.3421666666666667 0.2971666666666666 0.3335000000000001 0.3484999999999999 0.21850000000000003 0.6454999999999997 0.7841666666666667 0.6398333333333333 0.747 0.333 0.3454999999999999 
0.06133333333333332 0.1768333333333334 0.5621666666666665 0.5513333333333333 0.47266666666666673 0.4291666666666664 0.3726666666666667 0.4098333333333331 0.3835 0.42149999999999993 0.35416666666666674 0.03950000000000001 0.36233333333333334 0.23550000000000004 0.38366666666666666 0.41916666666666663 0.2536666666666667 0.25750000000000006 0.09833333333333334 0.2856666666666666 0.7708333333333331 1.0 0.5709999999999997 0.5978333333333333 0.611 0.6166666666666667 0.6594999999999999 0.7551666666666665 0.026666666666666665 0.020333333333333335 0.5578333333333332 0.5678333333333332 0.21566666666666667 0.31566666666666665 0.6326666666666667 0.6368333333333333 0.4116666666666666 0.39833333333333326 0.7340000000000003 0.8815000000000001 0.3546666666666667 0.3428333333333333 0.4538333333333332 0.2375 0.5435 0.2413333333333333 0.21533333333333332 0.23299999999999998 0.223 0.21083333333333334 0.4793333333333333 0.21216666666666673 0.20966666666666664 0.2778333333333333 0.22616666666666663 0.23016666666666663 0.29033333333333344 0.2176666666666667 0.1655 0.2126666666666667 0.3606666666666667 0.10599999999999998 0.03616666666666667 0.036333333333333336 0.38800000000000007 0.4255 0.3588333333333333 0.34666666666666673 0.12633333333333335 0.25333333333333335 0.2991666666666667 0.3240000000000002 0.09466666666666669 0.16 0.10283333333333335 0.182 0.2976666666666667 0.2860000000000001 0.5841666666666667 0.24749999999999994 0.22566666666666663 0.2565 0.36750000000000005 0.21333333333333335 0.6303333333333332 0.7715000000000001 0.6281666666666668 0.7481666666666666 0.3651666666666668 0.3665000000000001 
0.016000000000000004 0.005666666666666666 0.9695000000000001 0.9051666666666667 0.8461666666666668 0.8181666666666665 0.5795 0.7906666666666665 0.7400000000000001 0.8056666666666666 0.3811666666666666 0.033166666666666664 0.4241666666666668 0.357 0.7073333333333334 0.8001666666666665 0.004 0.0034999999999999996 0.17816666666666667 0.05933333333333333 0.619 0.5709999999999997 1.0 0.9586666666666669 0.9423333333333335 0.9361666666666666 0.8878333333333334 0.7428333333333335 0.06716666666666667 0.07333333333333333 0.9564999999999999 0.9734999999999999 0.014000000000000002 0.006666666666666667 0.9120000000000001 0.9078333333333333 0.096 0.09750000000000002 0.40650000000000014 0.5323333333333334 0.6581666666666668 0.20566666666666666 0.27133333333333337 0.01366666666666667 0.22149999999999992 0.010166666666666666 0.010000000000000002 0.014333333333333335 0.0075000000000000015 0.008166666666666668 0.2961666666666667 0.008166666666666668 0.007333333333333335 0.17483333333333337 0.008333333333333333 0.007500000000000002 0.003833333333333333 0.0031666666666666666 0.003833333333333333 0.0085 0.40333333333333343 0.43216666666666675 0.02016666666666667 0.04866666666666666 0.7456666666666669 0.8098333333333335 0.008166666666666666 0.009166666666666667 0.0018333333333333333 0.0026666666666666666 0.03333333333333333 0.008166666666666666 0.016833333333333336 0.006 0.023666666666666662 0.037 0.036000000000000004 0.01533333333333334 0.39500000000000013 0.01683333333333334 0.006 0.0085 0.7084999999999999 0.08750000000000002 0.9194999999999999 0.7630000000000001 0.9268333333333336 0.7869999999999997 0.6433333333333334 0.6968333333333334 
0.004166666666666667 0.023166666666666672 0.934166666666667 0.9340000000000004 0.8106666666666671 0.7813333333333337 0.5491666666666667 0.7543333333333332 0.7040000000000002 0.769166666666667 0.3586666666666667 0.011166666666666667 0.3951666666666668 0.32500000000000007 0.6714999999999999 0.7639999999999999 0.004999999999999999 0.004666666666666666 0.19166666666666665 0.08733333333333335 0.6503333333333333 0.5978333333333333 0.9586666666666669 1.0 0.9751666666666668 0.9710000000000004 0.9211666666666664 0.7778333333333335 0.05066666666666668 0.05416666666666667 0.926 0.9503333333333335 0.016666666666666666 0.029166666666666674 0.9475000000000001 0.9438333333333334 0.09699999999999998 0.09800000000000003 0.43816666666666665 0.5593333333333335 0.623 0.20383333333333337 0.2993333333333333 0.041333333333333326 0.2486666666666666 0.0365 0.03583333333333333 0.041499999999999995 0.031166666666666662 0.03266666666666666 0.3195 0.032499999999999994 0.03166666666666666 0.18766666666666673 0.03266666666666666 0.03233333333333333 0.007833333333333333 0.009333333333333334 0.008166666666666666 0.03266666666666666 0.37816666666666676 0.3960000000000001 0.005833333333333334 0.021 0.7094999999999999 0.7736666666666671 0.0355 0.036333333333333336 0.0008333333333333333 0.0038333333333333336 0.0365 0.011500000000000003 0.0085 0.015333333333333336 0.01 0.05600000000000001 0.0395 0.01883333333333334 0.3908333333333333 0.019500000000000007 0.0055 0.009500000000000001 0.6721666666666667 0.10450000000000005 0.9503333333333335 0.7990000000000002 0.9555000000000001 0.8223333333333332 0.6084999999999999 0.6613333333333331 
