1.0 0.951666666666667 0.0405 0.0805 0.0034999999999999996 0.0034999999999999996 0.04266666666666665 0.8268333333333331 0.008333333333333335 0.030833333333333334 0.9089999999999996 0.9233333333333337 0.8973333333333331 0.9228333333333337 0.8955000000000001 0.9136666666666667 0.9098333333333332 0.9319999999999999 0.31183333333333324 0.9470000000000002 0.0031666666666666666 0.003333333333333333 0.05633333333333329 0.037 0.004 0.0034999999999999996 0.003333333333333333 0.0036666666666666666 0.8928333333333334 0.8698333333333337 0.4981666666666667 0.5543333333333333 0.9350000000000004 0.8878333333333334 0.01916666666666667 0.010000000000000002 0.0034999999999999996 0.02116666666666667 0.0034999999999999996 0.0034999999999999996 0.0045 0.369 0.08566666666666667 0.1668333333333333 0.08533333333333333 0.2454999999999999 0.1895 0.1703333333333333 0.35983333333333334 0.4193333333333334 0.137 0.4656666666666666 0.5078333333333334 0.21966666666666657 0.0026666666666666666 0.09649999999999995 0.9528333333333338 0.944166666666667 0.5286666666666666 0.6313333333333334 0.8596666666666662 0.5471666666666666 0.8901666666666671 0.8951666666666668 0.04316666666666666 0.018833333333333337 0.15816666666666662 0.19766666666666668 0.9109999999999998 0.7578333333333335 0.09516666666666668 0.4205000000000001 0.8868333333333331 0.9410000000000005 0.8373333333333334 0.9071666666666662 0.008333333333333335 0.003833333333333333 0.8448333333333332 0.9328333333333336 0.9096666666666668 0.9370000000000003 0.5858333333333333 0.4675000000000001 0.042166666666666665 0.05683333333333332 0.003833333333333333 0.0034999999999999996 0.0075 0.09283333333333335 
0.951666666666667 1.0 0.0006666666666666666 0.04916666666666667 0.0 0.0 0.0021666666666666666 0.8700000000000001 0.0021666666666666666 0.02500000000000001 0.9034999999999997 0.9628333333333334 0.8983333333333333 0.9608333333333333 0.9051666666666668 0.9246666666666669 0.9196666666666666 0.9603333333333332 0.2681666666666667 0.9800000000000003 0.0 0.0 0.014666666666666666 0.0006666666666666666 0.0 0.0 0.0 0.0 0.9015 0.881666666666667 0.4753333333333331 0.5303333333333334 0.9791666666666669 0.9263333333333335 0.006333333333333333 0.003333333333333333 0.0 0.0185 0.0 0.0 0.0006666666666666666 0.3666666666666666 0.06383333333333333 0.14883333333333332 0.07183333333333336 0.2733333333333333 0.16766666666666666 0.14283333333333337 0.3951666666666667 0.4551666666666667 0.11266666666666661 0.4690000000000002 0.5068333333333332 0.21299999999999994 0.0021666666666666666 0.08433333333333332 0.9936666666666669 0.9870000000000002 0.5721666666666666 0.6739999999999999 0.9025 0.5905 0.9323333333333335 0.9398333333333331 0.0025 0.0045 0.1811666666666666 0.22599999999999995 0.9483333333333333 0.7921666666666666 0.052833333333333315 0.37933333333333336 0.873 0.9835000000000004 0.7988333333333334 0.8973333333333333 0.002 0.0018333333333333333 0.8509999999999998 0.9754999999999998 0.9291666666666665 0.9795000000000001 0.5920000000000001 0.47766666666666674 0.0015 0.0165 0.0 0.0 0.0038333333333333336 0.09000000000000002 
0.0405 0.0006666666666666666 1.0 0.8039999999999999 0.5428333333333334 0.5328333333333334 0.9356666666666671 0.06333333333333332 0.6601666666666667 0.4901666666666666 0.08333333333333334 0.015833333333333335 0.08200000000000002 0.01633333333333334 0.05033333333333332 0.041333333333333326 0.04166666666666667 0.014666666666666668 0.3881666666666668 0.013166666666666667 0.5268333333333335 0.5275000000000001 0.9181666666666668 0.9276666666666665 0.539 0.5355000000000001 0.5351666666666667 0.5346666666666667 0.054000000000000006 0.058999999999999976 0.39166666666666655 0.42649999999999993 0.0 0.0006666666666666666 0.6855000000000001 0.6324999999999998 0.5561666666666668 0.5211666666666667 0.556666666666667 0.5388333333333335 0.5485000000000002 0.1541666666666667 0.27466666666666667 0.3055 0.3721666666666666 0.19833333333333333 0.3151666666666667 0.3313333333333334 0.1025 0.06033333333333332 0.4548333333333334 0.10133333333333334 0.06283333333333334 0.2781666666666667 0.23566666666666666 0.22883333333333325 0.0006666666666666666 0.00016666666666666666 0.053666666666666654 0.045333333333333316 0.050333333333333334 0.3636666666666667 0.026666666666666675 0.018500000000000003 0.9355000000000002 0.7290000000000001 0.4086666666666667 0.32150000000000006 0.007166666666666667 0.11816666666666667 0.8824999999999997 0.5628333333333333 0.11900000000000001 0.0006666666666666666 0.18983333333333335 0.0981666666666667 0.5770000000000001 0.5706666666666665 0.08916666666666666 0.001 0.035666666666666666 0.0005 0.12149999999999997 0.06966666666666665 0.9398333333333335 0.9046666666666665 0.534 0.5273333333333334 0.5245000000000001 0.511 
0.0805 0.04916666666666667 0.8039999999999999 1.0 0.5296666666666667 0.5231666666666666 0.8471666666666668 0.13416666666666666 0.6145 0.5175000000000001 0.11733333333333336 0.05983333333333334 0.11133333333333333 0.059833333333333336 0.0795 0.07666666666666667 0.07233333333333335 0.05500000000000001 0.31749999999999995 0.05866666666666668 0.5083333333333332 0.5068333333333334 0.765 0.7859999999999998 0.5243333333333332 0.5209999999999999 0.5216666666666666 0.5226666666666666 0.07766666666666669 0.0765 0.3373333333333333 0.4070000000000002 0.0495 0.06783333333333333 0.6873333333333335 0.6606666666666667 0.4923333333333332 0.4618333333333332 0.4860000000000001 0.49616666666666653 0.49066666666666664 0.13249999999999998 0.15516666666666665 0.1956666666666667 0.31716666666666676 0.23816666666666667 0.21683333333333338 0.22583333333333336 0.10833333333333334 0.085 0.39599999999999996 0.08933333333333333 0.04283333333333332 0.2028333333333334 0.20450000000000002 0.1603333333333334 0.04883333333333334 0.04916666666666667 0.09866666666666671 0.10200000000000004 0.10883333333333331 0.4258333333333333 0.07799999999999999 0.07483333333333334 0.8420000000000001 0.7671666666666668 0.4631666666666666 0.4168333333333332 0.06283333333333334 0.19516666666666674 0.7906666666666663 0.5271666666666667 0.14466666666666664 0.050499999999999996 0.21783333333333335 0.12883333333333338 0.5194999999999999 0.514 0.09066666666666666 0.05 0.07066666666666666 0.049833333333333334 0.11900000000000001 0.11699999999999995 0.8355 0.8603333333333333 0.5141666666666667 0.5088333333333334 0.5206666666666667 0.4746666666666667 
0.0034999999999999996 0.0 0.5428333333333334 0.5296666666666667 1.0 0.983666666666667 0.4988333333333334 0.07350000000000001 0.8263333333333333 0.9226666666666666 0.0018333333333333335 0.0 0.0 0.0 0.0 0.0 0.00016666666666666666 0.0 0.06433333333333334 0.0005 0.9750000000000004 0.9736666666666669 0.4961666666666666 0.5828333333333333 0.9890000000000003 0.9856666666666669 0.9880000000000004 0.987166666666667 0.0013333333333333333 0.010000000000000002 0.15333333333333335 0.0335 0.0 0.05266666666666666 0.7205000000000001 0.8061666666666666 0.9481666666666668 0.9083333333333334 0.9436666666666668 0.960166666666667 0.9480000000000004 0.5773333333333336 0.26983333333333326 0.11983333333333335 0.1796666666666666 0.12533333333333332 0.07666666666666666 0.09049999999999997 0.14866666666666667 0.10666666666666667 0.11516666666666665 0.05083333333333333 0.019833333333333335 0.14466666666666664 0.6375 0.3091666666666666 0.0 0.0 0.055333333333333325 0.05249999999999999 0.049166666666666664 0.3691666666666666 0.014333333333333333 0.016333333333333335 0.5018333333333335 0.7175000000000001 0.23850000000000002 0.30316666666666664 0.03383333333333334 0.0525 0.44216666666666654 0.14550000000000005 0.0 0.0 0.010166666666666668 0.0 0.8841666666666668 0.9079999999999999 0.009166666666666667 0.0 0.0 0.0 0.26366666666666666 0.48350000000000004 0.5031666666666668 0.5123333333333333 0.9775000000000005 0.9753333333333336 0.9701666666666671 0.8643333333333332 
0.0034999999999999996 0.0 0.5328333333333334 0.5231666666666666 0.983666666666667 1.0 0.4904999999999999 0.07483333333333335 0.8158333333333334 0.9335000000000001 0.002 0.0003333333333333333 0.0 0.00016666666666666666 0.0 0.0 0.00016666666666666666 0.0 0.05616666666666669 0.0003333333333333333 0.9833333333333336 0.9820000000000003 0.48683333333333345 0.5731666666666667 0.9863333333333335 0.9900000000000003 0.9926666666666669 0.992166666666667 0.0008333333333333333 0.011333333333333332 0.15299999999999994 0.023333333333333334 0.0 0.05333333333333333 0.7103333333333333 0.7979999999999999 0.9561666666666668 0.9156666666666667 0.9516666666666667 0.9685000000000001 0.9566666666666669 0.587 0.26916666666666667 0.11049999999999997 0.16816666666666666 0.11666666666666664 0.06799999999999998 0.08166666666666664 0.14666666666666667 0.10649999999999998 0.10600000000000001 0.049499999999999995 0.018666666666666665 0.13616666666666666 0.6438333333333333 0.3161666666666666 0.0 0.0 0.05633333333333332 0.0535 0.050333333333333334 0.37033333333333324 0.014666666666666666 0.016666666666666666 0.4928333333333333 0.7106666666666668 0.23016666666666669 0.29666666666666663 0.035 0.046000000000000006 0.43266666666666664 0.13550000000000004 0.0 0.0 0.01 0.0 0.8911666666666668 0.9069999999999999 0.010166666666666666 0.0 0.0 0.0 0.27166666666666667 0.4913333333333334 0.49216666666666664 0.5075000000000001 0.9861666666666672 0.983666666666667 0.9793333333333335 0.8739999999999998 
0.04266666666666665 0.0021666666666666666 0.9356666666666671 0.8471666666666668 0.4988333333333334 0.4904999999999999 1.0 0.06383333333333334 0.6561666666666666 0.45900000000000013 0.0851666666666667 0.017 0.0845 0.017666666666666667 0.05233333333333332 0.0435 0.04366666666666666 0.01633333333333333 0.39533333333333326 0.015333333333333334 0.4775 0.4756666666666666 0.9103333333333333 0.8983333333333331 0.4943333333333333 0.4901666666666666 0.49083333333333323 0.4916666666666666 0.054166666666666675 0.054333333333333345 0.3636666666666667 0.4535 0.0008333333333333333 0.0016666666666666668 0.7149999999999999 0.6578333333333335 0.49749999999999994 0.4625 0.4973333333333334 0.4805000000000002 0.4905 0.0965 0.2245 0.2836666666666665 0.3938333333333333 0.23016666666666674 0.30866666666666664 0.3188333333333333 0.08866666666666667 0.047833333333333325 0.4956666666666665 0.10283333333333335 0.05533333333333334 0.26716666666666666 0.17766666666666667 0.18383333333333338 0.0021666666666666666 0.001 0.05416666666666664 0.046166666666666654 0.0515 0.36499999999999994 0.028000000000000004 0.0195 0.981666666666667 0.7616666666666667 0.45766666666666667 0.36199999999999993 0.006833333333333334 0.14516666666666667 0.9248333333333334 0.5899999999999997 0.12283333333333335 0.002 0.19583333333333333 0.10050000000000002 0.5233333333333333 0.5133333333333333 0.08449999999999999 0.002 0.03783333333333333 0.0016666666666666666 0.07599999999999998 0.01783333333333334 0.9788333333333337 0.9500000000000003 0.483 0.47850000000000004 0.488 0.46966666666666684 
0.8268333333333331 0.8700000000000001 0.06333333333333332 0.13416666666666666 0.07350000000000001 0.07483333333333335 0.06383333333333334 1.0 0.06733333333333333 0.121 0.8046666666666663 0.8756666666666668 0.7991666666666665 0.8760000000000001 0.8053333333333336 0.8315000000000002 0.8155000000000001 0.8511666666666666 0.19016666666666665 0.8551666666666666 0.07216666666666667 0.07233333333333335 0.04283333333333334 0.0665 0.07316666666666669 0.07383333333333335 0.07383333333333335 0.07366666666666669 0.8006666666666666 0.7844999999999999 0.4218333333333335 0.4418333333333333 0.8876666666666665 0.8394999999999999 0.042333333333333334 0.05866666666666665 0.07166666666666667 0.07783333333333332 0.07183333333333335 0.07183333333333333 0.07100000000000001 0.3525000000000001 0.03766666666666667 0.107 0.1201666666666667 0.32349999999999995 0.12833333333333333 0.10816666666666669 0.4536666666666667 0.5166666666666668 0.14716666666666664 0.4638333333333333 0.43433333333333346 0.177 0.058666666666666666 0.12316666666666663 0.8696666666666667 0.8791666666666665 0.6281666666666667 0.727 0.9570000000000004 0.6548333333333335 0.9111666666666668 0.9251666666666667 0.06316666666666668 0.07083333333333336 0.2546666666666666 0.29800000000000004 0.836 0.7155000000000001 0.03816666666666666 0.3043333333333333 0.7670000000000005 0.8801666666666665 0.6918333333333332 0.7875 0.079 0.08883333333333336 0.7513333333333333 0.8756666666666666 0.8343333333333335 0.8844999999999998 0.5355000000000001 0.42400000000000015 0.061500000000000006 0.08400000000000002 0.07383333333333333 0.07183333333333333 0.07666666666666667 0.131 
0.008333333333333335 0.0021666666666666666 0.6601666666666667 0.6145 0.8263333333333333 0.8158333333333334 0.6561666666666666 0.06733333333333333 1.0 0.7691666666666667 0.011833333333333333 0.0013333333333333333 0.013166666666666669 0.0013333333333333333 0.006333333333333334 0.004 0.006500000000000001 0.0031666666666666666 0.16199999999999995 0.0105 0.805 0.8023333333333333 0.6019999999999999 0.6889999999999997 0.8201666666666664 0.8151666666666667 0.8169999999999998 0.8170000000000001 0.006833333333333334 0.008000000000000002 0.21316666666666662 0.18283333333333332 0.0016666666666666666 0.025 0.8025 0.8011666666666666 0.7918333333333334 0.7638333333333337 0.7955 0.7939999999999999 0.7866666666666666 0.41583333333333344 0.21216666666666664 0.15766666666666665 0.24900000000000003 0.14899999999999997 0.1555 0.15550000000000003 0.15650000000000008 0.10083333333333332 0.2735 0.05499999999999998 0.024666666666666667 0.19016666666666665 0.4788333333333333 0.21633333333333338 0.0025 0.0018333333333333335 0.04766666666666664 0.04166666666666666 0.04233333333333331 0.3588333333333333 0.012333333333333333 0.01416666666666667 0.6611666666666668 0.7841666666666669 0.31449999999999995 0.3225 0.016833333333333336 0.07233333333333332 0.6011666666666664 0.28900000000000015 0.013333333333333332 0.0015 0.03466666666666667 0.012666666666666668 0.73 0.7708333333333333 0.021333333333333336 0.002 0.004 0.0015 0.14249999999999996 0.32449999999999996 0.6596666666666665 0.6486666666666667 0.8081666666666666 0.8051666666666668 0.8121666666666667 0.7023333333333333 
0.030833333333333334 0.02500000000000001 0.4901666666666666 0.5175000000000001 0.9226666666666666 0.9335000000000001 0.45900000000000013 0.121 0.7691666666666667 1.0 0.02833333333333334 0.028333333333333342 0.02483333333333334 0.02833333333333334 0.02600000000000001 0.02833333333333334 0.02533333333333334 0.024666666666666677 0.06966666666666665 0.024500000000000008 0.9240000000000002 0.9231666666666666 0.45100000000000023 0.527 0.9268333333333335 0.9278333333333333 0.9300000000000003 0.9306666666666666 0.026166666666666675 0.03383333333333334 0.16216666666666665 0.04316666666666667 0.02683333333333334 0.0795 0.6798333333333333 0.7638333333333333 0.8956666666666667 0.8998333333333334 0.8940000000000002 0.9108333333333333 0.8991666666666667 0.5829999999999999 0.25366666666666676 0.09983333333333329 0.1395 0.1041666666666667 0.06166666666666666 0.07233333333333332 0.12633333333333335 0.11816666666666668 0.08216666666666667 0.03416666666666666 0.022500000000000006 0.13116666666666665 0.6013333333333332 0.28 0.02433333333333334 0.024666666666666674 0.08533333333333337 0.0876666666666667 0.0921666666666667 0.3925 0.059 0.061500000000000006 0.46283333333333343 0.6803333333333333 0.2115 0.28049999999999997 0.05933333333333334 0.075 0.4258333333333333 0.15433333333333335 0.0225 0.024333333333333335 0.03533333333333334 0.023166666666666672 0.8751666666666662 0.8825000000000002 0.0335 0.02483333333333334 0.028166666666666673 0.024833333333333343 0.27849999999999997 0.49499999999999994 0.46149999999999997 0.48200000000000004 0.9253333333333331 0.925 0.9281666666666668 0.8301666666666669 
0.9089999999999996 0.9034999999999997 0.08333333333333334 0.11733333333333336 0.0018333333333333335 0.002 0.0851666666666667 0.8046666666666663 0.011833333333333333 0.02833333333333334 1.0 0.924 0.9663333333333335 0.9236666666666664 0.9279999999999999 0.9431666666666666 0.9335000000000001 0.9201666666666667 0.2741666666666666 0.8886666666666667 0.0018333333333333335 0.0018333333333333335 0.09766666666666668 0.08216666666666668 0.0021666666666666666 0.002 0.0018333333333333335 0.0021666666666666666 0.9240000000000004 0.9023333333333334 0.5488333333333334 0.6036666666666669 0.9039999999999996 0.8531666666666667 0.024666666666666663 0.006666666666666667 0.0021666666666666666 0.019833333333333335 0.0023333333333333335 0.002 0.002833333333333333 0.36699999999999994 0.07716666666666666 0.15483333333333335 0.07200000000000001 0.21033333333333332 0.1723333333333333 0.15183333333333335 0.3308333333333333 0.3961666666666666 0.18433333333333335 0.49066666666666675 0.4653333333333333 0.2118333333333333 0.0034999999999999996 0.10733333333333332 0.9023333333333332 0.9068333333333329 0.49833333333333335 0.5988333333333333 0.8363333333333336 0.5166666666666668 0.8871666666666667 0.8751666666666666 0.08583333333333336 0.046166666666666654 0.11533333333333334 0.15866666666666665 0.8583333333333334 0.7061666666666667 0.1353333333333333 0.46233333333333315 0.9296666666666663 0.9069999999999996 0.8758333333333335 0.9521666666666673 0.0045 0.0026666666666666666 0.8866666666666666 0.9121666666666662 0.9358333333333333 0.9081666666666663 0.6104999999999999 0.47200000000000003 0.08466666666666667 0.0991666666666667 0.0021666666666666666 0.0018333333333333335 0.005833333333333334 0.09200000000000003 
0.9233333333333337 0.9628333333333334 0.015833333333333335 0.05983333333333334 0.0 0.0003333333333333333 0.017 0.8756666666666668 0.0013333333333333333 0.028333333333333342 0.924 1.0 0.9200000000000002 0.9925000000000003 0.9251666666666665 0.9516666666666669 0.9335000000000001 0.9586666666666666 0.2516666666666667 0.9456666666666668 0.0 0.0 0.02533333333333334 0.015666666666666666 0.0 0.0 0.0 0.0 0.9198333333333335 0.9043333333333335 0.49283333333333323 0.5409999999999999 0.9741666666666668 0.9188333333333334 0.005666666666666666 0.003333333333333333 0.0 0.021166666666666667 0.00016666666666666666 0.00016666666666666666 0.0006666666666666666 0.36949999999999994 0.06466666666666666 0.1433333333333333 0.07983333333333334 0.2710000000000001 0.15999999999999998 0.13616666666666669 0.3956666666666668 0.46016666666666667 0.12616666666666665 0.4883333333333333 0.4826666666666668 0.20233333333333328 0.0021666666666666666 0.09733333333333331 0.9601666666666668 0.9705000000000003 0.5713333333333336 0.6716666666666667 0.9086666666666666 0.5876666666666666 0.958 0.9481666666666666 0.017333333333333336 0.008333333333333333 0.1728333333333333 0.21949999999999995 0.9188333333333334 0.77 0.06266666666666666 0.3896666666666666 0.8813333333333333 0.9713333333333335 0.809166666666667 0.9054999999999996 0.003333333333333333 0.0036666666666666666 0.8704999999999998 0.9691666666666666 0.9535000000000001 0.973166666666667 0.6135000000000002 0.4801666666666668 0.01633333333333333 0.031833333333333345 0.00016666666666666666 0.0 0.0038333333333333336 0.09150000000000004 
0.8973333333333331 0.8983333333333333 0.08200000000000002 0.11133333333333333 0.0 0.0 0.0845 0.7991666666666665 0.013166666666666669 0.02483333333333334 0.9663333333333335 0.9200000000000002 1.0 0.9201666666666667 0.9426666666666671 0.947666666666667 0.9450000000000003 0.9216666666666667 0.2753333333333334 0.8838333333333331 0.0 0.0 0.09649999999999997 0.08183333333333334 0.0 0.0 0.0 0.0 0.936666666666667 0.915666666666667 0.5558333333333332 0.6116666666666666 0.8989999999999999 0.8479999999999999 0.02166666666666667 0.004166666666666667 0.0003333333333333333 0.017666666666666667 0.0005 0.0 0.001 0.3655 0.09016666666666669 0.16933333333333336 0.07716666666666666 0.20433333333333337 0.18833333333333332 0.16700000000000004 0.3226666666666667 0.3906666666666667 0.18283333333333332 0.5016666666666666 0.4666666666666666 0.22950000000000004 0.0025 0.12249999999999997 0.8961666666666668 0.9008333333333334 0.49316666666666675 0.5931666666666665 0.8308333333333334 0.5111666666666668 0.8833333333333333 0.8696666666666666 0.08500000000000002 0.04066666666666666 0.10766666666666667 0.15300000000000002 0.8540000000000002 0.701666666666667 0.13466666666666668 0.46216666666666684 0.9245 0.9024999999999997 0.8686666666666666 0.9463333333333338 0.0015000000000000002 0.0013333333333333333 0.9058333333333336 0.9088333333333334 0.9416666666666669 0.9023333333333331 0.6291666666666665 0.47666666666666657 0.08400000000000002 0.09666666666666669 0.0 0.0 0.0038333333333333336 0.08983333333333336 
0.9228333333333337 0.9608333333333333 0.01633333333333334 0.059833333333333336 0.0 0.00016666666666666666 0.017666666666666667 0.8760000000000001 0.0013333333333333333 0.02833333333333334 0.9236666666666664 0.9925000000000003 0.9201666666666667 1.0 0.9254999999999999 0.9528333333333333 0.9336666666666663 0.9575000000000001 0.25183333333333335 0.9443333333333337 0.0 0.0 0.026000000000000006 0.016333333333333335 0.0 0.0 0.0 0.0 0.9211666666666665 0.9041666666666666 0.4941666666666665 0.5423333333333334 0.9731666666666667 0.9186666666666664 0.005166666666666666 0.003333333333333333 0.0 0.0215 0.0 0.0 0.0006666666666666666 0.3698333333333333 0.06416666666666665 0.14316666666666664 0.08000000000000002 0.2710000000000001 0.1595 0.1365 0.39483333333333337 0.4596666666666668 0.1266666666666667 0.48816666666666664 0.4816666666666667 0.2021666666666666 0.0021666666666666666 0.09766666666666665 0.9584999999999999 0.9691666666666667 0.5698333333333334 0.6706666666666667 0.9073333333333331 0.5863333333333334 0.9598333333333336 0.9471666666666665 0.018000000000000002 0.008333333333333333 0.1718333333333333 0.21833333333333332 0.9178333333333335 0.7683333333333333 0.06316666666666665 0.391 0.8831666666666664 0.9703333333333335 0.8103333333333338 0.9058333333333333 0.0031666666666666666 0.003333333333333333 0.8716666666666665 0.9683333333333333 0.9543333333333333 0.9728333333333335 0.6145000000000003 0.4808333333333335 0.017000000000000005 0.03216666666666668 0.00016666666666666666 0.0 0.0038333333333333336 0.09133333333333336 
0.8955000000000001 0.9051666666666668 0.05033333333333332 0.0795 0.0 0.0 0.05233333333333332 0.8053333333333336 0.006333333333333334 0.02600000000000001 0.9279999999999999 0.9251666666666665 0.9426666666666671 0.9254999999999999 1.0 0.9665000000000006 0.9761666666666668 0.9411666666666667 0.2681666666666667 0.8886666666666669 0.0 0.0003333333333333333 0.06366666666666666 0.04983333333333333 0.0 0.0 0.0 0.0 0.9803333333333337 0.9560000000000002 0.5256666666666666 0.5805 0.9056666666666666 0.8515 0.01 0.0031666666666666666 0.0015 0.02083333333333333 0.0016666666666666666 0.0006666666666666666 0.0021666666666666666 0.36749999999999994 0.11916666666666664 0.20449999999999996 0.09483333333333334 0.2111666666666667 0.21349999999999994 0.19466666666666668 0.33049999999999996 0.40116666666666667 0.14199999999999993 0.5255000000000001 0.4756666666666668 0.2585 0.004 0.1591666666666666 0.9021666666666668 0.9075000000000002 0.4996666666666667 0.6001666666666666 0.8370000000000001 0.5169999999999999 0.8896666666666668 0.8766666666666667 0.05216666666666665 0.015 0.10899999999999999 0.15433333333333332 0.8571666666666664 0.7046666666666667 0.10049999999999999 0.4291666666666666 0.8949999999999997 0.9076666666666668 0.8336666666666666 0.9134999999999998 0.002 0.002833333333333333 0.9346666666666669 0.9186666666666667 0.9658333333333334 0.9070000000000001 0.6694999999999999 0.47850000000000004 0.051833333333333315 0.0625 0.0 0.0 0.0034999999999999996 0.09100000000000003 
0.9136666666666667 0.9246666666666669 0.041333333333333326 0.07666666666666667 0.0 0.0 0.0435 0.8315000000000002 0.004 0.02833333333333334 0.9431666666666666 0.9516666666666669 0.947666666666667 0.9528333333333333 0.9665000000000006 1.0 0.9713333333333335 0.9533333333333336 0.266 0.9081666666666665 0.0 0.0 0.05233333333333332 0.040999999999999995 0.0 0.0 0.0 0.0 0.9620000000000004 0.9428333333333336 0.5201666666666667 0.5683333333333335 0.9276666666666665 0.8751666666666668 0.009000000000000003 0.003333333333333333 0.0 0.02166666666666667 0.0 0.0 0.0006666666666666666 0.3698333333333333 0.09900000000000002 0.18183333333333326 0.094 0.2306666666666667 0.19933333333333322 0.17316666666666666 0.3501666666666665 0.4215000000000002 0.1493333333333333 0.5288333333333335 0.4823333333333334 0.23916666666666672 0.0025 0.135 0.9218333333333335 0.9266666666666667 0.5251666666666668 0.6258333333333334 0.8635000000000003 0.5411666666666667 0.9170000000000003 0.9036666666666665 0.04383333333333333 0.014833333333333332 0.12833333333333333 0.17616666666666664 0.8776666666666668 0.7245000000000004 0.08933333333333332 0.4179999999999999 0.9039999999999999 0.9278333333333333 0.8348333333333336 0.9251666666666665 0.0031666666666666666 0.0034999999999999996 0.9148333333333332 0.9363333333333334 0.981666666666667 0.9283333333333336 0.6506666666666666 0.48083333333333345 0.042833333333333334 0.057666666666666665 0.0 0.0 0.0038333333333333336 0.09116666666666669 
0.9098333333333332 0.9196666666666666 0.04166666666666667 0.07233333333333335 0.00016666666666666666 0.00016666666666666666 0.04366666666666666 0.8155000000000001 0.006500000000000001 0.02533333333333334 0.9335000000000001 0.9335000000000001 0.9450000000000003 0.9336666666666663 0.9761666666666668 0.9713333333333335 1.0 0.9548333333333335 0.273 0.9048333333333335 0.00016666666666666666 0.0005 0.05699999999999998 0.04166666666666668 0.00016666666666666666 0.0 0.00016666666666666666 0.00016666666666666666 0.9716666666666666 0.953166666666667 0.5171666666666666 0.5736666666666668 0.9164999999999999 0.8621666666666669 0.010166666666666666 0.0036666666666666666 0.0008333333333333334 0.01933333333333333 0.001 0.0003333333333333333 0.0018333333333333335 0.36666666666666664 0.113 0.19983333333333322 0.09333333333333334 0.22216666666666665 0.21883333333333327 0.19116666666666668 0.341 0.4113333333333333 0.14433333333333326 0.5273333333333335 0.4865 0.25849999999999995 0.0034999999999999996 0.1456666666666667 0.9176666666666666 0.922 0.5103333333333334 0.6106666666666666 0.8475 0.5281666666666667 0.8981666666666669 0.8871666666666667 0.04416666666666667 0.013666666666666667 0.117 0.1663333333333333 0.8729999999999998 0.7188333333333334 0.09483333333333333 0.4234999999999999 0.9023333333333332 0.9221666666666666 0.8370000000000003 0.9211666666666666 0.0016666666666666668 0.002 0.9255000000000001 0.932 0.9711666666666671 0.9191666666666666 0.6571666666666667 0.4783333333333333 0.043166666666666666 0.055666666666666656 0.0003333333333333333 0.0003333333333333333 0.004 0.09083333333333336 
0.9319999999999999 0.9603333333333332 0.014666666666666668 0.05500000000000001 0.0 0.0 0.01633333333333333 0.8511666666666666 0.0031666666666666666 0.024666666666666677 0.9201666666666667 0.9586666666666666 0.9216666666666667 0.9575000000000001 0.9411666666666667 0.9533333333333336 0.9548333333333335 1.0 0.265 0.9439999999999997 0.0 0.0 0.029500000000000005 0.014333333333333333 0.0 0.0 0.0 0.0 0.9343333333333335 0.9173333333333333 0.4889999999999998 0.5456666666666667 0.9561666666666665 0.9006666666666666 0.0075 0.003333333333333333 0.0 0.017666666666666667 0.0 0.0 0.0006666666666666666 0.3658333333333333 0.08483333333333334 0.17116666666666666 0.08683333333333333 0.2615 0.1876666666666667 0.16250000000000003 0.38049999999999995 0.4485 0.12416666666666668 0.5023333333333333 0.49250000000000005 0.23466666666666666 0.0021666666666666666 0.11099999999999997 0.959333333333333 0.9629999999999999 0.5498333333333334 0.6510000000000001 0.8828333333333331 0.5673333333333335 0.9243333333333332 0.9208333333333332 0.016833333333333336 0.006666666666666667 0.15500000000000003 0.2028333333333333 0.9126666666666666 0.7600000000000001 0.06766666666666665 0.3955 0.8883333333333334 0.9634999999999999 0.8160000000000003 0.9106666666666665 0.0011666666666666668 0.0008333333333333334 0.8851666666666663 0.9695000000000001 0.9615000000000004 0.9595 0.6243333333333335 0.47716666666666674 0.016 0.030666666666666665 0.0 0.0 0.0038333333333333336 0.09000000000000002 
0.31183333333333324 0.2681666666666667 0.3881666666666668 0.31749999999999995 0.06433333333333334 0.05616666666666669 0.39533333333333326 0.19016666666666665 0.16199999999999995 0.06966666666666665 0.2741666666666666 0.2516666666666667 0.2753333333333334 0.25183333333333335 0.2681666666666667 0.266 0.273 0.265 1.0 0.2826666666666668 0.05749999999999999 0.05749999999999999 0.4401666666666666 0.3338333333333333 0.061833333333333344 0.059666666666666666 0.0585 0.05700000000000001 0.27266666666666667 0.2768333333333334 0.42300000000000004 0.5003333333333334 0.2508333333333334 0.23516666666666666 0.25583333333333325 0.19233333333333338 0.08433333333333333 0.10016666666666668 0.08566666666666664 0.06883333333333333 0.07883333333333335 0.183 0.5676666666666668 0.6821666666666667 0.6041666666666666 0.525 0.7186666666666668 0.7096666666666667 0.3956666666666668 0.3703333333333333 0.6248333333333332 0.3898333333333332 0.4685000000000001 0.6416666666666667 0.2933333333333333 0.4658333333333334 0.2693333333333333 0.26033333333333336 0.33833333333333326 0.3283333333333333 0.18716666666666662 0.10899999999999997 0.21683333333333338 0.21283333333333346 0.3955 0.23516666666666672 0.4960000000000001 0.41583333333333333 0.27416666666666667 0.3931666666666667 0.4591666666666667 0.5815000000000002 0.306 0.2576666666666667 0.3511666666666666 0.2833333333333334 0.12999999999999998 0.11416666666666664 0.2931666666666667 0.25266666666666665 0.26066666666666666 0.25333333333333335 0.30483333333333335 0.20533333333333334 0.3981666666666667 0.3668333333333333 0.062 0.05783333333333332 0.049666666666666685 0.06833333333333333 
0.9470000000000002 0.9800000000000003 0.013166666666666667 0.05866666666666668 0.0005 0.0003333333333333333 0.015333333333333334 0.8551666666666666 0.0105 0.024500000000000008 0.8886666666666667 0.9456666666666668 0.8838333333333331 0.9443333333333337 0.8886666666666669 0.9081666666666665 0.9048333333333335 0.9439999999999997 0.2826666666666668 1.0 0.0 0.0 0.028833333333333336 0.010666666666666666 0.0005 0.00016666666666666666 0.0003333333333333333 0.0003333333333333333 0.8860000000000002 0.8661666666666668 0.4836666666666665 0.5428333333333334 0.9633333333333337 0.9150000000000001 0.014999999999999998 0.008833333333333334 0.0 0.017833333333333333 0.0 0.0 0.0006666666666666666 0.36583333333333323 0.06933333333333333 0.1585 0.08516666666666665 0.2758333333333334 0.1793333333333333 0.15383333333333338 0.39050000000000007 0.4388333333333334 0.12466666666666663 0.45316666666666655 0.5015 0.22266666666666665 0.0021666666666666666 0.08349999999999998 0.9815000000000004 0.9708333333333337 0.5565 0.6586666666666666 0.8873333333333331 0.5753333333333334 0.9161666666666665 0.9239999999999995 0.0155 0.011833333333333333 0.1886666666666667 0.23099999999999998 0.9460000000000002 0.8026666666666666 0.06683333333333334 0.3926666666666666 0.8653333333333333 0.9686666666666669 0.7906666666666666 0.8865 0.0013333333333333333 0.0013333333333333333 0.8365000000000002 0.9600000000000002 0.9121666666666666 0.964666666666667 0.5870000000000002 0.4775000000000001 0.014666666666666668 0.027500000000000004 0.00016666666666666666 0.0 0.004 0.09000000000000002 
0.0031666666666666666 0.0 0.5268333333333335 0.5083333333333332 0.9750000000000004 0.9833333333333336 0.4775 0.07216666666666667 0.805 0.9240000000000002 0.0018333333333333335 0.0 0.0 0.0 0.0 0.0 0.00016666666666666666 0.0 0.05749999999999999 0.0 1.0 0.9940000000000002 0.49083333333333323 0.5665 0.980666666666667 0.9846666666666668 0.9843333333333336 0.9838333333333337 0.0016666666666666666 0.016833333333333332 0.1588333333333333 0.0165 0.0 0.05249999999999999 0.6981666666666666 0.7856666666666667 0.9668333333333337 0.9283333333333337 0.9646666666666668 0.9815000000000002 0.9686666666666669 0.599 0.2790000000000001 0.11566666666666667 0.1595 0.11033333333333334 0.07316666666666666 0.08600000000000002 0.1468333333333333 0.10716666666666665 0.09566666666666668 0.05083333333333332 0.026333333333333337 0.14216666666666666 0.659 0.3306666666666666 0.0 0.0 0.055666666666666656 0.05266666666666666 0.049499999999999995 0.36899999999999994 0.014166666666666668 0.016166666666666666 0.48050000000000004 0.6970000000000001 0.217 0.2834999999999999 0.035500000000000004 0.04083333333333334 0.4229999999999998 0.13233333333333339 0.0 0.0 0.009500000000000001 0.0 0.9035 0.9116666666666664 0.015666666666666666 0.0 0.0 0.0 0.28483333333333344 0.5048333333333332 0.4805 0.49366666666666675 0.9895000000000003 0.9953333333333334 0.9801666666666671 0.8858333333333328 
0.003333333333333333 0.0 0.5275000000000001 0.5068333333333334 0.9736666666666669 0.9820000000000003 0.4756666666666666 0.07233333333333335 0.8023333333333333 0.9231666666666666 0.0018333333333333335 0.0 0.0 0.0 0.0003333333333333333 0.0 0.0005 0.0 0.05749999999999999 0.0 0.9940000000000002 1.0 0.49016666666666675 0.5666666666666667 0.9790000000000002 0.9830000000000001 0.9840000000000003 0.982166666666667 0.0023333333333333335 0.018833333333333327 0.15966666666666665 0.01616666666666667 0.0 0.05266666666666666 0.6953333333333334 0.7833333333333333 0.967166666666667 0.9303333333333336 0.9653333333333333 0.9818333333333336 0.9716666666666669 0.6018333333333333 0.2785 0.11499999999999998 0.15749999999999997 0.10966666666666669 0.07266666666666666 0.08566666666666668 0.146 0.10666666666666666 0.09350000000000001 0.05049999999999999 0.027333333333333338 0.14149999999999996 0.6603333333333333 0.33233333333333326 0.0 0.0 0.05633333333333332 0.05366666666666666 0.04999999999999999 0.36883333333333324 0.014499999999999999 0.0165 0.47800000000000004 0.6948333333333335 0.2151666666666667 0.2818333333333332 0.03566666666666667 0.04083333333333334 0.42216666666666647 0.13266666666666668 0.0 0.0 0.009666666666666667 0.0 0.9048333333333334 0.9119999999999999 0.017333333333333333 0.0 0.0005 0.0 0.2871666666666667 0.5066666666666665 0.47933333333333317 0.49183333333333334 0.9895000000000002 0.9936666666666669 0.9788333333333337 0.8876666666666663 
0.05633333333333329 0.014666666666666666 0.9181666666666668 0.765 0.4961666666666666 0.48683333333333345 0.9103333333333333 0.04283333333333334 0.6019999999999999 0.45100000000000023 0.09766666666666668 0.02533333333333334 0.09649999999999997 0.026000000000000006 0.06366666666666666 0.05233333333333332 0.05699999999999998 0.029500000000000005 0.4401666666666666 0.028833333333333336 0.49083333333333323 0.49016666666666675 1.0 0.8625 0.49366666666666653 0.49183333333333334 0.4898333333333334 0.4893333333333333 0.06899999999999999 0.07999999999999997 0.3885 0.4369999999999999 0.009 0.009166666666666667 0.6831666666666666 0.6036666666666666 0.5198333333333333 0.5020000000000001 0.5203333333333334 0.5023333333333335 0.5138333333333334 0.15133333333333332 0.30233333333333334 0.35449999999999987 0.3683333333333333 0.20500000000000004 0.37900000000000006 0.39449999999999996 0.08533333333333334 0.04466666666666666 0.44500000000000006 0.10766666666666669 0.10099999999999998 0.33799999999999997 0.2131666666666667 0.23 0.01583333333333333 0.012666666666666666 0.033666666666666664 0.027666666666666662 0.031166666666666665 0.34016666666666656 0.02966666666666667 0.020833333333333336 0.9085 0.6873333333333334 0.38349999999999995 0.29050000000000004 0.024166666666666673 0.13899999999999998 0.9008333333333334 0.5918333333333335 0.13666666666666666 0.013666666666666666 0.20733333333333337 0.11366666666666667 0.5471666666666666 0.5335 0.11099999999999997 0.013166666666666667 0.04683333333333334 0.012 0.13183333333333333 0.07033333333333337 0.9149999999999998 0.8736666666666667 0.4953333333333334 0.4916666666666667 0.47900000000000004 0.49200000000000005 
0.037 0.0006666666666666666 0.9276666666666665 0.7859999999999998 0.5828333333333333 0.5731666666666667 0.8983333333333331 0.0665 0.6889999999999997 0.527 0.08216666666666668 0.015666666666666666 0.08183333333333334 0.016333333333333335 0.04983333333333333 0.040999999999999995 0.04166666666666668 0.014333333333333333 0.3338333333333333 0.010666666666666666 0.5665 0.5666666666666667 0.8625 1.0 0.5788333333333333 0.5760000000000001 0.5751666666666666 0.5763333333333334 0.052833333333333315 0.05733333333333333 0.4013333333333333 0.40233333333333327 0.0 0.0006666666666666666 0.680333333333333 0.6319999999999998 0.5936666666666666 0.5588333333333333 0.5945 0.5768333333333334 0.5848333333333333 0.19183333333333333 0.27083333333333326 0.2646666666666667 0.34766666666666673 0.17516666666666666 0.27299999999999996 0.2873333333333333 0.106 0.07083333333333335 0.43166666666666664 0.10033333333333334 0.059833333333333336 0.2406666666666667 0.26983333333333337 0.24350000000000005 0.0006666666666666666 0.00016666666666666666 0.05299999999999998 0.044833333333333315 0.050333333333333334 0.36416666666666664 0.026666666666666675 0.018500000000000003 0.8994999999999997 0.7293333333333333 0.38016666666666665 0.3085 0.004999999999999999 0.09683333333333335 0.8441666666666668 0.5206666666666667 0.11666666666666668 0.0005 0.17350000000000002 0.09700000000000003 0.5914999999999997 0.6055 0.08716666666666667 0.001 0.035333333333333335 0.0005 0.13983333333333334 0.09999999999999998 0.9033333333333331 0.8775000000000002 0.5731666666666668 0.5678333333333334 0.5681666666666668 0.5320000000000001 
0.004 0.0 0.539 0.5243333333333332 0.9890000000000003 0.9863333333333335 0.4943333333333333 0.07316666666666669 0.8201666666666664 0.9268333333333335 0.0021666666666666666 0.0 0.0 0.0 0.0 0.0 0.00016666666666666666 0.0 0.061833333333333344 0.0005 0.980666666666667 0.9790000000000002 0.49366666666666653 0.5788333333333333 1.0 0.9893333333333336 0.9906666666666669 0.9915000000000002 0.0008333333333333333 0.009833333333333336 0.15599999999999997 0.028833333333333336 0.0 0.05266666666666666 0.7141666666666667 0.8004999999999997 0.9531666666666669 0.914 0.9496666666666669 0.9658333333333335 0.953666666666667 0.5828333333333334 0.27366666666666667 0.11649999999999999 0.17433333333333334 0.1208333333333333 0.07433333333333332 0.08816666666666667 0.14816666666666667 0.10666666666666666 0.11016666666666668 0.05099999999999999 0.0195 0.14183333333333334 0.6431666666666667 0.315 0.0 0.0 0.05549999999999999 0.05283333333333332 0.04933333333333332 0.3686666666666666 0.014166666666666668 0.016166666666666666 0.4970000000000001 0.7125 0.2326666666666667 0.29833333333333334 0.03416666666666667 0.04866666666666666 0.43833333333333335 0.1411666666666667 0.0 0.0 0.010666666666666666 0.0 0.8891666666666669 0.9096666666666665 0.008666666666666666 0.0 0.0 0.0 0.26933333333333337 0.4891666666666666 0.4979999999999999 0.5091666666666668 0.9828333333333336 0.9806666666666669 0.9745000000000001 0.8691666666666664 
