1.0 0.6961666666666669 0.0015 0.004833333333333333 0.113 0.029666666666666678 0.2511666666666667 0.04916666666666665 0.5653333333333331 0.2663333333333333 0.9748333333333334 0.6843333333333332 0.9189999999999999 0.8653333333333333 0.8883333333333333 0.8063333333333331 0.8846666666666668 0.7655 0.39933333333333315 0.20416666666666664 0.021500000000000005 0.021999999999999992 0.0016666666666666666 0.0013333333333333333 0.0018333333333333333 0.0013333333333333333 0.0013333333333333333 0.0015 0.811 0.8366666666666667 0.018000000000000002 0.004999999999999999 0.32100000000000006 0.5371666666666665 0.0015 0.0015 0.35749999999999993 0.3039999999999999 0.37216666666666676 0.0036666666666666666 0.7110000000000004 0.169 0.33266666666666667 0.012500000000000002 0.18816666666666668 0.18966666666666665 0.5701666666666665 0.006500000000000001 0.39499999999999985 0.2551666666666667 0.25233333333333324 0.3699999999999999 0.44433333333333336 0.3436666666666667 0.5584999999999999 0.02083333333333333 0.8523333333333334 0.6106666666666666 0.6556666666666666 0.28300000000000003 0.6791666666666667 0.5361666666666666 0.6571666666666666 0.6551666666666667 0.02283333333333333 0.003833333333333333 0.002833333333333333 0.0245 0.3411666666666667 0.002 0.2668333333333333 0.0325 0.3838333333333333 0.5555 0.15633333333333332 0.30533333333333335 0.2928333333333334 0.2798333333333334 0.8433333333333333 0.8818333333333334 0.8088333333333333 0.6760000000000003 0.8083333333333335 0.8011666666666667 0.6140000000000001 0.009500000000000001 0.8959999999999999 0.5081666666666667 0.49099999999999994 0.003 
0.6961666666666669 1.0 0.21966666666666662 0.22583333333333327 0.10333333333333332 0.2374999999999999 0.12966666666666668 0.22066666666666668 0.48816666666666647 0.13850000000000004 0.6830000000000002 0.5044999999999998 0.6741666666666667 0.671 0.685 0.5915 0.6829999999999998 0.6399999999999997 0.2801666666666667 0.13833333333333336 0.2053333333333333 0.2415 0.22316666666666662 0.22516666666666665 0.2248333333333333 0.225 0.2268333333333333 0.22716666666666666 0.6355000000000001 0.649 0.18700000000000003 0.20149999999999998 0.29666666666666663 0.4685 0.22516666666666665 0.22516666666666663 0.5356666666666667 0.5325000000000001 0.4298333333333334 0.22933333333333333 0.5648333333333333 0.3006666666666667 0.1923333333333333 0.19616666666666663 0.07783333333333331 0.07949999999999999 0.43166666666666687 0.22849999999999995 0.3085 0.09249999999999999 0.3455 0.2316666666666667 0.4366666666666666 0.4825 0.42383333333333334 0.2684999999999999 0.6655 0.6971666666666667 0.46600000000000025 0.15316666666666665 0.512 0.3965000000000001 0.5068333333333334 0.5071666666666668 0.24549999999999997 0.22766666666666663 0.206 0.1631666666666667 0.2688333333333333 0.22699999999999998 0.2949999999999999 0.13799999999999993 0.2961666666666666 0.41800000000000004 0.30133333333333334 0.22200000000000006 0.42266666666666663 0.4063333333333334 0.6585000000000001 0.7006666666666664 0.6308333333333335 0.6733333333333331 0.6378333333333334 0.6399999999999999 0.5821666666666667 0.23516666666666663 0.7006666666666669 0.5805000000000001 0.4369999999999999 0.22766666666666657 
0.0015 0.21966666666666662 1.0 0.8445 0.5126666666666667 0.9463333333333334 0.5646666666666665 0.6944999999999999 0.14299999999999996 0.4466666666666667 0.0051666666666666675 0.12733333333333333 0.0003333333333333333 0.001 0.003 0.06816666666666668 0.0 0.008166666666666668 0.39116666666666666 0.4443333333333336 0.6866666666666664 0.7613333333333333 0.9763333333333337 0.9356666666666666 0.8723333333333333 0.8691666666666669 0.8544999999999999 0.826 0.0 0.008833333333333334 0.7999999999999997 0.8858333333333336 0.3523333333333331 0.14883333333333332 0.8488333333333334 0.8479999999999999 0.3946666666666665 0.46583333333333327 0.4633333333333334 0.8181666666666666 0.04049999999999999 0.6060000000000002 0.5373333333333334 0.8705000000000004 0.5675 0.5165000000000001 0.1771666666666667 0.856 0.34666666666666673 0.6039999999999999 0.6993333333333331 0.5295000000000001 0.33449999999999996 0.6073333333333334 0.14083333333333334 0.7741666666666666 0.0 0.22466666666666663 0.12316666666666669 0.32333333333333336 0.04750000000000001 0.12833333333333333 0.09383333333333335 0.09449999999999999 0.819 0.8158333333333334 0.7923333333333332 0.6776666666666666 0.41233333333333344 0.8166666666666664 0.5163333333333334 0.6295000000000003 0.32666666666666666 0.2723333333333333 0.4738333333333335 0.5058333333333332 0.5329999999999998 0.5159999999999999 0.0023333333333333335 0.0026666666666666666 0.0015000000000000002 0.15099999999999997 0.02716666666666667 0.033666666666666664 0.2776666666666668 0.8191666666666666 0.04083333333333333 0.3463333333333333 0.3231666666666666 0.8196666666666664 
0.004833333333333333 0.22583333333333327 0.8445 1.0 0.6226666666666666 0.8208333333333333 0.4583333333333332 0.8425000000000001 0.11233333333333333 0.3366666666666667 0.008166666666666668 0.14033333333333328 0.004 0.013500000000000002 0.003333333333333333 0.030833333333333334 0.003333333333333333 0.016333333333333335 0.3913333333333333 0.5535000000000002 0.8348333333333333 0.9108333333333334 0.8551666666666665 0.903166666666667 0.9545 0.9566666666666669 0.9606666666666668 0.9371666666666669 0.003333333333333333 0.004166666666666667 0.6488333333333334 0.7733333333333329 0.26683333333333326 0.07216666666666666 0.9580000000000001 0.9571666666666668 0.5211666666666667 0.5808333333333334 0.5311666666666667 0.9333333333333331 0.003333333333333333 0.47816666666666663 0.3913333333333333 0.729666666666667 0.4340000000000001 0.5845000000000001 0.049333333333333326 0.7276666666666669 0.2075 0.4598333333333333 0.5953333333333333 0.4306666666666667 0.20749999999999993 0.6141666666666665 0.14666666666666672 0.8856666666666665 0.003333333333333333 0.26650000000000007 0.13433333333333336 0.4341666666666667 0.051000000000000004 0.07666666666666667 0.029333333333333336 0.028999999999999998 0.9239999999999999 0.9460000000000002 0.9148333333333329 0.8293333333333333 0.4180000000000002 0.9321666666666663 0.516 0.7504999999999997 0.3066666666666667 0.19633333333333336 0.5566666666666668 0.4098333333333333 0.523 0.5146666666666666 0.005833333333333334 0.004833333333333333 0.0034999999999999996 0.19183333333333338 0.003333333333333333 0.003833333333333333 0.36833333333333335 0.9281666666666666 0.038166666666666675 0.4693333333333332 0.43883333333333324 0.9385000000000001 
0.113 0.10333333333333332 0.5126666666666667 0.6226666666666666 1.0 0.5371666666666667 0.5186666666666666 0.6595 0.2791666666666666 0.6174999999999999 0.11566666666666667 0.30933333333333335 0.16966666666666666 0.20116666666666666 0.1703333333333333 0.22216666666666665 0.20350000000000001 0.287 0.42999999999999994 0.5828333333333333 0.6788333333333335 0.5764999999999997 0.5220000000000001 0.5691666666666666 0.6265000000000001 0.6275 0.6258333333333335 0.6004999999999999 0.26666666666666666 0.23749999999999993 0.5291666666666668 0.5936666666666667 0.4785000000000002 0.3435 0.6204999999999999 0.6205 0.3213333333333333 0.3348333333333333 0.41616666666666674 0.595 0.23200000000000007 0.4643333333333334 0.35450000000000004 0.4123333333333333 0.5268333333333333 0.5566666666666668 0.2781666666666666 0.39949999999999997 0.3406666666666667 0.4378333333333334 0.37799999999999995 0.3931666666666667 0.3738333333333334 0.42499999999999993 0.38049999999999995 0.5573333333333333 0.23199999999999998 0.2495000000000001 0.3298333333333334 0.6629999999999999 0.32416666666666655 0.3691666666666667 0.31950000000000006 0.3178333333333333 0.5881666666666665 0.6 0.6321666666666667 0.6891666666666667 0.4433333333333333 0.5991666666666664 0.4881666666666669 0.7204999999999999 0.5540000000000002 0.3668333333333333 0.5354999999999999 0.5078333333333332 0.397 0.402 0.23883333333333337 0.1965 0.264 0.32750000000000007 0.20616666666666664 0.19666666666666668 0.28883333333333333 0.5933333333333333 0.1175 0.30833333333333335 0.3024999999999999 0.5974999999999999 
0.029666666666666678 0.2374999999999999 0.9463333333333334 0.8208333333333333 0.5371666666666667 1.0 0.5334999999999998 0.6973333333333335 0.17866666666666667 0.4736666666666666 0.03366666666666668 0.1505 0.028500000000000004 0.02433333333333334 0.03366666666666668 0.09466666666666669 0.028000000000000008 0.035 0.3701666666666666 0.4200000000000001 0.6881666666666668 0.7521666666666667 0.9339999999999999 0.8991666666666664 0.8373333333333335 0.8344999999999998 0.8188333333333331 0.7919999999999999 0.028000000000000008 0.03616666666666669 0.7681666666666671 0.8426666666666667 0.32150000000000006 0.14833333333333334 0.8141666666666665 0.8143333333333331 0.36683333333333323 0.4353333333333334 0.4326666666666666 0.786833333333333 0.07633333333333335 0.6353333333333332 0.5196666666666667 0.8471666666666665 0.5458333333333334 0.49699999999999994 0.20833333333333326 0.8385000000000001 0.32783333333333337 0.5793333333333337 0.7016666666666665 0.5028333333333332 0.35966666666666663 0.6203333333333334 0.16933333333333336 0.7449999999999999 0.028000000000000008 0.24716666666666673 0.14933333333333337 0.3468333333333333 0.0755 0.14766666666666672 0.11799999999999995 0.11866666666666667 0.7856666666666665 0.7866666666666668 0.7625000000000003 0.6575 0.38866666666666666 0.7841666666666665 0.4868333333333333 0.597 0.2968333333333333 0.24316666666666667 0.44066666666666676 0.47783333333333333 0.5081666666666667 0.4926666666666666 0.030166666666666665 0.030833333333333345 0.029500000000000005 0.17183333333333337 0.06283333333333334 0.06783333333333333 0.3006666666666666 0.7854999999999999 0.07133333333333332 0.3721666666666666 0.3318333333333333 0.7888333333333333 
0.2511666666666667 0.12966666666666668 0.5646666666666665 0.4583333333333332 0.5186666666666666 0.5334999999999998 1.0 0.4596666666666666 0.18799999999999994 0.726 0.26133333333333336 0.43133333333333335 0.2636666666666667 0.2626666666666666 0.2053333333333334 0.31266666666666665 0.2558333333333333 0.2919999999999999 0.7350000000000001 0.7186666666666666 0.4703333333333333 0.39116666666666666 0.5589999999999999 0.527 0.48266666666666663 0.4805 0.47083333333333344 0.4530000000000001 0.3178333333333334 0.29466666666666674 0.6460000000000001 0.5865 0.666 0.49500000000000016 0.46716666666666656 0.46766666666666656 0.08166666666666664 0.11149999999999999 0.3314999999999999 0.45083333333333314 0.19666666666666666 0.41383333333333316 0.557 0.5776666666666666 0.6443333333333334 0.6218333333333332 0.263 0.5131666666666667 0.37549999999999994 0.7035000000000001 0.3188333333333334 0.6628333333333332 0.23183333333333325 0.28833333333333333 0.2161666666666667 0.4070000000000001 0.28 0.06 0.4689999999999999 0.5936666666666666 0.39133333333333326 0.49283333333333323 0.46133333333333326 0.46249999999999986 0.45399999999999985 0.44383333333333325 0.48283333333333334 0.5465 0.7320000000000002 0.4535 0.7101666666666664 0.5405 0.6418333333333333 0.5221666666666667 0.4908333333333333 0.6071666666666667 0.6406666666666666 0.6353333333333335 0.27483333333333326 0.22099999999999995 0.3188333333333334 0.11833333333333335 0.21166666666666667 0.1908333333333333 0.06683333333333334 0.4515 0.20550000000000002 0.03766666666666666 0.2911666666666667 0.45066666666666655 
0.04916666666666665 0.22066666666666668 0.6944999999999999 0.8425000000000001 0.6595 0.6973333333333335 0.4596666666666666 1.0 0.14733333333333334 0.4175000000000001 0.05049999999999999 0.23766666666666666 0.05649999999999999 0.07766666666666668 0.05416666666666666 0.09350000000000001 0.061833333333333323 0.11166666666666668 0.3913333333333333 0.5644999999999998 0.8211666666666669 0.8356666666666668 0.7026666666666668 0.7525 0.8046666666666669 0.8063333333333333 0.813 0.7951666666666668 0.09949999999999999 0.07916666666666665 0.6008333333333333 0.7040000000000002 0.30466666666666664 0.17266666666666666 0.8141666666666667 0.8141666666666667 0.4483333333333333 0.495 0.4641666666666666 0.7926666666666666 0.08016666666666669 0.4834999999999998 0.3453333333333334 0.5931666666666665 0.4196666666666665 0.546 0.11883333333333335 0.5885000000000001 0.21350000000000002 0.4041666666666666 0.5523333333333335 0.3723333333333332 0.29216666666666663 0.5158333333333335 0.2243333333333334 0.7501666666666665 0.076 0.27 0.25316666666666665 0.5725 0.17383333333333328 0.20833333333333331 0.1465 0.14583333333333337 0.7819999999999999 0.8051666666666667 0.8255000000000001 0.8353333333333333 0.42499999999999993 0.7954999999999999 0.49733333333333335 0.7205000000000003 0.33116666666666655 0.20183333333333334 0.5471666666666667 0.3526666666666666 0.4986666666666666 0.49583333333333335 0.07983333333333334 0.05849999999999999 0.09833333333333333 0.20866666666666664 0.06116666666666666 0.05949999999999999 0.3396666666666668 0.7878333333333332 0.07083333333333332 0.43016666666666664 0.4455000000000001 0.7966666666666667 
0.5653333333333331 0.48816666666666647 0.14299999999999996 0.11233333333333333 0.2791666666666666 0.17866666666666667 0.18799999999999994 0.14733333333333334 1.0 0.357 0.5579999999999999 0.6048333333333332 0.617 0.6453333333333333 0.6666666666666667 0.5833333333333334 0.6576666666666666 0.6391666666666665 0.2376666666666667 0.10066666666666664 0.07433333333333332 0.1398333333333333 0.13283333333333333 0.11466666666666665 0.10966666666666666 0.10949999999999999 0.10966666666666666 0.10966666666666669 0.6596666666666667 0.65 0.14883333333333326 0.1015 0.28366666666666673 0.4490000000000001 0.10933333333333334 0.10916666666666666 0.29366666666666674 0.2690000000000001 0.18616666666666667 0.11116666666666668 0.795 0.33716666666666667 0.29083333333333333 0.2428333333333332 0.3549999999999999 0.23116666666666663 0.643 0.21266666666666662 0.5121666666666665 0.23566666666666666 0.32283333333333336 0.1655 0.5529999999999999 0.3141666666666666 0.6114999999999998 0.12899999999999998 0.6576666666666666 0.5233333333333332 0.5976666666666669 0.3398333333333333 0.6941666666666666 0.6053333333333333 0.5548333333333333 0.5534999999999999 0.128 0.111 0.10350000000000005 0.06699999999999999 0.1935 0.10816666666666669 0.1721666666666667 0.06999999999999998 0.42633333333333306 0.4050000000000001 0.14333333333333334 0.3099999999999999 0.19316666666666665 0.1875 0.667 0.6638333333333333 0.6618333333333335 0.6578333333333332 0.7266666666666665 0.722 0.5083333333333333 0.11549999999999999 0.5883333333333334 0.43066666666666653 0.4110000000000001 0.11033333333333335 
0.2663333333333333 0.13850000000000004 0.4466666666666667 0.3366666666666667 0.6174999999999999 0.4736666666666666 0.726 0.4175000000000001 0.357 1.0 0.2669999999999999 0.4989999999999999 0.3385 0.3715000000000001 0.293 0.43799999999999994 0.3715 0.4178333333333332 0.5415000000000001 0.5391666666666665 0.3718333333333333 0.28449999999999986 0.4408333333333335 0.40366666666666673 0.34016666666666673 0.337 0.3236666666666666 0.29499999999999993 0.44433333333333336 0.4186666666666667 0.5555 0.5033333333333333 0.6859999999999999 0.5801666666666667 0.31649999999999995 0.3161666666666666 0.051833333333333335 0.06383333333333333 0.2411666666666667 0.28966666666666663 0.3331666666666667 0.49916666666666665 0.4835000000000001 0.46049999999999996 0.6395 0.4441666666666667 0.4616666666666667 0.41699999999999987 0.47600000000000015 0.5705000000000001 0.37316666666666654 0.5370000000000001 0.4335 0.24899999999999994 0.3863333333333334 0.26416666666666666 0.40399999999999986 0.15166666666666662 0.5311666666666667 0.7103333333333332 0.5473333333333334 0.6436666666666668 0.5786666666666667 0.5766666666666665 0.29016666666666663 0.2971666666666665 0.3296666666666668 0.4151666666666665 0.535 0.2933333333333333 0.5345000000000001 0.40299999999999997 0.6576666666666665 0.5591666666666666 0.41116666666666674 0.6348333333333332 0.4675 0.47000000000000014 0.3993333333333334 0.33799999999999997 0.4446666666666666 0.24933333333333332 0.3355 0.3206666666666667 0.103 0.2893333333333333 0.22083333333333333 0.07733333333333334 0.2113333333333333 0.2926666666666666 
0.9748333333333334 0.6830000000000002 0.0051666666666666675 0.008166666666666668 0.11566666666666667 0.03366666666666668 0.26133333333333336 0.05049999999999999 0.5579999999999999 0.2669999999999999 1.0 0.6831666666666666 0.9181666666666668 0.8579999999999997 0.8778333333333334 0.8046666666666666 0.8788333333333336 0.7589999999999999 0.4056666666666668 0.21016666666666672 0.024500000000000008 0.024499999999999994 0.005666666666666666 0.0051666666666666675 0.005833333333333334 0.005666666666666668 0.005 0.005333333333333334 0.8071666666666669 0.8318333333333332 0.021166666666666663 0.008 0.3146666666666666 0.5306666666666667 0.005666666666666666 0.005666666666666668 0.3456666666666667 0.2948333333333333 0.3755000000000001 0.0071666666666666675 0.7044999999999999 0.17300000000000004 0.3383333333333334 0.016000000000000004 0.19033333333333338 0.19233333333333336 0.5588333333333333 0.009666666666666669 0.3831666666666667 0.26199999999999996 0.2594999999999999 0.37366666666666665 0.4359999999999998 0.3508333333333332 0.5506666666666667 0.02483333333333333 0.8458333333333331 0.5968333333333332 0.6586666666666666 0.2850000000000001 0.677 0.5301666666666667 0.6513333333333334 0.6501666666666666 0.02616666666666667 0.007000000000000001 0.006333333333333334 0.029500000000000005 0.3465 0.006 0.2731666666666667 0.03683333333333334 0.38416666666666666 0.5499999999999998 0.15949999999999998 0.3043333333333333 0.29799999999999993 0.2841666666666666 0.8376666666666668 0.871 0.8033333333333335 0.6679999999999999 0.8018333333333334 0.7916666666666667 0.6158333333333331 0.013999999999999999 0.9018333333333333 0.5181666666666669 0.5019999999999999 0.006833333333333334 
0.6843333333333332 0.5044999999999998 0.12733333333333333 0.14033333333333328 0.30933333333333335 0.1505 0.43133333333333335 0.23766666666666666 0.6048333333333332 0.4989999999999999 0.6831666666666666 1.0 0.7513333333333333 0.7861666666666669 0.6998333333333331 0.6886666666666668 0.7671666666666668 0.7190000000000002 0.5454999999999999 0.3618333333333334 0.18883333333333333 0.16849999999999998 0.12716666666666665 0.12816666666666665 0.12733333333333333 0.12733333333333333 0.12716666666666665 0.12833333333333333 0.769 0.7678333333333334 0.16916666666666663 0.1466666666666666 0.3896666666666666 0.5296666666666667 0.12716666666666668 0.12733333333333333 0.16283333333333336 0.13216666666666665 0.1895 0.13249999999999998 0.5994999999999999 0.242 0.25999999999999995 0.13266666666666663 0.3416666666666666 0.26599999999999996 0.4689999999999999 0.1303333333333333 0.2941666666666666 0.29650000000000004 0.2533333333333334 0.3730000000000001 0.3938333333333333 0.17799999999999996 0.45249999999999985 0.1428333333333333 0.7763333333333335 0.4303333333333332 0.8793333333333332 0.5684999999999999 0.841666666666667 0.7016666666666669 0.6360000000000001 0.6305 0.14783333333333334 0.13616666666666663 0.14016666666666666 0.20866666666666667 0.49699999999999994 0.13083333333333333 0.4513333333333333 0.19799999999999998 0.5539999999999999 0.5183333333333333 0.2431666666666667 0.3821666666666666 0.4696666666666666 0.4626666666666665 0.7611666666666668 0.728166666666667 0.7556666666666668 0.5701666666666668 0.6806666666666668 0.65 0.3739999999999999 0.13466666666666666 0.6295000000000001 0.2913333333333333 0.44166666666666676 0.13249999999999995 
0.9189999999999999 0.6741666666666667 0.0003333333333333333 0.004 0.16966666666666666 0.028500000000000004 0.2636666666666667 0.05649999999999999 0.617 0.3385 0.9181666666666668 0.7513333333333333 1.0 0.9331666666666666 0.9209999999999998 0.8735000000000003 0.9476666666666668 0.8280000000000001 0.3811666666666668 0.18700000000000003 0.024833333333333332 0.021666666666666664 0.0003333333333333333 0.00016666666666666666 0.0005 0.00016666666666666666 0.0 0.0003333333333333333 0.8813333333333333 0.9028333333333333 0.021333333333333333 0.007833333333333335 0.3913333333333335 0.6063333333333334 0.0003333333333333333 0.0003333333333333333 0.3333333333333332 0.2925 0.3489999999999999 0.0023333333333333335 0.7675 0.17283333333333334 0.2868333333333334 0.004833333333333334 0.2411666666666667 0.16400000000000006 0.6183333333333332 0.0031666666666666666 0.43716666666666676 0.2181666666666667 0.2305 0.315 0.49883333333333335 0.32416666666666666 0.6094999999999997 0.018833333333333334 0.9173333333333331 0.6026666666666666 0.7105000000000001 0.35599999999999987 0.7503333333333332 0.6088333333333333 0.7269999999999998 0.7254999999999998 0.020499999999999997 0.0015 0.0008333333333333333 0.029000000000000005 0.32300000000000006 0.0005 0.28016666666666673 0.028166666666666673 0.45066666666666655 0.626 0.17049999999999998 0.3316666666666668 0.30200000000000005 0.2901666666666667 0.9058333333333332 0.9178333333333333 0.8785 0.7204999999999999 0.8648333333333338 0.8386666666666668 0.572 0.008333333333333335 0.8626666666666665 0.47683333333333344 0.4646666666666666 0.001 
0.8653333333333333 0.671 0.001 0.013500000000000002 0.20116666666666666 0.02433333333333334 0.2626666666666666 0.07766666666666668 0.6453333333333333 0.3715000000000001 0.8579999999999997 0.7861666666666669 0.9331666666666666 1.0 0.8889999999999999 0.874166666666667 0.9658333333333334 0.8545 0.3826666666666669 0.18916666666666668 0.03683333333333333 0.032833333333333325 0.001 0.0015000000000000002 0.001 0.001 0.001 0.0016666666666666668 0.9106666666666665 0.9321666666666668 0.029666666666666664 0.016833333333333332 0.4389999999999999 0.6485 0.001 0.001 0.3136666666666667 0.2833333333333334 0.31133333333333335 0.005833333333333333 0.7973333333333332 0.168 0.24266666666666667 0.007666666666666666 0.25933333333333325 0.16316666666666665 0.6463333333333332 0.004833333333333334 0.4761666666666668 0.20099999999999998 0.20833333333333337 0.283 0.527 0.2875 0.6341666666666665 0.018000000000000002 0.9528333333333333 0.5998333333333332 0.7294999999999999 0.4065000000000001 0.7790000000000002 0.667 0.7621666666666665 0.7589999999999998 0.02133333333333333 0.009000000000000001 0.006666666666666667 0.04699999999999999 0.32533333333333336 0.004 0.2885 0.04050000000000001 0.496 0.6753333333333335 0.1813333333333333 0.361 0.31016666666666665 0.2998333333333334 0.9338333333333333 0.9296666666666666 0.9079999999999997 0.74 0.8828333333333334 0.8515 0.5198333333333331 0.009 0.8049999999999998 0.43133333333333324 0.4421666666666666 0.0055 
0.8883333333333333 0.685 0.003 0.003333333333333333 0.1703333333333333 0.03366666666666668 0.2053333333333334 0.05416666666666666 0.6666666666666667 0.293 0.8778333333333334 0.6998333333333331 0.9209999999999998 0.8889999999999999 1.0 0.8366666666666666 0.9118333333333333 0.7908333333333336 0.32233333333333336 0.13033333333333333 0.020166666666666666 0.019833333333333335 0.0015 0.0006666666666666666 0.0 0.0 0.0 0.0 0.8381666666666666 0.8641666666666667 0.03016666666666667 0.006500000000000001 0.3471666666666667 0.5628333333333333 0.0 0.0 0.32733333333333325 0.28833333333333333 0.34383333333333327 0.0016666666666666668 0.8118333333333335 0.18933333333333338 0.3265000000000001 0.03983333333333334 0.2796666666666667 0.18966666666666665 0.6676666666666669 0.034 0.4948333333333334 0.23766666666666658 0.22349999999999998 0.3433333333333332 0.5211666666666666 0.31466666666666665 0.6466666666666666 0.018166666666666668 0.8766666666666668 0.6173333333333335 0.6556666666666666 0.3135 0.7038333333333334 0.5623333333333334 0.6835000000000001 0.6819999999999999 0.01916666666666667 0.0011666666666666668 0.0 0.01816666666666667 0.26316666666666666 0.0 0.22416666666666668 0.018666666666666668 0.40683333333333344 0.5916666666666667 0.13099999999999998 0.3836666666666666 0.2498333333333333 0.2371666666666666 0.8743333333333335 0.9363333333333334 0.8353333333333332 0.7428333333333333 0.8953333333333334 0.9020000000000001 0.5638333333333333 0.006 0.9048333333333335 0.46649999999999997 0.4131666666666666 0.0005 
0.8063333333333331 0.5915 0.06816666666666668 0.030833333333333334 0.22216666666666665 0.09466666666666669 0.31266666666666665 0.09350000000000001 0.5833333333333334 0.43799999999999994 0.8046666666666666 0.6886666666666668 0.8735000000000003 0.874166666666667 0.8366666666666666 1.0 0.8883333333333334 0.7711666666666666 0.31633333333333324 0.18016666666666672 0.02516666666666667 0.020666666666666663 0.06800000000000002 0.05383333333333333 0.02833333333333334 0.026000000000000002 0.019166666666666665 0.0013333333333333333 0.8306666666666669 0.8655000000000002 0.0976666666666667 0.07766666666666668 0.4723333333333333 0.6909999999999998 0.016000000000000004 0.01616666666666667 0.3126666666666667 0.2775 0.2814999999999999 0.0003333333333333333 0.7415 0.24949999999999994 0.33516666666666667 0.07916666666666668 0.3345 0.18433333333333338 0.7269999999999999 0.07383333333333332 0.5396666666666667 0.2848333333333333 0.2798333333333334 0.35516666666666663 0.5988333333333332 0.2421666666666667 0.6841666666666666 0.004333333333333333 0.8626666666666667 0.5533333333333333 0.6508333333333334 0.4038333333333335 0.7041666666666667 0.6771666666666667 0.8051666666666667 0.8039999999999999 0.005166666666666666 0.0021666666666666666 0.0055000000000000005 0.038166666666666675 0.26516666666666666 0.0003333333333333333 0.23499999999999996 0.030500000000000006 0.39916666666666667 0.686 0.14066666666666663 0.40099999999999997 0.22283333333333336 0.2156666666666666 0.8501666666666668 0.8540000000000001 0.8396666666666667 0.6705000000000001 0.8199999999999998 0.7969999999999999 0.4983333333333333 0.0036666666666666666 0.7628333333333334 0.42933333333333334 0.4053333333333334 0.0011666666666666668 
0.8846666666666668 0.6829999999999998 0.0 0.003333333333333333 0.20350000000000001 0.028000000000000008 0.2558333333333333 0.061833333333333323 0.6576666666666666 0.3715 0.8788333333333336 0.7671666666666668 0.9476666666666668 0.9658333333333334 0.9118333333333333 0.8883333333333334 1.0 0.8655000000000002 0.3720000000000001 0.177 0.02316666666666667 0.019833333333333335 0.0 0.0 0.0 0.0 0.0 0.0 0.9216666666666664 0.9450000000000002 0.025166666666666667 0.01266666666666667 0.4309999999999998 0.6473333333333331 0.0 0.0 0.31066666666666665 0.28550000000000003 0.3126666666666667 0.0016666666666666668 0.8063333333333331 0.175 0.25066666666666665 0.004 0.25583333333333336 0.15366666666666665 0.6578333333333336 0.003833333333333333 0.4750000000000001 0.19333333333333333 0.20316666666666663 0.2891666666666666 0.5366666666666666 0.29783333333333334 0.6455000000000001 0.018333333333333333 0.9560000000000002 0.6130000000000001 0.7161666666666667 0.3856666666666667 0.7813333333333337 0.6458333333333335 0.7675 0.7659999999999998 0.018333333333333337 0.0011666666666666668 0.0011666666666666668 0.028333333333333332 0.31200000000000006 0.0 0.28049999999999997 0.028833333333333336 0.4874999999999999 0.6631666666666668 0.17299999999999996 0.36133333333333334 0.3018333333333334 0.28933333333333333 0.9491666666666666 0.9521666666666668 0.919833333333333 0.7603333333333333 0.9043333333333333 0.8725000000000002 0.5373333333333332 0.005666666666666666 0.8281666666666666 0.4471666666666667 0.4311666666666667 0.0005 
0.7655 0.6399999999999997 0.008166666666666668 0.016333333333333335 0.287 0.035 0.2919999999999999 0.11166666666666668 0.6391666666666665 0.4178333333333332 0.7589999999999999 0.7190000000000002 0.8280000000000001 0.8545 0.7908333333333336 0.7711666666666666 0.8655000000000002 1.0 0.3930000000000001 0.23549999999999993 0.11116666666666668 0.032833333333333325 0.010666666666666666 0.012666666666666666 0.013000000000000001 0.013000000000000001 0.014166666666666668 0.013000000000000001 0.9246666666666666 0.8836666666666666 0.11683333333333333 0.08266666666666668 0.5093333333333334 0.6993333333333333 0.013000000000000001 0.013000000000000001 0.32899999999999996 0.3001666666666667 0.24733333333333327 0.015000000000000003 0.7376666666666667 0.26333333333333325 0.1406666666666666 0.007666666666666668 0.16450000000000004 0.08099999999999997 0.5973333333333332 0.0105 0.4110000000000001 0.08849999999999997 0.21099999999999994 0.16899999999999998 0.5823333333333334 0.3111666666666667 0.6018333333333332 0.03166666666666667 0.8921666666666666 0.6396666666666665 0.7265 0.4348333333333333 0.7999999999999997 0.6934999999999999 0.8123333333333334 0.8101666666666663 0.032 0.014166666666666668 0.029666666666666668 0.09516666666666666 0.3706666666666667 0.016166666666666666 0.37816666666666665 0.12433333333333332 0.5658333333333332 0.6141666666666666 0.2833333333333333 0.2568333333333333 0.391 0.3856666666666666 0.8924999999999998 0.8330000000000001 0.9186666666666663 0.7651666666666666 0.7853333333333332 0.7608333333333335 0.5378333333333334 0.0195 0.7069999999999999 0.4591666666666667 0.43516666666666665 0.013500000000000002 
0.39933333333333315 0.2801666666666667 0.39116666666666666 0.3913333333333333 0.42999999999999994 0.3701666666666666 0.7350000000000001 0.3913333333333333 0.2376666666666667 0.5415000000000001 0.4056666666666668 0.5454999999999999 0.3811666666666668 0.3826666666666669 0.32233333333333336 0.31633333333333324 0.3720000000000001 0.3930000000000001 1.0 0.7735 0.44633333333333325 0.37616666666666654 0.39049999999999996 0.391 0.392 0.3951666666666667 0.4015000000000001 0.41950000000000004 0.4336666666666666 0.3858333333333334 0.45216666666666666 0.4191666666666665 0.5671666666666666 0.41116666666666674 0.40366666666666673 0.4043333333333335 0.1685 0.18849999999999995 0.4216666666666667 0.4243333333333333 0.24266666666666675 0.28150000000000003 0.41416666666666674 0.40266666666666673 0.4650000000000001 0.5780000000000001 0.1361666666666667 0.4315000000000001 0.1996666666666667 0.5583333333333333 0.2076666666666667 0.6609999999999999 0.08933333333333335 0.30516666666666653 0.14750000000000005 0.461 0.39966666666666667 0.18683333333333338 0.5858333333333333 0.5501666666666665 0.4978333333333332 0.3783333333333334 0.33766666666666667 0.33299999999999996 0.42916666666666664 0.42 0.44616666666666666 0.5113333333333334 0.9136666666666666 0.4256666666666667 0.7766666666666667 0.524 0.6808333333333333 0.4696666666666666 0.599 0.5163333333333333 0.7778333333333333 0.7914999999999998 0.39033333333333337 0.3363333333333334 0.4206666666666667 0.19383333333333336 0.28683333333333333 0.2526666666666666 0.12166666666666667 0.42083333333333334 0.33116666666666666 0.0675 0.31800000000000006 0.4241666666666667 
0.20416666666666664 0.13833333333333336 0.4443333333333336 0.5535000000000002 0.5828333333333333 0.4200000000000001 0.7186666666666666 0.5644999999999998 0.10066666666666664 0.5391666666666665 0.21016666666666672 0.3618333333333334 0.18700000000000003 0.18916666666666668 0.13033333333333333 0.18016666666666672 0.177 0.23549999999999993 0.7735 1.0 0.6360000000000001 0.5503333333333333 0.44483333333333347 0.4874999999999999 0.5488333333333333 0.5536666666666666 0.5663333333333334 0.5935000000000002 0.24416666666666678 0.20550000000000007 0.5066666666666667 0.49033333333333323 0.5206666666666666 0.3446666666666666 0.5716666666666669 0.5731666666666669 0.3001666666666667 0.3143333333333334 0.44049999999999984 0.6000000000000001 0.10566666666666669 0.3066666666666667 0.39883333333333326 0.4456666666666667 0.46366666666666684 0.6864999999999999 0.09733333333333334 0.43799999999999994 0.18700000000000006 0.5429999999999999 0.24333333333333346 0.5746666666666664 0.114 0.2866666666666667 0.18933333333333333 0.5861666666666668 0.20550000000000004 0.11766666666666664 0.40516666666666656 0.6730000000000003 0.31633333333333336 0.3213333333333333 0.2731666666666667 0.27166666666666667 0.5806666666666666 0.5938333333333335 0.6266666666666667 0.7028333333333332 0.8268333333333334 0.6021666666666668 0.7188333333333331 0.7220000000000002 0.5488333333333333 0.3671666666666667 0.6663333333333334 0.4411666666666666 0.6521666666666667 0.6671666666666667 0.1996666666666667 0.142 0.24100000000000005 0.1048333333333333 0.1236666666666667 0.09816666666666668 0.15116666666666667 0.589 0.14766666666666667 0.18116666666666678 0.40800000000000014 0.598166666666667 
0.021500000000000005 0.2053333333333333 0.6866666666666664 0.8348333333333333 0.6788333333333335 0.6881666666666668 0.4703333333333333 0.8211666666666669 0.07433333333333332 0.3718333333333333 0.024500000000000008 0.18883333333333333 0.024833333333333332 0.03683333333333333 0.020166666666666666 0.02516666666666667 0.02316666666666667 0.11116666666666668 0.44633333333333325 0.6360000000000001 1.0 0.8656666666666665 0.6970000000000001 0.7468333333333333 0.8109999999999998 0.8135000000000001 0.8284999999999999 0.8571666666666665 0.06633333333333331 0.04549999999999999 0.6748333333333334 0.7419999999999995 0.2918333333333333 0.11333333333333334 0.8345000000000004 0.8346666666666668 0.45866666666666644 0.5078333333333331 0.49183333333333334 0.8544999999999999 0.030500000000000006 0.5353333333333334 0.3323333333333334 0.5745 0.3785 0.5831666666666667 0.04183333333333335 0.5688333333333335 0.14399999999999996 0.4001666666666667 0.48183333333333345 0.36666666666666664 0.18850000000000006 0.5278333333333333 0.15750000000000003 0.7896666666666664 0.040999999999999995 0.2868333333333334 0.20683333333333323 0.5183333333333334 0.12516666666666662 0.13583333333333333 0.0818333333333333 0.08216666666666665 0.8319999999999999 0.8608333333333333 0.8616666666666665 0.8753333333333333 0.49450000000000005 0.8610000000000001 0.6181666666666668 0.8521666666666665 0.3659999999999998 0.18 0.6516666666666666 0.3534999999999999 0.5840000000000001 0.5898333333333335 0.044 0.022166666666666668 0.06316666666666665 0.19266666666666665 0.021833333333333337 0.019333333333333334 0.2941666666666667 0.8440000000000001 0.05233333333333332 0.3998333333333333 0.3845000000000001 0.8566666666666666 
0.021999999999999992 0.2415 0.7613333333333333 0.9108333333333334 0.5764999999999997 0.7521666666666667 0.39116666666666666 0.8356666666666668 0.1398333333333333 0.28449999999999986 0.024499999999999994 0.16849999999999998 0.021666666666666664 0.032833333333333325 0.019833333333333335 0.020666666666666663 0.019833333333333335 0.032833333333333325 0.37616666666666654 0.5503333333333333 0.8656666666666665 1.0 0.7705000000000003 0.8211666666666667 0.8858333333333335 0.888 0.8988333333333334 0.9329999999999997 0.02 0.019833333333333335 0.5693333333333335 0.6928333333333334 0.1984999999999999 0.05383333333333334 0.9076666666666666 0.9083333333333333 0.5529999999999999 0.6108333333333331 0.5148333333333335 0.9306666666666665 0.019500000000000003 0.44066666666666665 0.32133333333333325 0.6476666666666665 0.35766666666666663 0.5543333333333333 0.02633333333333333 0.648 0.16600000000000004 0.3783333333333334 0.5694999999999998 0.3493333333333333 0.18483333333333335 0.5926666666666666 0.13583333333333333 0.8675 0.02 0.30866666666666664 0.1625 0.4553333333333335 0.07983333333333334 0.08433333333333336 0.02083333333333333 0.020499999999999997 0.9075 0.9363333333333331 0.898 0.8191666666666666 0.40800000000000003 0.9279999999999995 0.5106666666666666 0.7503333333333332 0.27466666666666667 0.14866666666666667 0.5468333333333334 0.3356666666666668 0.4826666666666668 0.48133333333333317 0.02233333333333333 0.021666666666666664 0.019833333333333335 0.2088333333333334 0.019500000000000003 0.019500000000000003 0.3886666666666667 0.9191666666666667 0.05233333333333332 0.49666666666666665 0.4688333333333333 0.9314999999999997 
0.0016666666666666666 0.22316666666666662 0.9763333333333337 0.8551666666666665 0.5220000000000001 0.9339999999999999 0.5589999999999999 0.7026666666666668 0.13283333333333333 0.4408333333333335 0.005666666666666666 0.12716666666666665 0.0003333333333333333 0.001 0.0015 0.06800000000000002 0.0 0.010666666666666666 0.39049999999999996 0.44483333333333347 0.6970000000000001 0.7705000000000003 1.0 0.9469999999999998 0.8823333333333332 0.8804999999999998 0.8645000000000002 0.835666666666667 0.0 0.009666666666666667 0.7891666666666666 0.8958333333333333 0.3523333333333332 0.14883333333333332 0.8591666666666669 0.859666666666667 0.4041666666666666 0.47683333333333344 0.47483333333333333 0.8288333333333336 0.028833333333333336 0.5961666666666667 0.5271666666666668 0.8575000000000002 0.5531666666666668 0.5006666666666666 0.1663333333333334 0.8420000000000001 0.33616666666666667 0.5928333333333332 0.6951666666666667 0.5288333333333334 0.3221666666666666 0.6181666666666664 0.12466666666666663 0.7841666666666667 0.0 0.236 0.12350000000000003 0.31750000000000006 0.04716666666666667 0.12783333333333335 0.09400000000000003 0.09449999999999999 0.8303333333333336 0.8268333333333335 0.8043333333333333 0.6873333333333334 0.4113333333333334 0.8243333333333329 0.517 0.6376666666666666 0.32783333333333325 0.2728333333333333 0.4829999999999999 0.5056666666666666 0.5328333333333332 0.5158333333333331 0.002 0.0024999999999999996 0.0016666666666666668 0.16349999999999998 0.018500000000000006 0.024 0.28850000000000015 0.8298333333333333 0.039166666666666676 0.3573333333333333 0.32766666666666666 0.8296666666666668 
0.0013333333333333333 0.22516666666666665 0.9356666666666666 0.903166666666667 0.5691666666666666 0.8991666666666664 0.527 0.7525 0.11466666666666665 0.40366666666666673 0.0051666666666666675 0.12816666666666665 0.00016666666666666666 0.0015000000000000002 0.0006666666666666666 0.05383333333333333 0.0 0.012666666666666666 0.391 0.4874999999999999 0.7468333333333333 0.8211666666666667 0.9469999999999998 1.0 0.9303333333333331 0.9281666666666668 0.9115000000000002 0.8856666666666666 0.0 0.006 0.7388333333333332 0.8605000000000002 0.3271666666666666 0.12466666666666665 0.9075000000000003 0.9073333333333337 0.4529999999999999 0.5233333333333333 0.5083333333333334 0.8775000000000002 0.007000000000000001 0.5461666666666666 0.48 0.8114999999999999 0.5111666666666668 0.5213333333333334 0.11750000000000002 0.7983333333333331 0.2878333333333333 0.5454999999999999 0.6561666666666666 0.5053333333333333 0.27599999999999997 0.6213333333333333 0.12949999999999998 0.8309999999999998 0.0 0.24383333333333337 0.12383333333333335 0.3478333333333333 0.04766666666666668 0.1061666666666667 0.072 0.07133333333333333 0.8791666666666668 0.8768333333333334 0.8533333333333332 0.7379999999999999 0.41233333333333333 0.8740000000000001 0.5156666666666667 0.6868333333333334 0.3266666666666667 0.26 0.5196666666666666 0.4866666666666667 0.5309999999999998 0.5146666666666665 0.0025 0.002833333333333333 0.0011666666666666668 0.1838333333333334 0.0055000000000000005 0.006666666666666669 0.33116666666666683 0.8785000000000001 0.03616666666666666 0.406 0.37449999999999994 0.8790000000000002 
