1.0 0.5036666666666666 0.24566666666666667 0.15933333333333333 0.26000000000000006 0.26000000000000006 0.5611666666666667 0.689 0.7355000000000002 0.6914999999999998 0.6728333333333333 0.7195 0.6679999999999999 0.7078333333333333 0.4881666666666666 0.7880000000000001 0.6311666666666668 0.4 0.8263333333333334 0.6293333333333334 0.017666666666666674 0.11633333333333333 0.24583333333333324 0.24966666666666668 0.02066666666666667 0.0011666666666666668 0.2106666666666667 0.19749999999999993 0.7143333333333334 0.6105 0.2813333333333334 0.2496666666666666 0.5223333333333332 0.6373333333333333 0.015000000000000005 0.03333333333333332 0.0825 0.0065000000000000014 0.2518333333333334 0.2093333333333333 0.3663333333333334 0.3735 0.0003333333333333333 0.0008333333333333333 0.016 0.4281666666666667 0.026166666666666668 0.00016666666666666666 0.020166666666666666 0.0003333333333333333 0.22100000000000009 0.006 0.08333333333333334 0.07300000000000001 0.00016666666666666666 0.0003333333333333333 0.22316666666666674 0.0635 0.7291666666666667 0.7161666666666668 0.7301666666666666 0.7290000000000002 0.7225000000000001 0.7225000000000001 0.6666666666666667 0.2616666666666667 0.2581666666666667 0.2658333333333334 0.44933333333333314 0.4395000000000001 0.3238333333333334 0.3728333333333333 0.7536666666666667 0.7493333333333335 0.7428333333333336 0.7406666666666669 0.20983333333333332 0.2479999999999999 0.24050000000000002 0.365 0.6039999999999999 0.6674999999999999 0.6801666666666665 0.7198333333333333 0.1954999999999999 0.0016666666666666666 0.2610000000000001 0.28966666666666674 0.2625 0.2625 
0.5036666666666666 1.0 0.09016666666666669 0.07016666666666667 0.10183333333333337 0.11299999999999999 0.3108333333333333 0.43799999999999994 0.5345 0.5186666666666667 0.418 0.46516666666666645 0.4173333333333333 0.44916666666666666 0.2606666666666666 0.5773333333333333 0.7113333333333334 0.8673333333333333 0.6678333333333333 0.8523333333333334 0.07483333333333335 0.05199999999999999 0.08700000000000001 0.09250000000000004 0.0715 0.277 0.11500000000000002 0.13149999999999998 0.5486666666666665 0.8028333333333333 0.1113333333333333 0.08950000000000002 0.49816666666666654 0.4889999999999997 0.06066666666666667 0.04366666666666667 0.4115 0.27516666666666667 0.11033333333333335 0.2343333333333334 0.23949999999999994 0.08133333333333333 0.46983333333333344 0.4721666666666666 0.4778333333333334 0.8953333333333332 0.498 0.4673333333333333 0.4905 0.4709999999999999 0.018000000000000002 0.38583333333333336 0.5561666666666667 0.5431666666666667 0.4666666666666668 0.4705 0.6888333333333333 0.5328333333333334 0.47199999999999986 0.49983333333333335 0.4708333333333332 0.4706666666666664 0.47683333333333316 0.47016666666666646 0.4171666666666667 0.015833333333333335 0.019166666666666672 0.02066666666666667 0.9186666666666666 0.8483333333333333 0.14183333333333337 0.18933333333333333 0.5313333333333334 0.5306666666666667 0.5295000000000001 0.5238333333333334 0.10600000000000004 0.09116666666666669 0.6993333333333334 0.8298333333333336 0.8016666666666667 0.7446666666666666 0.6556666666666667 0.6181666666666665 0.0921666666666667 0.28583333333333333 0.13133333333333336 0.16966666666666666 0.017833333333333333 0.0165 
0.24566666666666667 0.09016666666666669 1.0 0.9041666666666669 0.4558333333333333 0.4626666666666665 0.16666666666666663 0.0525 0.004 0.044666666666666674 0.08483333333333334 0.032166666666666684 0.07816666666666668 0.06633333333333334 0.7116666666666666 0.09116666666666663 0.0031666666666666666 0.09833333333333334 0.25416666666666665 0.20033333333333336 0.7373333333333332 0.6315000000000001 0.9861666666666669 0.9868333333333337 0.7651666666666667 0.7151666666666666 0.5211666666666668 0.5348333333333334 0.0025 0.00016666666666666666 0.9118333333333333 0.9853333333333337 0.16433333333333333 0.04449999999999999 0.7613333333333331 0.6963333333333332 0.45166666666666666 0.7040000000000001 0.4818333333333334 0.4940000000000001 0.7141666666666667 0.6876666666666666 0.5235 0.52 0.5046666666666667 0.11133333333333334 0.4566666666666667 0.5313333333333334 0.47383333333333355 0.5178333333333334 0.5343333333333333 0.5715 0.37083333333333335 0.38566666666666677 0.5356666666666668 0.5216666666666667 0.23916666666666667 0.4103333333333334 0.0045 0.001 0.004166666666666667 0.004333333333333333 0.0016666666666666668 0.004666666666666666 0.07866666666666668 0.49316666666666675 0.47216666666666673 0.4646666666666668 0.0915 0.12566666666666662 0.8638333333333335 0.8028333333333333 0.43416666666666687 0.43133333333333346 0.45399999999999996 0.44233333333333336 0.8705000000000003 0.9786666666666671 0.25866666666666666 0.1128333333333333 0.0045 0.0 0.012333333333333332 0.00016666666666666666 0.9306666666666669 0.7169999999999999 0.4205 0.3886666666666667 0.49416666666666664 0.49450000000000005 
0.15933333333333333 0.07016666666666667 0.9041666666666669 1.0 0.4989999999999999 0.5016666666666666 0.25449999999999995 0.1398333333333333 0.04750000000000001 0.08816666666666664 0.17083333333333328 0.11783333333333333 0.16616666666666668 0.14983333333333332 0.6243333333333334 0.07566666666666666 0.03666666666666667 0.09833333333333333 0.16699999999999998 0.149 0.8234999999999999 0.7151666666666666 0.9041666666666669 0.9025000000000002 0.8263333333333334 0.7303333333333333 0.562 0.5738333333333334 0.05299999999999999 0.0003333333333333333 0.8375 0.9031666666666665 0.2475 0.12699999999999995 0.8421666666666667 0.7836666666666666 0.45066666666666655 0.7083333333333331 0.5193333333333334 0.5066666666666667 0.6474999999999999 0.6326666666666666 0.5221666666666668 0.519 0.4996666666666668 0.11133333333333334 0.456 0.53 0.47283333333333355 0.5165 0.6158333333333335 0.5953333333333333 0.37066666666666676 0.3855000000000001 0.5348333333333336 0.5208333333333336 0.23466666666666672 0.41 0.08866666666666666 0.06566666666666668 0.08866666666666667 0.08733333333333335 0.076 0.08783333333333335 0.16633333333333333 0.5785 0.5598333333333332 0.5513333333333333 0.09516666666666668 0.15533333333333338 0.7780000000000002 0.7155000000000002 0.34700000000000003 0.3453333333333333 0.36733333333333335 0.3545 0.8276666666666666 0.8958333333333335 0.25766666666666665 0.11333333333333329 0.004 0.0 0.03200000000000001 0.022333333333333337 0.8723333333333335 0.7428333333333331 0.45783333333333326 0.425 0.5748333333333332 0.5795000000000001 
0.26000000000000006 0.10183333333333337 0.4558333333333333 0.4989999999999999 1.0 0.9716666666666672 0.5381666666666667 0.42750000000000016 0.4843333333333332 0.5086666666666667 0.44483333333333325 0.41633333333333344 0.44599999999999995 0.42716666666666664 0.3193333333333333 0.3325 0.19133333333333336 0.1325 0.09933333333333333 0.013333333333333334 0.5885 0.7141666666666666 0.45549999999999996 0.4568333333333333 0.6161666666666666 0.5771666666666666 0.9191666666666666 0.8979999999999998 0.3531666666666668 0.2676666666666667 0.41700000000000004 0.45483333333333326 0.19750000000000004 0.31433333333333335 0.5963333333333333 0.6360000000000001 0.6533333333333333 0.5943333333333333 0.9528333333333334 0.8101666666666667 0.33849999999999997 0.7261666666666668 0.5566666666666668 0.5521666666666669 0.5211666666666667 0.13349999999999998 0.4898333333333333 0.5633333333333332 0.507 0.553 0.8258333333333333 0.6079999999999999 0.40366666666666684 0.4161666666666667 0.5708333333333333 0.554 0.25550000000000006 0.43966666666666654 0.4080000000000002 0.4341666666666667 0.4076666666666668 0.4086666666666668 0.4053333333333334 0.4015000000000002 0.4476666666666667 0.8635 0.8405000000000001 0.8353333333333332 0.11299999999999999 0.06683333333333334 0.3624999999999999 0.2995 0.018000000000000002 0.018666666666666668 0.009000000000000001 0.011 0.5066666666666668 0.44983333333333336 0.3073333333333333 0.151 0.23266666666666658 0.3278333333333335 0.31066666666666665 0.42233333333333334 0.5163333333333332 0.5166666666666666 0.9450000000000003 0.9038333333333333 0.8704999999999999 0.863 
0.26000000000000006 0.11299999999999999 0.4626666666666665 0.5016666666666666 0.9716666666666672 1.0 0.5320000000000001 0.4213333333333334 0.4756666666666666 0.5241666666666666 0.4388333333333332 0.40700000000000003 0.44066666666666654 0.4219999999999999 0.3193333333333333 0.34450000000000003 0.18949999999999992 0.13883333333333336 0.09916666666666667 0.013833333333333333 0.5831666666666666 0.7086666666666668 0.4616666666666665 0.46283333333333326 0.611 0.5948333333333331 0.9281666666666668 0.9143333333333331 0.3526666666666665 0.2796666666666667 0.4216666666666667 0.4618333333333332 0.18533333333333335 0.3026666666666666 0.5903333333333334 0.6301666666666668 0.6611666666666668 0.6036666666666666 0.9671666666666671 0.8241666666666668 0.33183333333333337 0.7193333333333334 0.5638333333333332 0.5595 0.5276666666666668 0.1456666666666667 0.49666666666666687 0.5691666666666667 0.5145000000000001 0.5605 0.8196666666666667 0.6193333333333334 0.4106666666666667 0.42316666666666664 0.5764999999999998 0.5616666666666668 0.26166666666666677 0.44683333333333336 0.3956666666666666 0.42216666666666675 0.3956666666666667 0.39683333333333337 0.39366666666666666 0.38966666666666666 0.4423333333333332 0.8575 0.8346666666666667 0.8293333333333329 0.12416666666666666 0.07950000000000002 0.3629999999999999 0.30033333333333334 0.018000000000000002 0.018666666666666668 0.009166666666666667 0.011 0.5021666666666668 0.4554999999999999 0.31316666666666665 0.15883333333333335 0.24516666666666675 0.34016666666666673 0.3239999999999999 0.43483333333333335 0.5216666666666667 0.535 0.9480000000000003 0.9078333333333332 0.8643333333333331 0.8573333333333335 
0.5611666666666667 0.3108333333333333 0.16666666666666663 0.25449999999999995 0.5381666666666667 0.5320000000000001 1.0 0.8555000000000001 0.7164999999999998 0.7446666666666667 0.8573333333333336 0.8329999999999997 0.8640000000000003 0.8381666666666665 0.24233333333333332 0.5813333333333334 0.5533333333333332 0.27233333333333337 0.3995 0.31016666666666665 0.4093333333333334 0.5208333333333336 0.16883333333333334 0.16299999999999998 0.35266666666666674 0.17566666666666664 0.49983333333333335 0.4808333333333333 0.7006666666666668 0.45083333333333314 0.14666666666666667 0.16450000000000004 0.5935000000000001 0.7091666666666666 0.38783333333333325 0.43983333333333346 0.19833333333333333 0.14016666666666663 0.5318333333333335 0.39983333333333326 0.04783333333333333 0.3076666666666667 0.11966666666666667 0.11100000000000003 0.1285 0.3203333333333333 0.136 0.127 0.13299999999999998 0.11383333333333331 0.6186666666666667 0.21700000000000003 0.1875 0.1751666666666667 0.11500000000000003 0.11533333333333333 0.21749999999999997 0.1415 0.8033333333333332 0.7589999999999999 0.8041666666666665 0.8024999999999999 0.7805 0.7961666666666667 0.8645000000000003 0.6671666666666667 0.6805000000000001 0.6858333333333333 0.30633333333333335 0.3806666666666667 0.1441666666666667 0.20183333333333334 0.31866666666666665 0.31916666666666665 0.30983333333333335 0.3151666666666667 0.15683333333333332 0.17083333333333328 0.15966666666666662 0.2951666666666666 0.4409999999999999 0.5086666666666667 0.5801666666666665 0.6296666666666666 0.15566666666666668 0.20200000000000007 0.4929999999999999 0.4650000000000001 0.6580000000000001 0.6665000000000001 
0.689 0.43799999999999994 0.0525 0.1398333333333333 0.42750000000000016 0.4213333333333334 0.8555000000000001 1.0 0.848 0.8736666666666665 0.9545000000000003 0.9568333333333335 0.960166666666667 0.9608333333333333 0.19616666666666663 0.7155000000000002 0.6873333333333332 0.38716666666666677 0.5263333333333334 0.4366666666666667 0.28433333333333344 0.40900000000000003 0.05416666666666667 0.04966666666666668 0.23916666666666667 0.06533333333333333 0.38733333333333336 0.3691666666666667 0.8358333333333334 0.5815 0.054000000000000006 0.05166666666666668 0.7285 0.8448333333333334 0.27183333333333326 0.3244999999999999 0.09050000000000004 0.030500000000000003 0.42016666666666674 0.2876666666666666 0.1565 0.20150000000000007 0.007666666666666667 0.006 0.013333333333333334 0.39599999999999985 0.02483333333333333 0.010333333333333337 0.024166666666666666 0.006333333333333334 0.5028333333333332 0.10533333333333332 0.08033333333333333 0.06933333333333333 0.007833333333333336 0.007166666666666666 0.2053333333333333 0.05966666666666666 0.9360000000000003 0.8929999999999998 0.9388333333333334 0.9380000000000002 0.9153333333333332 0.9318333333333335 0.9605000000000002 0.5518333333333336 0.549 0.5568333333333334 0.42716666666666664 0.461 0.04333333333333332 0.09216666666666669 0.447 0.44900000000000007 0.43900000000000006 0.44533333333333336 0.05050000000000001 0.052000000000000005 0.23883333333333337 0.3484999999999999 0.5746666666666667 0.6365000000000002 0.7155000000000001 0.7640000000000003 0.04333333333333333 0.08633333333333333 0.39700000000000024 0.41483333333333333 0.5413333333333334 0.5505000000000002 
0.7355000000000002 0.5345 0.004 0.04750000000000001 0.4843333333333332 0.4756666666666666 0.7164999999999998 0.848 1.0 0.911833333333333 0.8168333333333331 0.8800000000000001 0.821 0.8508333333333333 0.22916666666666663 0.8191666666666666 0.6864999999999999 0.4863333333333334 0.5743333333333333 0.4879999999999999 0.1515 0.2761666666666666 0.0045 0.004333333333333333 0.15183333333333332 0.09399999999999997 0.42833333333333345 0.4128333333333334 0.8509999999999996 0.7003333333333334 0.06149999999999998 0.004166666666666667 0.6884999999999999 0.805333333333333 0.14699999999999996 0.1886666666666667 0.16833333333333328 0.10499999999999998 0.4653333333333334 0.32683333333333336 0.17850000000000002 0.24466666666666673 0.08483333333333333 0.08616666666666667 0.08716666666666666 0.514 0.11166666666666668 0.08449999999999999 0.10533333333333329 0.08666666666666668 0.37650000000000006 0.12249999999999998 0.16899999999999998 0.15900000000000003 0.08666666666666666 0.08666666666666668 0.2981666666666666 0.14900000000000002 0.8951666666666667 0.9023333333333334 0.8975000000000003 0.8985000000000002 0.8961666666666668 0.8915000000000002 0.8216666666666665 0.41600000000000015 0.4138333333333335 0.4200000000000001 0.5290000000000001 0.49266666666666675 0.06333333333333332 0.111 0.49499999999999994 0.4966666666666667 0.4831666666666667 0.4798333333333332 0.051000000000000004 0.004333333333333333 0.33283333333333337 0.45133333333333325 0.696 0.755 0.802 0.8913333333333334 0.037 0.059000000000000004 0.4771666666666665 0.4983333333333333 0.42116666666666674 0.4158333333333335 
0.6914999999999998 0.5186666666666667 0.044666666666666674 0.08816666666666664 0.5086666666666667 0.5241666666666666 0.7446666666666667 0.8736666666666665 0.911833333333333 1.0 0.8498333333333331 0.8615 0.8548333333333331 0.8785000000000001 0.19450000000000003 0.778 0.6245 0.4949999999999997 0.529 0.4430000000000001 0.17749999999999996 0.29916666666666675 0.04483333333333334 0.043500000000000004 0.18416666666666667 0.15133333333333332 0.47916666666666674 0.4706666666666668 0.7886666666666664 0.6866666666666668 0.04383333333333333 0.04450000000000002 0.6245 0.741166666666667 0.17466666666666664 0.21500000000000008 0.1953333333333333 0.1343333333333333 0.5206666666666666 0.3850000000000001 0.18899999999999997 0.258 0.11016666666666668 0.10900000000000003 0.10883333333333337 0.5060000000000001 0.12833333333333338 0.11283333333333335 0.12700000000000003 0.11083333333333335 0.40366666666666684 0.18133333333333332 0.18333333333333332 0.1728333333333333 0.11233333333333335 0.11033333333333337 0.30700000000000005 0.163 0.8325000000000001 0.8446666666666668 0.8345 0.8363333333333333 0.8296666666666667 0.8281666666666667 0.8546666666666662 0.44249999999999995 0.43949999999999984 0.44716666666666677 0.5235 0.47900000000000004 0.03833333333333332 0.08800000000000001 0.44933333333333336 0.4501666666666667 0.44083333333333335 0.44800000000000006 0.04916666666666667 0.04450000000000001 0.3495000000000001 0.45666666666666655 0.6669999999999999 0.7436666666666667 0.7580000000000001 0.8578333333333333 0.08500000000000002 0.11600000000000003 0.5015000000000001 0.5225000000000001 0.44849999999999995 0.444 
0.6728333333333333 0.418 0.08483333333333334 0.17083333333333328 0.44483333333333325 0.4388333333333332 0.8573333333333336 0.9545000000000003 0.8168333333333331 0.8498333333333331 1.0 0.931 0.9841666666666672 0.9478333333333332 0.17783333333333332 0.6863333333333332 0.6515 0.38316666666666666 0.5100000000000001 0.41899999999999993 0.30699999999999994 0.4233333333333333 0.08633333333333333 0.08000000000000002 0.2600000000000001 0.08283333333333336 0.40716666666666673 0.38850000000000007 0.7975000000000001 0.5556666666666665 0.05366666666666666 0.08150000000000002 0.6903333333333335 0.8063333333333331 0.2944999999999999 0.34566666666666657 0.10783333333333339 0.049166666666666664 0.4396666666666667 0.3086666666666666 0.17283333333333345 0.21833333333333324 0.021333333333333333 0.015500000000000003 0.0215 0.3741666666666667 0.02516666666666667 0.027833333333333342 0.028166666666666663 0.015666666666666672 0.5248333333333334 0.12516666666666668 0.07433333333333335 0.06316666666666668 0.024 0.018000000000000006 0.2026666666666667 0.052333333333333336 0.8999999999999997 0.8589999999999999 0.9013333333333331 0.899833333333333 0.8776666666666665 0.8933333333333331 0.9830000000000005 0.5728333333333333 0.5710000000000001 0.5776666666666666 0.40833333333333344 0.4388333333333332 0.04266666666666666 0.09033333333333332 0.4306666666666667 0.43133333333333346 0.42216666666666675 0.42966666666666675 0.07233333333333333 0.08400000000000002 0.24633333333333332 0.34099999999999997 0.5423333333333333 0.6138333333333335 0.6794999999999999 0.7308333333333333 0.06800000000000003 0.11166666666666666 0.4000000000000002 0.42249999999999993 0.5654999999999999 0.5734999999999999 
0.7195 0.46516666666666645 0.032166666666666684 0.11783333333333333 0.41633333333333344 0.40700000000000003 0.8329999999999997 0.9568333333333335 0.8800000000000001 0.8615 0.931 1.0 0.9373333333333334 0.9525000000000002 0.21333333333333332 0.7418333333333336 0.7105000000000001 0.3995000000000001 0.5568333333333333 0.4673333333333332 0.2663333333333333 0.385 0.03366666666666668 0.02833333333333334 0.21549999999999994 0.04183333333333333 0.3703333333333334 0.3518333333333333 0.858166666666667 0.6068333333333332 0.040999999999999995 0.02966666666666667 0.7480000000000001 0.8643333333333335 0.2501666666666666 0.3014999999999999 0.08433333333333332 0.023000000000000003 0.40266666666666656 0.2695 0.15400000000000005 0.19700000000000006 0.0016666666666666666 0.0016666666666666666 0.008666666666666666 0.4236666666666667 0.02483333333333333 0.0023333333333333335 0.020333333333333335 0.0013333333333333333 0.48083333333333317 0.08366666666666667 0.08216666666666667 0.07166666666666666 0.0023333333333333335 0.0015 0.21599999999999997 0.06250000000000001 0.9578333333333338 0.9136666666666666 0.9586666666666668 0.9590000000000002 0.9351666666666665 0.9511666666666666 0.9390000000000001 0.5291666666666669 0.5266666666666668 0.5328333333333335 0.45416666666666655 0.49266666666666664 0.04933333333333333 0.09833333333333334 0.47749999999999987 0.4779999999999998 0.46849999999999986 0.46566666666666656 0.04133333333333335 0.03100000000000001 0.247 0.3643333333333334 0.5993333333333333 0.6633333333333334 0.7410000000000001 0.7900000000000001 0.02250000000000001 0.071 0.3948333333333334 0.41450000000000015 0.5211666666666669 0.5285000000000002 
0.6679999999999999 0.4173333333333333 0.07816666666666668 0.16616666666666668 0.44599999999999995 0.44066666666666654 0.8640000000000003 0.960166666666667 0.821 0.8548333333333331 0.9841666666666672 0.9373333333333334 1.0 0.9506666666666663 0.17199999999999996 0.6861666666666667 0.6578333333333332 0.38416666666666655 0.5048333333333335 0.4151666666666667 0.31150000000000005 0.42916666666666664 0.08016666666666668 0.07400000000000001 0.263 0.0855 0.40916666666666673 0.3903333333333333 0.8043333333333333 0.5573333333333332 0.049666666666666665 0.07583333333333335 0.6970000000000001 0.8126666666666664 0.29949999999999993 0.3495 0.10733333333333336 0.04866666666666666 0.44116666666666665 0.30949999999999994 0.17033333333333334 0.21649999999999994 0.020999999999999998 0.015333333333333336 0.022 0.37549999999999994 0.024166666666666666 0.027333333333333334 0.0285 0.015833333333333335 0.5301666666666668 0.12666666666666665 0.07433333333333333 0.06316666666666668 0.023499999999999993 0.018000000000000002 0.20350000000000001 0.05333333333333332 0.9071666666666666 0.8640000000000001 0.9079999999999998 0.9061666666666665 0.8846666666666665 0.8996666666666664 0.9896666666666671 0.5771666666666667 0.5748333333333333 0.5823333333333334 0.4091666666666666 0.44266666666666665 0.035 0.08383333333333334 0.42583333333333323 0.42650000000000005 0.4168333333333333 0.4248333333333333 0.06633333333333334 0.07800000000000003 0.24783333333333338 0.3418333333333332 0.5459999999999998 0.6154999999999999 0.6846666666666666 0.7344999999999999 0.06566666666666669 0.11366666666666665 0.4020000000000002 0.4235000000000001 0.5686666666666668 0.578 
0.7078333333333333 0.44916666666666666 0.06633333333333334 0.14983333333333332 0.42716666666666664 0.4219999999999999 0.8381666666666665 0.9608333333333333 0.8508333333333333 0.8785000000000001 0.9478333333333332 0.9525000000000002 0.9506666666666663 1.0 0.21016666666666659 0.7251666666666668 0.67 0.39083333333333337 0.5456666666666665 0.4556666666666666 0.2724999999999999 0.3906666666666667 0.0675 0.06249999999999999 0.22799999999999992 0.06150000000000002 0.3883333333333333 0.3703333333333333 0.8189999999999997 0.5840000000000001 0.06199999999999999 0.06366666666666665 0.7076666666666667 0.824 0.2591666666666666 0.30833333333333335 0.08966666666666669 0.030000000000000006 0.4208333333333332 0.2886666666666667 0.16716666666666669 0.20166666666666672 0.006500000000000001 0.005333333333333333 0.012666666666666666 0.4006666666666668 0.024 0.008666666666666666 0.023666666666666666 0.005333333333333333 0.4903333333333334 0.10233333333333333 0.07883333333333334 0.06749999999999999 0.006666666666666669 0.006 0.20783333333333334 0.05783333333333332 0.9166666666666667 0.8821666666666669 0.9183333333333333 0.9191666666666669 0.896166666666667 0.9110000000000003 0.949 0.5355000000000001 0.5325000000000003 0.5391666666666668 0.43166666666666664 0.4558333333333333 0.05499999999999999 0.10416666666666666 0.4658333333333334 0.4665000000000001 0.45716666666666667 0.4645 0.06133333333333332 0.06533333333333333 0.24416666666666667 0.3523333333333333 0.5726666666666668 0.6410000000000002 0.7038333333333334 0.7628333333333334 0.04533333333333333 0.08583333333333334 0.39866666666666684 0.41900000000000015 0.5325000000000003 0.5375000000000003 
0.4881666666666666 0.2606666666666666 0.7116666666666666 0.6243333333333334 0.3193333333333333 0.3193333333333333 0.24233333333333332 0.19616666666666663 0.22916666666666663 0.19450000000000003 0.17783333333333332 0.21333333333333332 0.17199999999999996 0.21016666666666659 1.0 0.3386666666666667 0.22049999999999997 0.14550000000000002 0.4871666666666667 0.38283333333333347 0.45566666666666655 0.3611666666666666 0.7123333333333332 0.7143333333333334 0.4846666666666665 0.447 0.313 0.3078333333333335 0.22650000000000006 0.20966666666666664 0.7471666666666665 0.7151666666666668 0.3679999999999999 0.2518333333333333 0.4788333333333333 0.4430000000000001 0.3166666666666666 0.4726666666666667 0.3221666666666667 0.32716666666666666 0.5958333333333333 0.5695 0.29716666666666663 0.3016666666666667 0.28983333333333333 0.20666666666666664 0.2761666666666666 0.2966666666666666 0.2656666666666667 0.2973333333333334 0.3319999999999999 0.306 0.2801666666666666 0.2938333333333334 0.30433333333333334 0.3 0.2045 0.32349999999999995 0.22283333333333327 0.21416666666666673 0.22383333333333333 0.22249999999999992 0.222 0.22016666666666665 0.17016666666666666 0.32099999999999995 0.3048333333333332 0.2936666666666665 0.201 0.2144999999999999 0.7796666666666665 0.7843333333333333 0.661 0.6579999999999999 0.6559999999999999 0.6614999999999999 0.6834999999999998 0.7083333333333333 0.14 0.16416666666666666 0.2183333333333333 0.205 0.24783333333333332 0.2173333333333333 0.6621666666666667 0.433 0.32133333333333325 0.32616666666666666 0.3218333333333333 0.3218333333333333 
0.7880000000000001 0.5773333333333333 0.09116666666666663 0.07566666666666666 0.3325 0.34450000000000003 0.5813333333333334 0.7155000000000002 0.8191666666666666 0.778 0.6863333333333332 0.7418333333333336 0.6861666666666667 0.7251666666666668 0.3386666666666667 1.0 0.6599999999999998 0.4968333333333333 0.6300000000000002 0.5488333333333335 0.06533333333333335 0.18233333333333332 0.09283333333333334 0.09433333333333334 0.05416666666666666 0.08766666666666667 0.31399999999999995 0.31366666666666676 0.8206666666666668 0.6988333333333333 0.16216666666666668 0.095 0.6313333333333335 0.7500000000000001 0.052666666666666674 0.1015 0.1485 0.09333333333333332 0.3388333333333334 0.24933333333333327 0.2456666666666667 0.2371666666666667 0.09383333333333335 0.09483333333333334 0.09683333333333337 0.5218333333333333 0.12016666666666666 0.09200000000000001 0.11383333333333337 0.09366666666666668 0.25383333333333336 0.07300000000000001 0.1771666666666667 0.16666666666666669 0.09250000000000001 0.09416666666666666 0.3058333333333334 0.1568333333333333 0.7609999999999999 0.774 0.764 0.7638333333333336 0.7801666666666667 0.77 0.6863333333333332 0.2784999999999999 0.281 0.2834999999999999 0.5499999999999999 0.5171666666666667 0.15966666666666673 0.20733333333333331 0.6246666666666667 0.6279999999999999 0.6043333333333334 0.6043333333333332 0.10933333333333332 0.0935 0.3370000000000001 0.46633333333333327 0.7029999999999997 0.7431666666666666 0.8435000000000001 0.8548333333333334 0.08649999999999995 0.07433333333333336 0.3481666666666667 0.3839999999999999 0.28166666666666673 0.2796666666666666 
0.6311666666666668 0.7113333333333334 0.0031666666666666666 0.03666666666666667 0.19133333333333336 0.18949999999999992 0.5533333333333332 0.6873333333333332 0.6864999999999999 0.6245 0.6515 0.7105000000000001 0.6578333333333332 0.67 0.22049999999999997 0.6599999999999998 1.0 0.6433333333333333 0.6501666666666667 0.6741666666666666 0.09666666666666664 0.13399999999999998 0.004 0.003 0.06533333333333335 0.15833333333333333 0.14400000000000002 0.13399999999999998 0.7988333333333333 0.8591666666666669 0.05716666666666666 0.002833333333333333 0.6089999999999998 0.6723333333333337 0.08383333333333334 0.09299999999999999 0.3146666666666667 0.13049999999999995 0.18566666666666667 0.3138333333333333 0.15733333333333335 0.16466666666666668 0.2389999999999999 0.2408333333333333 0.24766666666666662 0.6679999999999999 0.2666666666666667 0.23783333333333329 0.26 0.23949999999999996 0.20833333333333331 0.19699999999999995 0.3241666666666667 0.3141666666666667 0.23833333333333337 0.23999999999999996 0.4584999999999998 0.303 0.7436666666666669 0.7201666666666666 0.7433333333333336 0.7435 0.7455000000000002 0.7506666666666668 0.6578333333333332 0.2543333333333333 0.25266666666666665 0.26066666666666666 0.6948333333333333 0.7281666666666667 0.057666666666666665 0.10483333333333335 0.49800000000000005 0.5025000000000002 0.483 0.47783333333333333 0.007333333333333334 0.003 0.4840000000000002 0.6093333333333334 0.8670000000000002 0.8183333333333331 0.7468333333333335 0.7281666666666667 0.006333333333333334 0.1953333333333334 0.19616666666666668 0.2256666666666667 0.24333333333333326 0.25200000000000006 
0.4 0.8673333333333333 0.09833333333333334 0.09833333333333333 0.1325 0.13883333333333336 0.27233333333333337 0.38716666666666677 0.4863333333333334 0.4949999999999997 0.38316666666666666 0.3995000000000001 0.38416666666666655 0.39083333333333337 0.14550000000000002 0.4968333333333333 0.6433333333333333 1.0 0.5593333333333335 0.7391666666666665 0.11233333333333333 0.08866666666666667 0.09583333333333333 0.09966666666666667 0.13033333333333333 0.3500000000000001 0.16516666666666666 0.18366666666666667 0.48366666666666674 0.7691666666666667 0.10700000000000003 0.09716666666666667 0.43816666666666665 0.4231666666666666 0.10100000000000003 0.07583333333333331 0.4471666666666667 0.3611666666666667 0.13483333333333328 0.25783333333333336 0.31616666666666676 0.11450000000000005 0.5546666666666666 0.5628333333333333 0.5618333333333331 0.9073333333333333 0.6029999999999998 0.5466666666666666 0.5863333333333332 0.5586666666666666 0.029000000000000005 0.4374999999999997 0.6681666666666666 0.6573333333333331 0.5478333333333334 0.5581666666666666 0.7998333333333335 0.6443333333333332 0.4008333333333334 0.44733333333333336 0.3996666666666668 0.3995 0.41333333333333344 0.4023333333333333 0.3838333333333333 0.002 0.0025 0.006166666666666666 0.9111666666666668 0.8216666666666668 0.12050000000000002 0.16366666666666668 0.43716666666666654 0.4348333333333333 0.45316666666666655 0.43149999999999983 0.12316666666666666 0.09866666666666667 0.8018333333333334 0.9321666666666667 0.7575 0.7181666666666666 0.5816666666666667 0.5761666666666665 0.15400000000000003 0.3303333333333335 0.18366666666666664 0.2223333333333333 0.007333333333333334 0.0013333333333333333 
0.8263333333333334 0.6678333333333333 0.25416666666666665 0.16699999999999998 0.09933333333333333 0.09916666666666667 0.3995 0.5263333333333334 0.5743333333333333 0.529 0.5100000000000001 0.5568333333333333 0.5048333333333335 0.5456666666666665 0.4871666666666667 0.6300000000000002 0.6501666666666667 0.5593333333333335 1.0 0.7958333333333337 0.03233333333333333 0.03066666666666667 0.25249999999999995 0.2578333333333333 0.029166666666666653 0.03166666666666666 0.056999999999999995 0.048999999999999995 0.5553333333333332 0.6370000000000001 0.28683333333333333 0.2568333333333333 0.49416666666666664 0.5046666666666667 0.022833333333333327 0.010166666666666668 0.19083333333333338 0.021666666666666664 0.09233333333333332 0.13433333333333336 0.3718333333333333 0.27749999999999997 0.16333333333333336 0.16349999999999998 0.17916666666666667 0.5923333333333333 0.1905 0.16333333333333333 0.18333333333333324 0.1631666666666667 0.07283333333333333 0.16683333333333333 0.248 0.2345 0.16183333333333333 0.16266666666666668 0.3809999999999999 0.22299999999999995 0.568 0.5566666666666665 0.5676666666666667 0.5670000000000001 0.5624999999999999 0.5614999999999999 0.5040000000000002 0.10066666666666667 0.09799999999999999 0.10533333333333333 0.6148333333333336 0.6033333333333333 0.3335000000000001 0.381 0.7515000000000002 0.7471666666666669 0.7446666666666668 0.7396666666666667 0.21466666666666667 0.25899999999999995 0.4008333333333334 0.5241666666666667 0.6453333333333336 0.5843333333333331 0.5558333333333334 0.5606666666666666 0.20333333333333328 0.04849999999999999 0.10066666666666668 0.1295 0.1015 0.10166666666666668 
0.6293333333333334 0.8523333333333334 0.20033333333333336 0.149 0.013333333333333334 0.013833333333333333 0.31016666666666665 0.4366666666666667 0.4879999999999999 0.4430000000000001 0.41899999999999993 0.4673333333333332 0.4151666666666667 0.4556666666666666 0.38283333333333347 0.5488333333333335 0.6741666666666666 0.7391666666666665 0.7958333333333337 1.0 0.08500000000000002 0.06200000000000001 0.19783333333333336 0.2053333333333333 0.06833333333333332 0.18350000000000002 0.035166666666666666 0.04850000000000001 0.5143333333333336 0.6701666666666667 0.23383333333333345 0.2035 0.5109999999999999 0.5016666666666665 0.067 0.04983333333333333 0.27733333333333327 0.15866666666666668 0.018500000000000003 0.1418333333333333 0.29650000000000004 0.08500000000000003 0.34516666666666657 0.3461666666666665 0.3604999999999999 0.7746666666666665 0.3728333333333333 0.3454999999999999 0.36633333333333323 0.34599999999999986 0.018500000000000003 0.31166666666666676 0.4298333333333334 0.41766666666666663 0.3445 0.3446666666666666 0.5636666666666668 0.4055 0.4776666666666667 0.4716666666666665 0.4774999999999999 0.47649999999999987 0.4768333333333332 0.4748333333333332 0.4143333333333332 0.011666666666666669 0.014833333333333334 0.016500000000000004 0.8046666666666664 0.7861666666666669 0.2788333333333333 0.32699999999999996 0.6615000000000001 0.6556666666666667 0.6629999999999999 0.6538333333333334 0.17650000000000005 0.20449999999999996 0.5786666666666666 0.7030000000000004 0.691 0.612 0.5795000000000001 0.5136666666666667 0.14933333333333332 0.2133333333333333 0.017166666666666667 0.04833333333333334 0.012666666666666668 0.013000000000000003 
0.017666666666666674 0.07483333333333335 0.7373333333333332 0.8234999999999999 0.5885 0.5831666666666666 0.4093333333333334 0.28433333333333344 0.1515 0.17749999999999996 0.30699999999999994 0.2663333333333333 0.31150000000000005 0.2724999999999999 0.45566666666666655 0.06533333333333335 0.09666666666666664 0.11233333333333333 0.03233333333333333 0.08500000000000002 1.0 0.8578333333333334 0.7355000000000002 0.7334999999999998 0.9184999999999998 0.7291666666666667 0.6501666666666667 0.657 0.15116666666666664 0.006666666666666666 0.6753333333333333 0.7331666666666666 0.38533333333333336 0.2701666666666666 0.9460000000000001 0.9125 0.4528333333333333 0.6978333333333332 0.6001666666666665 0.5273333333333331 0.49300000000000005 0.5001666666666666 0.5420000000000001 0.5333333333333335 0.5183333333333333 0.1328333333333333 0.4780000000000001 0.5511666666666669 0.49500000000000016 0.5355 0.7495 0.6301666666666667 0.3925000000000001 0.4071666666666666 0.5411666666666667 0.5388333333333334 0.25433333333333336 0.41649999999999976 0.23516666666666663 0.20049999999999998 0.23399999999999996 0.23383333333333337 0.2195 0.23366666666666663 0.3126666666666666 0.7168333333333337 0.714 0.7051666666666668 0.11166666666666669 0.19333333333333327 0.625 0.5646666666666665 0.18500000000000008 0.18350000000000002 0.20500000000000007 0.19266666666666674 0.6958333333333334 0.7388333333333332 0.2803333333333334 0.13366666666666663 0.013666666666666669 0.004833333333333334 0.07900000000000001 0.0716666666666667 0.7218333333333332 0.7463333333333333 0.5366666666666666 0.49583333333333335 0.7085000000000001 0.7168333333333335 
0.11633333333333333 0.05199999999999999 0.6315000000000001 0.7151666666666666 0.7141666666666666 0.7086666666666668 0.5208333333333336 0.40900000000000003 0.2761666666666666 0.29916666666666675 0.4233333333333333 0.385 0.42916666666666664 0.3906666666666667 0.3611666666666666 0.18233333333333332 0.13399999999999998 0.08866666666666667 0.03066666666666667 0.06200000000000001 0.8578333333333334 1.0 0.6325 0.6273333333333333 0.8158333333333335 0.6386666666666665 0.7748333333333332 0.7808333333333337 0.27699999999999997 0.0375 0.5793333333333333 0.6286666666666668 0.3586666666666668 0.38116666666666665 0.8476666666666669 0.8841666666666665 0.45733333333333326 0.6046666666666666 0.7256666666666665 0.5908333333333335 0.3873333333333334 0.49349999999999994 0.5133333333333335 0.5095000000000001 0.48600000000000015 0.10216666666666668 0.4471666666666667 0.5195000000000003 0.4638333333333335 0.5075000000000001 0.8643333333333331 0.6154999999999999 0.36133333333333345 0.37533333333333346 0.5250000000000002 0.5116666666666667 0.22250000000000003 0.40066666666666656 0.3596666666666665 0.32433333333333325 0.36 0.36 0.34550000000000003 0.35983333333333334 0.43000000000000005 0.8375000000000001 0.8199999999999997 0.8114999999999997 0.08566666666666667 0.16016666666666665 0.5094999999999998 0.4470000000000001 0.08100000000000002 0.08049999999999999 0.10083333333333332 0.08883333333333336 0.6008333333333336 0.6251666666666666 0.25183333333333335 0.10300000000000002 0.04016666666666668 0.07633333333333332 0.1928333333333333 0.19666666666666668 0.6180000000000001 0.6591666666666666 0.6635000000000002 0.6226666666666669 0.8288333333333333 0.8381666666666667 
0.24583333333333324 0.08700000000000001 0.9861666666666669 0.9041666666666669 0.45549999999999996 0.4616666666666665 0.16883333333333334 0.05416666666666667 0.0045 0.04483333333333334 0.08633333333333333 0.03366666666666668 0.08016666666666668 0.0675 0.7123333333333332 0.09283333333333334 0.004 0.09583333333333333 0.25249999999999995 0.19783333333333336 0.7355000000000002 0.6325 1.0 0.9840000000000003 0.7605 0.7120000000000001 0.5196666666666667 0.5325000000000002 0.003333333333333333 0.0003333333333333333 0.9115000000000002 0.9828333333333338 0.1675 0.04666666666666666 0.7583333333333333 0.6976666666666667 0.4513333333333333 0.7029999999999997 0.48033333333333333 0.4923333333333334 0.7145000000000001 0.6866666666666668 0.5205000000000001 0.5171666666666668 0.5018333333333334 0.10916666666666672 0.45400000000000007 0.5283333333333335 0.4710000000000001 0.5148333333333334 0.5343333333333332 0.5675000000000001 0.3683333333333334 0.38300000000000006 0.5328333333333335 0.5190000000000001 0.23583333333333337 0.4078333333333334 0.005833333333333334 0.0015 0.006166666666666666 0.005666666666666666 0.003333333333333333 0.0055 0.08033333333333333 0.49283333333333346 0.4721666666666667 0.4646666666666668 0.08983333333333335 0.12383333333333332 0.8621666666666664 0.8023333333333332 0.4351666666666667 0.4325 0.4554999999999999 0.4436666666666666 0.8711666666666669 0.9778333333333338 0.2558333333333334 0.11033333333333334 0.004 0.0 0.011666666666666669 0.0003333333333333333 0.9273333333333335 0.7131666666666665 0.4201666666666666 0.38833333333333336 0.4931666666666667 0.4946666666666667 
0.24966666666666668 0.09250000000000004 0.9868333333333337 0.9025000000000002 0.4568333333333333 0.46283333333333326 0.16299999999999998 0.04966666666666668 0.004333333333333333 0.043500000000000004 0.08000000000000002 0.02833333333333334 0.07400000000000001 0.06249999999999999 0.7143333333333334 0.09433333333333334 0.003 0.09966666666666667 0.2578333333333333 0.2053333333333333 0.7334999999999998 0.6273333333333333 0.9840000000000003 1.0 0.7611666666666668 0.7176666666666667 0.5210000000000001 0.5359999999999999 0.0025 0.0 0.9145 0.9873333333333337 0.1625 0.043166666666666666 0.7564999999999997 0.6920000000000001 0.4530000000000001 0.7034999999999999 0.4830000000000001 0.4935 0.7136666666666666 0.6876666666666666 0.5249999999999999 0.5215000000000001 0.5061666666666668 0.1125 0.4581666666666668 0.5333333333333334 0.47533333333333355 0.5193333333333333 0.5305000000000001 0.5716666666666668 0.3721666666666667 0.3870000000000001 0.5376666666666668 0.5231666666666669 0.24016666666666672 0.4116666666666666 0.003833333333333333 0.001 0.004 0.003333333333333333 0.0023333333333333335 0.004 0.07416666666666667 0.49000000000000005 0.4685 0.46100000000000013 0.09100000000000001 0.12333333333333334 0.8690000000000001 0.8066666666666665 0.43683333333333346 0.4335000000000001 0.45666666666666667 0.4448333333333334 0.8723333333333333 0.9788333333333337 0.2605 0.11416666666666667 0.003833333333333333 0.0 0.012333333333333332 0.0005 0.9293333333333336 0.7148333333333334 0.42100000000000004 0.3891666666666667 0.49000000000000016 0.49066666666666675 
