1.0 0.55 0.6401666666666667 0.6596666666666665 0.36633333333333323 0.5561666666666667 0.7449999999999997 0.7483333333333333 0.7019999999999998 0.6694999999999998 0.7671666666666666 0.8256666666666671 0.8066666666666669 0.2535 0.40833333333333327 0.42050000000000004 0.24783333333333335 0.24783333333333332 0.5728333333333332 0.6741666666666667 0.0005 0.0003333333333333333 0.026333333333333337 0.005833333333333334 0.0 0.0 0.0 0.0 0.5833333333333334 0.4113333333333334 0.0003333333333333333 0.00016666666666666666 0.4936666666666667 0.3686666666666666 0.03633333333333333 0.06633333333333331 0.14366666666666672 0.11633333333333333 0.20099999999999996 0.1406666666666667 0.2486666666666667 0.24833333333333335 0.19399999999999995 0.004333333333333333 0.3461666666666666 0.4028333333333336 0.15666666666666662 0.023666666666666673 0.6008333333333331 0.3921666666666668 0.5061666666666669 0.44616666666666666 0.10866666666666668 0.07383333333333333 0.40800000000000014 0.16716666666666669 0.2903333333333334 0.4336666666666666 0.7289999999999998 0.4706666666666667 0.8101666666666668 0.7563333333333333 0.7793333333333335 0.7353333333333332 0.7536666666666667 0.7188333333333332 0.6436666666666666 0.6361666666666667 0.4888333333333334 0.2948333333333333 0.0953333333333333 0.27199999999999996 0.18483333333333327 0.25616666666666665 0.2383333333333333 0.2649999999999999 0.571 0.5481666666666666 0.19949999999999998 0.2493333333333333 0.248 0.1978333333333333 0.24766666666666665 0.2473333333333333 0.30199999999999994 0.31383333333333335 0.08283333333333331 0.058499999999999976 0.8035 0.42133333333333334 
0.55 1.0 0.24316666666666653 0.285 0.020000000000000004 0.17783333333333334 0.3005 0.30250000000000005 0.25449999999999995 0.24849999999999992 0.32083333333333336 0.38050000000000006 0.35966666666666663 0.18166666666666673 0.3825 0.09850000000000002 0.6623333333333334 0.6645000000000002 0.19916666666666674 0.3225 0.10383333333333333 0.09250000000000004 0.05383333333333334 0.053833333333333344 0.07366666666666666 0.07550000000000001 0.07516666666666666 0.07616666666666667 0.892833333333333 0.8281666666666667 0.10933333333333334 0.10966666666666669 0.8226666666666668 0.7413333333333334 0.05733333333333332 0.08733333333333336 0.22466666666666665 0.16383333333333333 0.38133333333333325 0.2381666666666667 0.6628333333333333 0.6555 0.2334999999999999 0.06533333333333334 0.31633333333333336 0.3035 0.23133333333333334 0.07933333333333335 0.5138333333333331 0.5326666666666666 0.6646666666666667 0.6973333333333334 0.15983333333333338 0.058833333333333356 0.46566666666666684 0.22033333333333335 0.721 0.8661666666666668 0.7844999999999998 0.7601666666666668 0.3641666666666667 0.31266666666666665 0.6996666666666669 0.7516666666666667 0.3116666666666667 0.3018333333333334 0.6861666666666667 0.6844999999999999 0.33849999999999986 0.25866666666666666 0.4073333333333331 0.3163333333333334 0.6124999999999998 0.688 0.5690000000000002 0.6483333333333334 0.3203333333333333 0.28416666666666673 0.40266666666666656 0.6231666666666668 0.6655000000000002 0.5896666666666668 0.6545000000000001 0.6381666666666669 0.045166666666666674 0.0703333333333333 0.1433333333333333 0.11699999999999994 0.358 0.013500000000000007 
0.6401666666666667 0.24316666666666653 1.0 0.8376666666666667 0.6306666666666667 0.7799999999999996 0.835166666666667 0.8046666666666669 0.8028333333333332 0.8463333333333335 0.7673333333333333 0.7308333333333333 0.7598333333333334 0.39883333333333326 0.2988333333333333 0.563 0.029166666666666664 0.032 0.7928333333333332 0.7865000000000005 0.20650000000000002 0.20750000000000005 0.2883333333333333 0.24583333333333335 0.22000000000000003 0.21816666666666668 0.21883333333333335 0.21783333333333338 0.30749999999999994 0.15233333333333335 0.22216666666666673 0.22050000000000003 0.2886666666666667 0.1515 0.15733333333333335 0.1246666666666667 0.05916666666666666 0.09166666666666666 0.07083333333333332 0.07799999999999999 0.017500000000000005 0.0255 0.327 0.18400000000000008 0.474 0.5001666666666665 0.2970000000000001 0.20533333333333334 0.4821666666666667 0.4696666666666666 0.38549999999999995 0.4025000000000001 0.27349999999999985 0.32833333333333337 0.32 0.2021666666666667 0.06733333333333336 0.13649999999999995 0.4174999999999999 0.41016666666666657 0.7340000000000001 0.7404999999999999 0.5076666666666666 0.46299999999999986 0.7423333333333333 0.8316666666666669 0.43733333333333335 0.4364999999999999 0.3293333333333334 0.34433333333333344 0.1746666666666667 0.361 0.12216666666666659 0.03983333333333333 0.12066666666666669 0.04000000000000001 0.4101666666666668 0.4110000000000001 0.02883333333333333 0.055166666666666656 0.030833333333333338 0.05716666666666666 0.035 0.030000000000000006 0.4819999999999999 0.5343333333333331 0.09050000000000001 0.105 0.7346666666666666 0.544 
0.6596666666666665 0.285 0.8376666666666667 1.0 0.6361666666666668 0.8623333333333336 0.821166666666667 0.7931666666666666 0.7285000000000003 0.811333333333333 0.7163333333333334 0.7164999999999998 0.6990000000000001 0.29900000000000004 0.23633333333333326 0.5733333333333333 0.0018333333333333333 0.002 0.8715 0.899833333333333 0.25733333333333336 0.25683333333333336 0.30016666666666675 0.274 0.25933333333333336 0.259 0.2608333333333333 0.25916666666666666 0.3244999999999999 0.15716666666666668 0.2581666666666667 0.25866666666666666 0.24533333333333335 0.13849999999999998 0.22766666666666663 0.20099999999999998 0.07766666666666668 0.1195 0.08016666666666668 0.0736666666666667 0.0003333333333333333 0.004 0.40950000000000003 0.22050000000000008 0.5601666666666666 0.6075 0.36816666666666664 0.248 0.47950000000000004 0.5803333333333335 0.36649999999999994 0.4541666666666668 0.29666666666666663 0.3078333333333333 0.4111666666666667 0.27916666666666673 0.03283333333333334 0.1845 0.47900000000000004 0.46733333333333327 0.723 0.7303333333333335 0.5208333333333333 0.4819999999999998 0.7333333333333333 0.8411666666666667 0.5084999999999998 0.5083333333333333 0.3398333333333333 0.37633333333333335 0.17116666666666666 0.3215 0.09166666666666666 0.012666666666666668 0.10033333333333334 0.026333333333333337 0.43283333333333346 0.4373333333333332 0.009000000000000001 0.04233333333333333 0.0016666666666666666 0.0345 0.0006666666666666666 0.003 0.37749999999999995 0.5571666666666667 0.05449999999999999 0.11800000000000002 0.7234999999999999 0.4785000000000001 
0.36633333333333323 0.020000000000000004 0.6306666666666667 0.6361666666666668 1.0 0.7318333333333333 0.5411666666666668 0.5105 0.514 0.6105000000000002 0.5081666666666667 0.4371666666666665 0.45049999999999973 0.6300000000000001 0.5655 0.8593333333333336 0.2920000000000001 0.2834999999999999 0.7061666666666665 0.5811666666666665 0.5233333333333333 0.5213333333333334 0.5991666666666665 0.5601666666666667 0.5479999999999999 0.5505 0.5473333333333333 0.5493333333333333 0.054000000000000006 0.11483333333333333 0.5490000000000002 0.5481666666666668 0.09483333333333333 0.07550000000000001 0.20783333333333331 0.17166666666666672 0.2115 0.337 0.30016666666666664 0.37749999999999995 0.24716666666666662 0.2775 0.24749999999999997 0.4378333333333332 0.23383333333333345 0.2788333333333334 0.3051666666666667 0.4439999999999999 0.19283333333333336 0.25116666666666665 0.08166666666666667 0.1425 0.38783333333333336 0.6141666666666665 0.10850000000000001 0.3016666666666667 0.25250000000000006 0.028166666666666663 0.16933333333333334 0.15166666666666667 0.4406666666666665 0.44849999999999995 0.24583333333333335 0.2005 0.45116666666666666 0.5558333333333334 0.19266666666666665 0.192 0.4058333333333334 0.39216666666666655 0.4178333333333334 0.6071666666666666 0.23050000000000004 0.14833333333333332 0.2333333333333334 0.19066666666666662 0.37733333333333335 0.39149999999999996 0.29366666666666663 0.20866666666666664 0.28966666666666674 0.2709999999999999 0.31966666666666665 0.275 0.6818333333333335 0.6073333333333333 0.3630000000000001 0.403 0.44183333333333324 0.7598333333333332 
0.5561666666666667 0.17783333333333334 0.7799999999999996 0.8623333333333336 0.7318333333333333 1.0 0.7173333333333334 0.6881666666666664 0.6831666666666665 0.7951666666666667 0.6811666666666667 0.6144999999999999 0.6241666666666665 0.38900000000000007 0.33049999999999996 0.6663333333333334 0.07116666666666664 0.06516666666666665 0.8626666666666667 0.8066666666666668 0.37149999999999994 0.37083333333333324 0.3861666666666668 0.3579999999999999 0.34633333333333327 0.35016666666666657 0.34666666666666657 0.3486666666666666 0.25166666666666665 0.09916666666666668 0.34633333333333327 0.3461666666666666 0.2443333333333333 0.12266666666666666 0.17966666666666672 0.15383333333333338 0.10166666666666668 0.21799999999999997 0.19533333333333325 0.16250000000000003 0.102 0.07016666666666665 0.3061666666666667 0.30800000000000005 0.45233333333333325 0.49966666666666676 0.2715 0.31483333333333335 0.375 0.4736666666666666 0.2603333333333333 0.3476666666666665 0.2696666666666666 0.3876666666666667 0.3026666666666666 0.20916666666666664 0.06316666666666665 0.08116666666666665 0.37216666666666676 0.3606666666666667 0.6174999999999999 0.6248333333333332 0.4419999999999999 0.4001666666666667 0.6281666666666668 0.7351666666666666 0.4016666666666666 0.4006666666666666 0.2975000000000001 0.3506666666666666 0.26733333333333326 0.41966666666666674 0.15066666666666667 0.07283333333333332 0.17383333333333334 0.12000000000000004 0.38333333333333336 0.39949999999999997 0.07766666666666666 0.05166666666666665 0.07049999999999998 0.09233333333333331 0.09166666666666667 0.06833333333333332 0.45 0.5183333333333333 0.1398333333333333 0.19916666666666663 0.6183333333333334 0.5633333333333334 
0.7449999999999997 0.3005 0.835166666666667 0.821166666666667 0.5411666666666668 0.7173333333333334 1.0 0.9633333333333337 0.8921666666666666 0.8821666666666665 0.8761666666666666 0.8901666666666666 0.8668333333333336 0.4511666666666666 0.2773333333333333 0.5308333333333334 0.0 0.0 0.7284999999999999 0.801666666666667 0.10133333333333333 0.10133333333333332 0.15549999999999997 0.1161666666666667 0.1015 0.10099999999999998 0.10133333333333332 0.10116666666666665 0.33933333333333315 0.1635 0.10183333333333332 0.10099999999999999 0.248 0.12400000000000003 0.06899999999999999 0.046 0.0023333333333333335 0.012166666666666668 0.036333333333333336 0.002 0.0013333333333333333 0.0 0.2816666666666666 0.07900000000000001 0.4335000000000001 0.48216666666666674 0.2459999999999999 0.11016666666666666 0.6248333333333335 0.45049999999999996 0.5141666666666667 0.4338333333333334 0.22366666666666662 0.21249999999999997 0.3256666666666667 0.1506666666666667 0.04183333333333335 0.18549999999999994 0.49633333333333335 0.4416666666666667 0.8934999999999996 0.895333333333333 0.5466666666666664 0.49783333333333324 0.8969999999999998 0.9081666666666668 0.5108333333333333 0.5096666666666667 0.3293333333333334 0.3256666666666667 0.10966666666666663 0.33166666666666667 0.09366666666666668 0.013833333333333338 0.1115 0.026500000000000003 0.4330000000000001 0.4218333333333332 0.0 0.041166666666666664 0.0 0.028833333333333336 0.0008333333333333333 0.00016666666666666666 0.5088333333333332 0.4754999999999999 0.07050000000000001 0.013166666666666665 0.8944999999999996 0.5925 
0.7483333333333333 0.30250000000000005 0.8046666666666669 0.7931666666666666 0.5105 0.6881666666666664 0.9633333333333337 1.0 0.9173333333333332 0.8809999999999999 0.8711666666666666 0.9088333333333328 0.8776666666666668 0.47350000000000003 0.277 0.5074999999999998 0.0005 0.0005 0.6986666666666665 0.7779999999999998 0.07100000000000005 0.07116666666666671 0.12483333333333331 0.08583333333333336 0.07133333333333339 0.07100000000000005 0.07183333333333337 0.07116666666666671 0.3401666666666665 0.16416666666666666 0.07133333333333339 0.07100000000000005 0.24783333333333335 0.12333333333333334 0.06933333333333333 0.050999999999999976 0.0018333333333333333 0.011 0.03616666666666667 0.0018333333333333333 0.0015 0.0005 0.2601666666666666 0.057333333333333306 0.4131666666666667 0.4688333333333333 0.22499999999999998 0.08983333333333332 0.6333333333333333 0.42749999999999994 0.5213333333333334 0.4216666666666668 0.1961666666666666 0.18350000000000002 0.32900000000000007 0.13599999999999998 0.04300000000000001 0.18699999999999992 0.49983333333333335 0.42100000000000004 0.9141666666666662 0.927333333333333 0.5473333333333331 0.4985 0.9209999999999995 0.9266666666666667 0.5155 0.5143333333333334 0.3313333333333334 0.30949999999999994 0.08400000000000002 0.32066666666666654 0.08350000000000003 0.014500000000000002 0.11899999999999998 0.028166666666666673 0.43450000000000016 0.4234999999999999 0.0005 0.04166666666666666 0.0006666666666666666 0.03516666666666667 0.0008333333333333333 0.0008333333333333333 0.5173333333333334 0.46649999999999997 0.07800000000000001 0.02166666666666667 0.914333333333333 0.6138333333333335 
0.7019999999999998 0.25449999999999995 0.8028333333333332 0.7285000000000003 0.514 0.6831666666666665 0.8921666666666666 0.9173333333333332 1.0 0.872 0.8801666666666667 0.8680000000000001 0.8879999999999998 0.4703333333333333 0.311 0.5088333333333331 0.021333333333333336 0.022333333333333337 0.67 0.7061666666666666 0.06483333333333335 0.06483333333333335 0.12566666666666662 0.08133333333333333 0.06816666666666668 0.06850000000000002 0.06683333333333336 0.06800000000000002 0.331 0.16383333333333333 0.075 0.07383333333333333 0.2851666666666667 0.14683333333333334 0.06666666666666667 0.04866666666666666 0.012666666666666666 0.02716666666666667 0.056833333333333354 0.02816666666666667 0.019000000000000006 0.017 0.1953333333333333 0.0525 0.3468333333333333 0.40766666666666657 0.1616666666666667 0.06816666666666667 0.6114999999999999 0.35833333333333345 0.4966666666666667 0.3893333333333333 0.13383333333333336 0.1748333333333333 0.29033333333333333 0.09283333333333335 0.05433333333333334 0.14216666666666666 0.45666666666666655 0.3555000000000001 0.8798333333333332 0.9011666666666666 0.5505 0.49816666666666665 0.9016666666666667 0.8648333333333333 0.48883333333333334 0.48783333333333334 0.30016666666666675 0.26983333333333326 0.085 0.3245 0.08000000000000002 0.03649999999999999 0.11200000000000003 0.04050000000000001 0.4000000000000001 0.4041666666666668 0.017333333333333333 0.053499999999999985 0.023500000000000007 0.06583333333333333 0.03233333333333333 0.017833333333333336 0.5275000000000001 0.43133333333333335 0.11349999999999999 0.05716666666666666 0.8836666666666666 0.6556666666666665 
0.6694999999999998 0.24849999999999992 0.8463333333333335 0.811333333333333 0.6105000000000002 0.7951666666666667 0.8821666666666665 0.8809999999999999 0.872 1.0 0.8561666666666667 0.8055000000000002 0.8161666666666667 0.45549999999999974 0.30700000000000005 0.5736666666666667 0.022000000000000002 0.018833333333333337 0.7443333333333334 0.7666666666666667 0.17550000000000004 0.17533333333333334 0.22600000000000006 0.18183333333333335 0.16816666666666666 0.1698333333333333 0.16783333333333336 0.16883333333333334 0.3253333333333335 0.1618333333333333 0.1758333333333333 0.1741666666666667 0.2551666666666667 0.1245 0.08449999999999999 0.061500000000000006 0.044 0.08449999999999999 0.09449999999999999 0.067 0.037666666666666675 0.02 0.26666666666666666 0.1421666666666667 0.41900000000000004 0.46766666666666656 0.23099999999999998 0.1525 0.5336666666666666 0.4331666666666665 0.4221666666666667 0.37599999999999995 0.1953333333333334 0.27049999999999996 0.3098333333333333 0.13949999999999999 0.03366666666666666 0.13533333333333333 0.445 0.3846666666666667 0.8080000000000002 0.8180000000000001 0.5278333333333333 0.47716666666666646 0.8156666666666667 0.8953333333333333 0.46133333333333326 0.45949999999999996 0.29516666666666674 0.308 0.1465 0.36949999999999994 0.11899999999999998 0.04233333333333334 0.14850000000000002 0.06483333333333334 0.38766666666666666 0.39699999999999996 0.02116666666666667 0.04799999999999999 0.0215 0.051833333333333356 0.04333333333333333 0.018333333333333337 0.5113333333333334 0.48533333333333323 0.0981666666666667 0.08983333333333335 0.8078333333333333 0.6203333333333333 
0.7671666666666666 0.32083333333333336 0.7673333333333333 0.7163333333333334 0.5081666666666667 0.6811666666666667 0.8761666666666666 0.8711666666666666 0.8801666666666667 0.8561666666666667 1.0 0.9079999999999999 0.9251666666666667 0.4415 0.382 0.5068333333333332 0.08333333333333331 0.07999999999999999 0.6471666666666668 0.6931666666666666 0.06266666666666666 0.06199999999999999 0.1201666666666667 0.07483333333333334 0.062 0.06366666666666666 0.06133333333333333 0.06283333333333332 0.3943333333333332 0.23316666666666663 0.07 0.06816666666666667 0.3186666666666667 0.18750000000000008 0.023333333333333334 0.03266666666666666 0.06983333333333333 0.08849999999999998 0.12283333333333335 0.0895 0.09049999999999998 0.08116666666666666 0.16949999999999998 0.03700000000000001 0.3214999999999999 0.3743333333333333 0.13283333333333336 0.03816666666666666 0.5910000000000001 0.33549999999999996 0.48033333333333345 0.36450000000000005 0.11383333333333338 0.15783333333333333 0.33033333333333337 0.11983333333333328 0.0995 0.20733333333333326 0.5078333333333334 0.3318333333333332 0.9016666666666666 0.8628333333333336 0.5966666666666668 0.5456666666666667 0.8613333333333335 0.8106666666666666 0.4734999999999999 0.47099999999999986 0.35800000000000004 0.24649999999999994 0.06949999999999999 0.3005000000000001 0.05966666666666666 0.0935 0.11783333333333332 0.11233333333333334 0.4545000000000001 0.45799999999999996 0.08083333333333334 0.1143333333333333 0.08216666666666665 0.09033333333333333 0.10383333333333333 0.08016666666666666 0.4811666666666664 0.3869999999999999 0.13683333333333336 0.06849999999999999 0.8969999999999999 0.6045 
0.8256666666666671 0.38050000000000006 0.7308333333333333 0.7164999999999998 0.4371666666666665 0.6144999999999999 0.8901666666666666 0.9088333333333328 0.8680000000000001 0.8055000000000002 0.9079999999999999 1.0 0.954666666666667 0.4083333333333334 0.3561666666666666 0.4358333333333334 0.0806666666666667 0.08033333333333337 0.6251666666666666 0.7018333333333334 0.00016666666666666666 0.0 0.052333333333333336 0.013666666666666669 0.0 0.0 0.0005 0.0 0.4235000000000001 0.24449999999999997 0.00016666666666666666 0.0003333333333333333 0.3283333333333332 0.20450000000000002 0.04633333333333332 0.06483333333333331 0.07700000000000004 0.08550000000000002 0.11033333333333337 0.0766666666666667 0.08100000000000002 0.0806666666666667 0.19583333333333333 0.004833333333333333 0.3468333333333333 0.4031666666666668 0.16099999999999998 0.025166666666666674 0.6393333333333334 0.3618333333333333 0.5341666666666669 0.40466666666666656 0.12449999999999996 0.11233333333333335 0.3869999999999999 0.16216666666666668 0.12233333333333336 0.26549999999999996 0.5706666666666664 0.3618333333333333 0.9668333333333337 0.9203333333333329 0.6284999999999998 0.5791666666666665 0.9173333333333328 0.8518333333333336 0.5246666666666666 0.5186666666666668 0.3993333333333334 0.2446666666666667 0.014833333333333336 0.25383333333333347 0.026999999999999996 0.08916666666666667 0.09016666666666666 0.09866666666666667 0.5110000000000001 0.4976666666666667 0.07783333333333337 0.12166666666666665 0.08083333333333335 0.09983333333333334 0.08066666666666668 0.08050000000000003 0.45516666666666666 0.3978333333333335 0.1181666666666667 0.04949999999999998 0.9626666666666668 0.5773333333333334 
0.8066666666666669 0.35966666666666663 0.7598333333333334 0.6990000000000001 0.45049999999999973 0.6241666666666665 0.8668333333333336 0.8776666666666668 0.8879999999999998 0.8161666666666667 0.9251666666666667 0.954666666666667 1.0 0.40433333333333343 0.3773333333333333 0.4496666666666666 0.09283333333333336 0.09433333333333334 0.6310000000000001 0.6785 0.006833333333333334 0.006999999999999999 0.06466666666666665 0.02116666666666667 0.006833333333333334 0.006500000000000001 0.007000000000000001 0.006333333333333334 0.42983333333333335 0.25683333333333336 0.013000000000000001 0.012333333333333333 0.36016666666666675 0.2278333333333334 0.026833333333333327 0.04683333333333332 0.08850000000000001 0.09766666666666671 0.125 0.09083333333333336 0.09266666666666669 0.09000000000000002 0.1696666666666667 0.0065000000000000014 0.32099999999999995 0.3773333333333333 0.13416666666666668 0.017166666666666667 0.6108333333333333 0.3331666666666666 0.5025 0.37466666666666654 0.09966666666666668 0.11683333333333336 0.3666666666666665 0.13733333333333334 0.14149999999999996 0.24533333333333332 0.5525000000000001 0.3318333333333333 0.9420000000000002 0.8901666666666666 0.6531666666666667 0.6038333333333333 0.8873333333333335 0.8223333333333334 0.4948333333333333 0.48966666666666653 0.38783333333333336 0.23033333333333336 0.03033333333333334 0.2708333333333334 0.04849999999999999 0.11150000000000002 0.09666666666666666 0.10916666666666668 0.4961666666666666 0.4908333333333335 0.0896666666666667 0.1331666666666667 0.09466666666666669 0.10383333333333333 0.09866666666666667 0.09100000000000005 0.4563333333333333 0.38249999999999984 0.12333333333333332 0.05399999999999999 0.9366666666666669 0.5790000000000001 
0.2535 0.18166666666666673 0.39883333333333326 0.29900000000000004 0.6300000000000001 0.38900000000000007 0.4511666666666666 0.47350000000000003 0.4703333333333333 0.45549999999999974 0.4415 0.4083333333333334 0.40433333333333343 1.0 0.7258333333333336 0.6108333333333335 0.4749999999999999 0.47533333333333344 0.3553333333333334 0.2985 0.4335 0.42016666666666647 0.4825 0.44800000000000006 0.4524999999999999 0.4538333333333333 0.45416666666666666 0.452 0.14983333333333337 0.3086666666666666 0.4661666666666667 0.47099999999999986 0.21283333333333337 0.2335000000000001 0.10966666666666666 0.08516666666666667 0.21433333333333335 0.29333333333333333 0.31300000000000017 0.3713333333333334 0.3850000000000001 0.4651666666666667 0.10866666666666665 0.3245 0.07033333333333334 0.06066666666666667 0.18400000000000005 0.31066666666666665 0.18033333333333337 0.17650000000000002 0.26583333333333337 0.183 0.2843333333333333 0.5218333333333333 0.06316666666666665 0.20866666666666667 0.41883333333333334 0.19766666666666663 0.025999999999999995 0.1851666666666667 0.40083333333333343 0.4113333333333335 0.07533333333333334 0.026500000000000003 0.4066666666666668 0.4086666666666665 0.03266666666666667 0.0375 0.33766666666666667 0.26166666666666666 0.49233333333333335 0.7386666666666665 0.3601666666666668 0.2953333333333334 0.3659999999999999 0.3021666666666667 0.24750000000000008 0.25566666666666665 0.4021666666666666 0.4118333333333334 0.4773333333333333 0.4736666666666665 0.4750000000000001 0.4478333333333333 0.7868333333333333 0.48683333333333345 0.4496666666666666 0.3746666666666666 0.40183333333333343 0.6875 
0.40833333333333327 0.3825 0.2988333333333333 0.23633333333333326 0.5655 0.33049999999999996 0.2773333333333333 0.277 0.311 0.30700000000000005 0.382 0.3561666666666666 0.3773333333333333 0.7258333333333336 1.0 0.6286666666666667 0.674 0.6673333333333332 0.3135 0.2798333333333333 0.38966666666666666 0.3783333333333333 0.42883333333333334 0.3868333333333334 0.39850000000000013 0.40266666666666656 0.39933333333333343 0.4013333333333335 0.3443333333333334 0.49683333333333335 0.42649999999999993 0.4243333333333334 0.4103333333333332 0.4213333333333334 0.088 0.10883333333333332 0.37366666666666676 0.4046666666666666 0.5073333333333334 0.5448333333333332 0.6071666666666667 0.6551666666666668 0.06299999999999999 0.30100000000000005 0.018500000000000003 0.006166666666666667 0.14583333333333331 0.2768333333333333 0.06849999999999996 0.09466666666666666 0.1495 0.13016666666666665 0.2165 0.447 0.15999999999999995 0.2425 0.6315000000000002 0.3993333333333333 0.22316666666666665 0.17833333333333334 0.3383333333333334 0.28600000000000003 0.30133333333333334 0.2545 0.28483333333333344 0.261 0.13183333333333336 0.12616666666666665 0.5725000000000001 0.30300000000000005 0.5095 0.7933333333333331 0.43633333333333324 0.5059999999999999 0.44416666666666665 0.4990000000000001 0.4606666666666666 0.46 0.6089999999999999 0.5883333333333333 0.6715000000000001 0.5633333333333332 0.7023333333333335 0.6406666666666666 0.6058333333333332 0.39100000000000007 0.4655 0.4256666666666667 0.33349999999999996 0.5444999999999999 
0.42050000000000004 0.09850000000000002 0.563 0.5733333333333333 0.8593333333333336 0.6663333333333334 0.5308333333333334 0.5074999999999998 0.5088333333333331 0.5736666666666667 0.5068333333333332 0.4358333333333334 0.4496666666666666 0.6108333333333335 0.6286666666666667 1.0 0.36533333333333323 0.3563333333333333 0.6506666666666667 0.6148333333333335 0.43966666666666654 0.43883333333333324 0.5093333333333334 0.47283333333333344 0.4631666666666666 0.46516666666666673 0.4618333333333334 0.4653333333333333 0.14133333333333334 0.188 0.4693333333333334 0.4675 0.18266666666666664 0.15583333333333335 0.12366666666666663 0.09600000000000003 0.19733333333333328 0.27883333333333327 0.31683333333333324 0.35166666666666674 0.3208333333333333 0.349 0.16149999999999998 0.347 0.1566666666666667 0.20366666666666672 0.2181666666666667 0.35783333333333334 0.18516666666666673 0.1778333333333334 0.07383333333333333 0.12566666666666662 0.28966666666666663 0.4983333333333334 0.06766666666666665 0.21766666666666673 0.32733333333333325 0.10200000000000004 0.25783333333333336 0.2133333333333333 0.43650000000000005 0.4423333333333334 0.33333333333333326 0.2909999999999999 0.4391666666666667 0.5030000000000002 0.2793333333333333 0.27849999999999997 0.49316666666666686 0.46 0.47600000000000003 0.6861666666666666 0.31299999999999994 0.22849999999999998 0.31350000000000006 0.27333333333333326 0.4653333333333334 0.4778333333333332 0.3625 0.2768333333333334 0.36233333333333334 0.34 0.3945000000000001 0.3475 0.6541666666666665 0.5329999999999998 0.35583333333333333 0.3473333333333335 0.43700000000000006 0.7391666666666667 
0.24783333333333335 0.6623333333333334 0.029166666666666664 0.0018333333333333333 0.2920000000000001 0.07116666666666664 0.0 0.0005 0.021333333333333336 0.022000000000000002 0.08333333333333331 0.0806666666666667 0.09283333333333336 0.4749999999999999 0.674 0.36533333333333323 1.0 0.9823333333333335 0.06666666666666667 0.05383333333333334 0.37099999999999994 0.3570000000000001 0.35766666666666663 0.35666666666666663 0.3745000000000001 0.3751666666666666 0.3754999999999999 0.3760000000000001 0.6401666666666667 0.8083333333333336 0.4101666666666667 0.4126666666666668 0.6833333333333335 0.7018333333333334 0.08500000000000003 0.10833333333333334 0.4111666666666667 0.40700000000000003 0.5815 0.5399999999999998 0.8589999999999999 0.9621666666666668 0.0565 0.2836666666666666 0.0155 0.0015 0.13383333333333328 0.2596666666666666 0.21183333333333335 0.22533333333333325 0.35666666666666663 0.38866666666666666 0.18883333333333333 0.3545 0.163 0.24766666666666662 0.9141666666666666 0.6821666666666668 0.4823333333333334 0.4528333333333333 0.06133333333333334 0.010833333333333332 0.4286666666666666 0.4784999999999999 0.0105 0.0 0.3844999999999999 0.38233333333333325 0.42166666666666686 0.29966666666666664 0.6328333333333334 0.5745 0.6938333333333334 0.7639999999999999 0.6398333333333334 0.7516666666666666 0.2831666666666667 0.27516666666666656 0.7253333333333333 0.8296666666666667 0.9826666666666669 0.8651666666666666 0.9565 0.9503333333333334 0.3394999999999999 0.15250000000000005 0.44616666666666677 0.4134999999999999 0.056333333333333326 0.25766666666666665 
0.24783333333333332 0.6645000000000002 0.032 0.002 0.2834999999999999 0.06516666666666665 0.0 0.0005 0.022333333333333337 0.018833333333333337 0.07999999999999999 0.08033333333333337 0.09433333333333334 0.47533333333333344 0.6673333333333332 0.3563333333333333 0.9823333333333335 1.0 0.06166666666666667 0.05366666666666667 0.35983333333333334 0.34650000000000003 0.3506666666666666 0.34983333333333333 0.36700000000000005 0.3653333333333333 0.3693333333333333 0.3655000000000001 0.6433333333333334 0.8168333333333334 0.40199999999999997 0.40483333333333343 0.6883333333333335 0.7106666666666667 0.08866666666666667 0.11216666666666665 0.41366666666666674 0.4016666666666667 0.5698333333333333 0.5298333333333332 0.8468333333333332 0.9635000000000001 0.05383333333333334 0.2723333333333333 0.013000000000000001 0.001 0.12816666666666665 0.24950000000000003 0.21183333333333337 0.22533333333333327 0.3559999999999999 0.3888333333333334 0.1826666666666667 0.34866666666666674 0.16116666666666668 0.24633333333333332 0.9156666666666666 0.6846666666666666 0.48183333333333345 0.45233333333333337 0.061166666666666675 0.011 0.42949999999999994 0.4795 0.0105 0.00016666666666666666 0.3836666666666666 0.38166666666666665 0.4178333333333335 0.30066666666666664 0.6266666666666668 0.5708333333333333 0.6885000000000001 0.7593333333333332 0.6333333333333333 0.7435 0.2865000000000001 0.2805 0.7221666666666665 0.8406666666666668 0.9823333333333335 0.8766666666666667 0.9464999999999999 0.9513333333333333 0.3401666666666667 0.1595000000000001 0.4371666666666666 0.4084999999999999 0.055999999999999994 0.2528333333333333 
0.5728333333333332 0.19916666666666674 0.7928333333333332 0.8715 0.7061666666666665 0.8626666666666667 0.7284999999999999 0.6986666666666665 0.67 0.7443333333333334 0.6471666666666668 0.6251666666666666 0.6310000000000001 0.3553333333333334 0.3135 0.6506666666666667 0.06666666666666667 0.06166666666666667 1.0 0.8163333333333331 0.3493333333333334 0.34950000000000003 0.3696666666666667 0.34816666666666657 0.3423333333333333 0.345 0.3428333333333333 0.3443333333333333 0.2521666666666667 0.11116666666666664 0.3475000000000001 0.3456666666666666 0.2368333333333333 0.11449999999999998 0.21249999999999997 0.18416666666666665 0.10000000000000005 0.18583333333333335 0.17099999999999999 0.15666666666666665 0.07633333333333332 0.0565 0.3511666666666666 0.2928333333333333 0.4825 0.5295 0.3683333333333333 0.31966666666666677 0.39583333333333337 0.5045000000000002 0.27766666666666656 0.36683333333333334 0.33316666666666656 0.3736666666666668 0.3333333333333332 0.2766666666666666 0.09883333333333333 0.11583333333333334 0.39416666666666655 0.3803333333333334 0.6283333333333332 0.6355000000000001 0.46033333333333326 0.4193333333333333 0.6373333333333334 0.7451666666666664 0.42149999999999993 0.4203333333333334 0.34550000000000014 0.3748333333333332 0.2618333333333334 0.40566666666666656 0.1585 0.07700000000000001 0.15783333333333333 0.09716666666666668 0.40866666666666673 0.4125000000000001 0.07433333333333332 0.046499999999999986 0.06583333333333334 0.08433333333333333 0.08216666666666664 0.05916666666666668 0.41916666666666663 0.528 0.13366666666666666 0.19266666666666665 0.6281666666666668 0.5383333333333331 
0.6741666666666667 0.3225 0.7865000000000005 0.899833333333333 0.5811666666666665 0.8066666666666668 0.801666666666667 0.7779999999999998 0.7061666666666666 0.7666666666666667 0.6931666666666666 0.7018333333333334 0.6785 0.2985 0.2798333333333333 0.6148333333333335 0.05383333333333334 0.05366666666666667 0.8163333333333331 1.0 0.203 0.20266666666666666 0.2386666666666667 0.2133333333333334 0.201 0.20166666666666663 0.20116666666666663 0.20133333333333334 0.35983333333333334 0.1895 0.20116666666666666 0.20133333333333334 0.29300000000000004 0.20800000000000005 0.18466666666666667 0.1616666666666667 0.08199999999999998 0.07416666666666664 0.09016666666666666 0.05233333333333335 0.05616666666666666 0.05433333333333334 0.3368333333333333 0.16499999999999995 0.4856666666666666 0.5338333333333335 0.29916666666666664 0.19133333333333333 0.46116666666666667 0.5091666666666669 0.3493333333333332 0.4298333333333333 0.24400000000000005 0.2506666666666666 0.3543333333333333 0.21616666666666665 0.08583333333333336 0.22566666666666665 0.5168333333333334 0.5006666666666666 0.7055000000000001 0.7111666666666668 0.5558333333333334 0.5175 0.7106666666666668 0.7913333333333334 0.5439999999999999 0.5431666666666667 0.4151666666666666 0.44816666666666655 0.2198333333333334 0.37816666666666665 0.14866666666666667 0.07066666666666667 0.1555 0.08449999999999998 0.5140000000000001 0.5071666666666667 0.05966666666666666 0.10833333333333334 0.054000000000000006 0.0826666666666667 0.05416666666666667 0.0545 0.36649999999999994 0.5268333333333332 0.044333333333333336 0.07049999999999997 0.7061666666666668 0.46233333333333343 
0.0005 0.10383333333333333 0.20650000000000002 0.25733333333333336 0.5233333333333333 0.37149999999999994 0.10133333333333333 0.07100000000000005 0.06483333333333335 0.17550000000000004 0.06266666666666666 0.00016666666666666666 0.006833333333333334 0.4335 0.38966666666666666 0.43966666666666654 0.37099999999999994 0.35983333333333334 0.3493333333333334 0.203 1.0 0.9728333333333338 0.8555000000000003 0.8926666666666665 0.9281666666666668 0.9329999999999999 0.9278333333333333 0.9318333333333331 0.06483333333333333 0.2118333333333334 0.9426666666666667 0.937 0.10833333333333328 0.12533333333333335 0.5465000000000001 0.5180000000000001 0.5806666666666668 0.7326666666666667 0.6343333333333331 0.7278333333333334 0.38583333333333336 0.36066666666666664 0.5929999999999999 0.8478333333333335 0.5458333333333334 0.5185000000000001 0.6708333333333333 0.8294999999999999 0.07116666666666666 0.4008333333333334 0.06100000000000003 0.163 0.7258333333333334 0.7994999999999999 0.4656666666666668 0.6661666666666668 0.3305 0.12566666666666668 0.013000000000000001 0.1795 0.0008333333333333334 0.008333333333333333 0.009833333333333333 0.015166666666666669 0.011833333333333333 0.12083333333333332 0.0395 0.0415 0.15566666666666668 0.2325 0.6406666666666667 0.4911666666666667 0.33766666666666656 0.25799999999999995 0.2879999999999999 0.26483333333333337 0.02250000000000001 0.032166666666666656 0.5983333333333334 0.2681666666666668 0.364 0.3493333333333332 0.4035000000000001 0.35116666666666674 0.39833333333333343 0.30499999999999994 0.7070000000000002 0.7488333333333331 0.0016666666666666668 0.30066666666666664 
0.0003333333333333333 0.09250000000000004 0.20750000000000005 0.25683333333333336 0.5213333333333334 0.37083333333333324 0.10133333333333332 0.07116666666666671 0.06483333333333335 0.17533333333333334 0.06199999999999999 0.0 0.006999999999999999 0.42016666666666647 0.3783333333333333 0.43883333333333324 0.3570000000000001 0.34650000000000003 0.34950000000000003 0.20266666666666666 0.9728333333333338 1.0 0.8643333333333335 0.9 0.937 0.9401666666666668 0.9366666666666668 0.9390000000000001 0.051666666666666666 0.19899999999999998 0.9338333333333331 0.9278333333333332 0.09616666666666664 0.11316666666666667 0.5579999999999998 0.5301666666666668 0.5930000000000001 0.7466666666666667 0.6351666666666665 0.7380000000000002 0.3783333333333333 0.3501666666666667 0.6054999999999999 0.8614999999999999 0.5584999999999998 0.5269999999999998 0.6836666666666664 0.8428333333333333 0.075 0.3956666666666668 0.053499999999999985 0.154 0.7390000000000002 0.8096666666666666 0.47566666666666657 0.68 0.3171666666666666 0.1141666666666667 0.012166666666666666 0.1706666666666667 0.0008333333333333334 0.008 0.01 0.014833333333333336 0.0115 0.12016666666666664 0.03833333333333334 0.04083333333333334 0.16033333333333327 0.23549999999999993 0.6311666666666667 0.4813333333333331 0.32750000000000007 0.24800000000000005 0.27849999999999997 0.2543333333333333 0.024333333333333332 0.03299999999999999 0.591 0.2538333333333333 0.3496666666666667 0.33649999999999997 0.3928333333333333 0.34349999999999986 0.4023333333333335 0.3028333333333333 0.7145000000000004 0.7585 0.0016666666666666668 0.299 
0.026333333333333337 0.05383333333333334 0.2883333333333333 0.30016666666666675 0.5991666666666665 0.3861666666666668 0.15549999999999997 0.12483333333333331 0.12566666666666662 0.22600000000000006 0.1201666666666667 0.052333333333333336 0.06466666666666665 0.4825 0.42883333333333334 0.5093333333333334 0.35766666666666663 0.3506666666666666 0.3696666666666667 0.2386666666666667 0.8555000000000003 0.8643333333333335 1.0 0.9443333333333339 0.9150000000000003 0.9113333333333334 0.912666666666667 0.9093333333333333 0.01966666666666667 0.17533333333333329 0.883 0.8828333333333335 0.085 0.1065 0.5601666666666666 0.5223333333333333 0.5766666666666669 0.6979999999999998 0.5376666666666668 0.7403333333333332 0.2986666666666667 0.3518333333333332 0.5858333333333333 0.7986666666666664 0.5446666666666665 0.4983333333333333 0.6544999999999999 0.7945000000000002 0.07516666666666666 0.33366666666666667 0.04083333333333333 0.12616666666666668 0.7128333333333333 0.8703333333333332 0.43216666666666675 0.6623333333333332 0.30399999999999994 0.07350000000000001 0.0005 0.13949999999999999 0.05466666666666666 0.06233333333333333 0.012 0.007833333333333335 0.06566666666666665 0.17266666666666666 0.027000000000000007 0.02933333333333334 0.21283333333333337 0.2586666666666667 0.5501666666666667 0.4761666666666667 0.2556666666666667 0.17383333333333328 0.2036666666666666 0.1758333333333333 0.06683333333333331 0.07666666666666665 0.5870000000000001 0.25433333333333336 0.3483333333333333 0.3406666666666668 0.38816666666666677 0.3629999999999998 0.5165000000000001 0.389 0.7203333333333335 0.776833333333333 0.05533333333333334 0.38233333333333336 
0.005833333333333334 0.053833333333333344 0.24583333333333335 0.274 0.5601666666666667 0.3579999999999999 0.1161666666666667 0.08583333333333336 0.08133333333333333 0.18183333333333335 0.07483333333333334 0.013666666666666669 0.02116666666666667 0.44800000000000006 0.3868333333333334 0.47283333333333344 0.35666666666666663 0.34983333333333333 0.34816666666666657 0.2133333333333334 0.8926666666666665 0.9 0.9443333333333339 1.0 0.9561666666666668 0.9523333333333335 0.9548333333333336 0.9500000000000002 0.019000000000000006 0.17483333333333334 0.9131666666666665 0.9151666666666667 0.08049999999999999 0.10550000000000002 0.6015000000000001 0.5654999999999999 0.6168333333333333 0.7348333333333333 0.565 0.7808333333333334 0.29800000000000004 0.35416666666666663 0.623 0.8371666666666668 0.5811666666666668 0.5351666666666667 0.6906666666666667 0.8315000000000002 0.07949999999999999 0.3618333333333333 0.03633333333333334 0.125 0.7386666666666666 0.8548333333333337 0.46983333333333327 0.7003333333333331 0.3004999999999999 0.07366666666666669 0.0008333333333333334 0.1398333333333333 0.016 0.023500000000000007 0.0055 0.003833333333333333 0.027166666666666676 0.13599999999999998 0.02783333333333333 0.030333333333333337 0.1956666666666667 0.254 0.5543333333333333 0.43816666666666665 0.25116666666666665 0.16949999999999998 0.20299999999999996 0.1776666666666666 0.03966666666666666 0.051666666666666666 0.6106666666666666 0.24633333333333332 0.34666666666666673 0.3406666666666666 0.3813333333333333 0.3659999999999999 0.4836666666666667 0.35483333333333333 0.7613333333333334 0.8218333333333331 0.01666666666666667 0.35016666666666657 
