1.0 0.9730000000000005 0.0016666666666666668 0.4010000000000001 0.0125 0.06233333333333335 0.02416666666666667 0.244 0.3450000000000001 0.5288333333333334 0.4503333333333333 0.7735 0.3823333333333334 0.6201666666666666 0.4148333333333335 0.8439999999999998 0.8608333333333333 0.9119999999999999 0.9701666666666671 0.8863333333333336 0.009833333333333335 0.038333333333333344 0.0 0.0 0.0006666666666666666 0.0003333333333333333 0.010833333333333332 0.0105 0.8538333333333336 0.8288333333333334 0.001 0.001 0.5003333333333333 0.5006666666666666 0.0 0.0005 0.05633333333333332 0.305 0.010333333333333332 0.04766666666666668 0.08133333333333334 0.087 0.23016666666666669 0.25899999999999995 0.21616666666666667 0.32916666666666666 0.8023333333333335 0.16099999999999998 0.3311666666666667 0.22149999999999997 0.09316666666666666 0.16999999999999996 0.7538333333333336 0.5354999999999999 0.3631666666666667 0.4179999999999999 0.806 0.8333333333333333 0.8034999999999997 0.8351666666666665 0.767 0.7810000000000001 0.9043333333333337 0.9048333333333336 0.0 0.04783333333333333 0.05483333333333333 0.07533333333333334 0.6343333333333334 0.2763333333333334 0.20000000000000004 0.015666666666666666 0.46266666666666656 0.6723333333333334 0.5758333333333332 0.6373333333333333 0.25116666666666665 0.014666666666666663 0.6071666666666667 0.7256666666666668 0.7908333333333334 0.83 0.6155000000000002 0.5968333333333333 0.05733333333333334 0.295 0.5498333333333335 0.27216666666666667 0.011 0.14933333333333337 
0.9730000000000005 1.0 0.001 0.39666666666666683 0.012166666666666668 0.05883333333333335 0.019666666666666666 0.23583333333333337 0.3351666666666667 0.5220000000000001 0.4393333333333333 0.7661666666666666 0.37400000000000005 0.6124999999999998 0.40466666666666684 0.84 0.8774999999999998 0.9173333333333334 0.9678333333333333 0.8953333333333332 0.011333333333333332 0.043166666666666666 0.0 0.0 0.0006666666666666666 0.0005 0.010333333333333335 0.010166666666666668 0.8600000000000003 0.8333333333333333 0.001 0.001 0.5020000000000001 0.5021666666666667 0.0 0.0006666666666666666 0.059666666666666666 0.3103333333333333 0.010000000000000002 0.04800000000000001 0.08683333333333333 0.09533333333333331 0.22 0.2506666666666666 0.21950000000000003 0.3285 0.7983333333333336 0.15516666666666665 0.32500000000000007 0.22083333333333335 0.08749999999999998 0.16850000000000004 0.7511666666666669 0.5343333333333332 0.36133333333333334 0.4153333333333332 0.819166666666667 0.8478333333333332 0.7964999999999999 0.8350000000000003 0.759 0.7758333333333332 0.9086666666666665 0.9176666666666671 0.0 0.04666666666666667 0.0535 0.07416666666666667 0.6371666666666667 0.27666666666666667 0.19899999999999998 0.012666666666666668 0.46983333333333327 0.6756666666666669 0.5678333333333332 0.6375 0.24633333333333332 0.010166666666666668 0.6178333333333336 0.7261666666666664 0.8045 0.8433333333333333 0.615 0.6053333333333332 0.053000000000000005 0.29466666666666674 0.5598333333333333 0.27916666666666673 0.008 0.149 
0.0016666666666666668 0.001 1.0 0.4736666666666667 0.5801666666666667 0.541 0.8733333333333332 0.4555000000000001 0.4766666666666665 0.08833333333333332 0.2746666666666666 0.0105 0.406 0.1378333333333334 0.38016666666666665 0.004333333333333333 0.0013333333333333333 0.002 0.001 0.013500000000000002 0.5776666666666668 0.5371666666666667 0.9198333333333331 0.8584999999999998 0.7084999999999999 0.6924999999999999 0.5841666666666666 0.5805 0.033666666666666664 0.0013333333333333333 0.6476666666666666 0.6231666666666668 0.3320000000000001 0.3925000000000003 0.8848333333333334 0.7788333333333334 0.5593333333333333 0.1886666666666666 0.5621666666666668 0.5573333333333335 0.5195000000000001 0.5126666666666666 0.6208333333333332 0.48699999999999993 0.33166666666666667 0.43183333333333335 0.005833333333333333 0.5381666666666665 0.397 0.4973333333333334 0.6056666666666667 0.48866666666666675 0.06466666666666666 0.18966666666666668 0.20616666666666666 0.21916666666666668 0.008333333333333333 0.010000000000000002 0.010000000000000002 0.0013333333333333333 0.011833333333333333 0.003 0.0021666666666666666 0.001 0.8664999999999999 0.7005 0.6923333333333335 0.596 0.19183333333333327 0.5088333333333334 0.5718333333333334 0.7801666666666668 0.28250000000000003 0.17 0.3003333333333334 0.18116666666666667 0.6351666666666668 0.7941666666666666 0.10250000000000004 0.06666666666666667 0.012000000000000004 0.004666666666666666 0.1361666666666667 0.19016666666666662 0.8028333333333328 0.44216666666666654 0.09733333333333331 0.3653333333333333 0.7859999999999999 0.5681666666666666 
0.4010000000000001 0.39666666666666683 0.4736666666666667 1.0 0.35966666666666675 0.3341666666666667 0.4426666666666667 0.5118333333333333 0.11916666666666664 0.16466666666666666 0.21533333333333324 0.27049999999999996 0.14300000000000002 0.12783333333333333 0.060500000000000005 0.2723333333333333 0.3565 0.4283333333333333 0.3901666666666667 0.3881666666666667 0.35650000000000004 0.31083333333333335 0.4756666666666667 0.44316666666666665 0.43133333333333346 0.4331666666666667 0.36150000000000004 0.3578333333333332 0.30316666666666664 0.2936666666666667 0.4156666666666666 0.3888333333333333 0.7430000000000001 0.8468333333333331 0.4958333333333333 0.4756666666666666 0.34299999999999997 0.17616666666666675 0.3395 0.3751666666666666 0.32600000000000007 0.27466666666666667 0.2374999999999999 0.41416666666666657 0.3468333333333333 0.7025 0.30483333333333335 0.4600000000000002 0.32599999999999985 0.6378333333333335 0.5028333333333334 0.5661666666666667 0.1971666666666666 0.03149999999999999 0.31933333333333336 0.2656666666666666 0.3773333333333336 0.3783333333333333 0.2555 0.3281666666666666 0.2781666666666667 0.29800000000000004 0.41383333333333333 0.3585000000000001 0.49666666666666665 0.5676666666666667 0.5678333333333332 0.5870000000000002 0.306 0.5216666666666666 0.5813333333333334 0.3736666666666666 0.4366666666666667 0.33533333333333326 0.3606666666666667 0.4563333333333332 0.5804999999999998 0.4695 0.3400000000000001 0.4446666666666666 0.3496666666666667 0.33083333333333337 0.12149999999999998 0.08333333333333336 0.34483333333333344 0.42033333333333334 0.06183333333333332 0.18233333333333335 0.45833333333333326 0.5306666666666667 
0.0125 0.012166666666666668 0.5801666666666667 0.35966666666666675 1.0 0.9051666666666663 0.462 0.23216666666666666 0.41833333333333333 0.142 0.030833333333333327 0.0071666666666666675 0.08083333333333328 0.007333333333333334 0.42749999999999994 0.014333333333333333 0.04416666666666666 0.007666666666666667 0.016166666666666673 0.06433333333333333 0.9730000000000006 0.7775000000000002 0.6041666666666666 0.6975000000000001 0.8645 0.8790000000000003 0.980666666666667 0.9765000000000004 0.11349999999999999 0.009500000000000001 0.9211666666666667 0.8933333333333335 0.27116666666666667 0.3335 0.5264999999999999 0.7811666666666668 0.7063333333333331 0.28783333333333333 0.9343333333333332 0.9266666666666665 0.6798333333333332 0.6758333333333334 0.46533333333333343 0.2071666666666667 0.3425 0.44416666666666665 0.007333333333333333 0.2613333333333335 0.13666666666666666 0.407 0.2895 0.42549999999999977 0.2165 0.44416666666666677 0.3955 0.3126666666666667 0.07033333333333333 0.06499999999999999 0.009666666666666667 0.008166666666666666 0.007333333333333334 0.005666666666666666 0.014833333333333334 0.0425 0.4911666666666668 0.3796666666666668 0.38 0.4388333333333334 0.2341666666666666 0.594166666666667 0.3963333333333334 0.5036666666666667 0.1906666666666667 0.06366666666666666 0.1015 0.1175 0.3616666666666666 0.38366666666666666 0.24783333333333327 0.04899999999999999 0.096 0.06516666666666668 0.007000000000000001 0.3181666666666667 0.4916666666666667 0.2781666666666666 0.1125 0.6708333333333333 0.37066666666666664 0.3493333333333334 
0.06233333333333335 0.05883333333333335 0.541 0.3341666666666667 0.9051666666666663 1.0 0.4233333333333333 0.2871666666666666 0.48716666666666647 0.1945 0.09766666666666665 0.05866666666666668 0.14966666666666664 0.05916666666666669 0.4788333333333333 0.06266666666666668 0.050666666666666665 0.04816666666666666 0.06683333333333336 0.095 0.9073333333333333 0.7824999999999998 0.5663333333333334 0.6596666666666667 0.8253333333333334 0.8398333333333332 0.9083333333333331 0.9049999999999998 0.15866666666666665 0.04816666666666667 0.8759999999999998 0.8613333333333335 0.24599999999999994 0.2931666666666666 0.4886666666666665 0.7430000000000002 0.7153333333333336 0.2793333333333333 0.8791666666666665 0.8639999999999998 0.6823333333333335 0.6829999999999999 0.5408333333333334 0.2583333333333332 0.31766666666666665 0.40149999999999997 0.057333333333333354 0.24433333333333335 0.2081666666666667 0.3653333333333333 0.24999999999999992 0.38300000000000006 0.266 0.4925 0.3858333333333334 0.3390000000000001 0.07233333333333333 0.06683333333333334 0.06133333333333334 0.057666666666666665 0.06050000000000002 0.058833333333333356 0.058666666666666686 0.081 0.4526666666666669 0.3405 0.34033333333333327 0.3995 0.2328333333333334 0.5398333333333336 0.368 0.4668333333333334 0.1861666666666667 0.0715 0.17249999999999996 0.10966666666666666 0.35216666666666674 0.34916666666666674 0.2421666666666667 0.03683333333333333 0.09650000000000002 0.06866666666666667 0.05250000000000001 0.33733333333333343 0.4456666666666667 0.21633333333333332 0.11433333333333334 0.6438333333333333 0.3321666666666666 0.30083333333333323 
0.02416666666666667 0.019666666666666666 0.8733333333333332 0.4426666666666667 0.462 0.4233333333333333 1.0 0.5541666666666667 0.43500000000000005 0.15616666666666668 0.35216666666666674 0.05849999999999999 0.4918333333333333 0.19999999999999993 0.3395 0.029833333333333337 0.013833333333333333 0.025000000000000005 0.021500000000000005 0.015333333333333332 0.4613333333333334 0.4303333333333333 0.8489999999999999 0.7529999999999998 0.5919999999999999 0.5743333333333334 0.46533333333333343 0.46166666666666667 0.03933333333333333 0.026166666666666668 0.5303333333333332 0.505 0.297 0.35133333333333333 0.8811666666666667 0.6735000000000001 0.44749999999999995 0.2358333333333334 0.4436666666666668 0.44499999999999995 0.4181666666666667 0.45666666666666667 0.6261666666666668 0.5636666666666668 0.31116666666666665 0.3871666666666666 0.04366666666666665 0.6350000000000001 0.47066666666666657 0.4818333333333334 0.7093333333333337 0.5103333333333334 0.06916666666666665 0.14950000000000002 0.15316666666666667 0.21366666666666667 0.011333333333333332 0.016500000000000004 0.0535 0.02666666666666667 0.05783333333333332 0.04349999999999999 0.024000000000000004 0.018666666666666668 0.8851666666666668 0.7175 0.7006666666666667 0.5990000000000001 0.2186666666666666 0.4396666666666667 0.5645 0.7951666666666668 0.2718333333333334 0.22150000000000006 0.3566666666666666 0.21816666666666668 0.7061666666666666 0.8793333333333336 0.04599999999999998 0.1061666666666667 0.013500000000000002 0.02333333333333333 0.19516666666666663 0.1613333333333333 0.8356666666666667 0.4701666666666667 0.12883333333333333 0.2491666666666667 0.8700000000000001 0.5931666666666666 
0.244 0.23583333333333337 0.4555000000000001 0.5118333333333333 0.23216666666666666 0.2871666666666666 0.5541666666666667 1.0 0.2911666666666667 0.4753333333333332 0.6029999999999999 0.4439999999999998 0.45716666666666667 0.4616666666666667 0.19466666666666665 0.357 0.14883333333333332 0.2783333333333333 0.22666666666666657 0.16366666666666668 0.23166666666666672 0.2713333333333334 0.4533333333333335 0.38516666666666666 0.3461666666666666 0.33100000000000007 0.23316666666666663 0.23050000000000004 0.16083333333333333 0.369 0.28966666666666663 0.2815 0.4676666666666665 0.45166666666666666 0.5155000000000001 0.4074999999999999 0.2713333333333333 0.3696666666666668 0.23266666666666672 0.24816666666666673 0.241 0.306 0.46399999999999997 0.773 0.5246666666666665 0.5485 0.41533333333333333 0.7865000000000002 0.7173333333333335 0.7146666666666667 0.8028333333333333 0.7029999999999998 0.1836666666666667 0.13949999999999993 0.37116666666666676 0.4394999999999999 0.11016666666666662 0.12283333333333331 0.41383333333333333 0.38166666666666665 0.4414999999999998 0.4316666666666666 0.2676666666666666 0.18300000000000008 0.5429999999999999 0.7163333333333334 0.7221666666666665 0.7341666666666667 0.22083333333333338 0.322 0.42400000000000004 0.42450000000000004 0.1866666666666667 0.19566666666666666 0.34550000000000003 0.3134999999999999 0.5231666666666668 0.589 0.07600000000000001 0.26733333333333337 0.10616666666666666 0.1431666666666667 0.4451666666666668 0.1035 0.4485 0.5640000000000001 0.2821666666666667 0.07783333333333337 0.6154999999999999 0.6871666666666666 
0.3450000000000001 0.3351666666666667 0.4766666666666665 0.11916666666666664 0.41833333333333333 0.48716666666666647 0.43500000000000005 0.2911666666666667 1.0 0.45883333333333326 0.5405000000000001 0.35483333333333333 0.6413333333333333 0.42716666666666664 0.8639999999999999 0.35466666666666663 0.2906666666666666 0.33666666666666656 0.3438333333333333 0.30133333333333323 0.42016666666666663 0.5116666666666666 0.473 0.5178333333333335 0.5038333333333334 0.49550000000000005 0.42183333333333317 0.42216666666666675 0.41100000000000003 0.33583333333333326 0.4638333333333334 0.47083333333333327 0.09250000000000005 0.06816666666666667 0.4049999999999999 0.4628333333333334 0.49216666666666664 0.13849999999999998 0.42449999999999993 0.3795 0.5191666666666667 0.5713333333333335 0.7271666666666667 0.3945 0.22599999999999998 0.10800000000000001 0.35083333333333344 0.2638333333333332 0.4743333333333332 0.1283333333333333 0.23999999999999988 0.1453333333333333 0.4688333333333333 0.6656666666666667 0.19233333333333338 0.18566666666666667 0.2271666666666667 0.2595 0.3536666666666667 0.34916666666666674 0.3591666666666667 0.3596666666666667 0.3485000000000001 0.3428333333333334 0.3816666666666665 0.24049999999999996 0.23166666666666663 0.16666666666666663 0.3486666666666666 0.21633333333333332 0.24716666666666665 0.42950000000000005 0.231 0.34666666666666673 0.5646666666666667 0.2201666666666667 0.3771666666666667 0.33766666666666667 0.21049999999999994 0.1365 0.2678333333333333 0.30699999999999994 0.41383333333333316 0.5941666666666665 0.558 0.12800000000000003 0.41233333333333333 0.45049999999999996 0.3185 0.16083333333333336 
0.5288333333333334 0.5220000000000001 0.08833333333333332 0.16466666666666666 0.142 0.1945 0.15616666666666668 0.4753333333333332 0.45883333333333326 1.0 0.7283333333333333 0.7343333333333335 0.6373333333333335 0.7723333333333331 0.5161666666666667 0.6544999999999999 0.4465 0.5689999999999997 0.5173333333333333 0.44499999999999995 0.13833333333333334 0.1763333333333334 0.10883333333333331 0.074 0.14766666666666664 0.14499999999999996 0.14166666666666666 0.1405 0.4734999999999998 0.6536666666666668 0.14016666666666666 0.14150000000000001 0.2623333333333334 0.1691666666666666 0.15983333333333336 0.15633333333333332 0.14583333333333337 0.4308333333333334 0.1386666666666667 0.13866666666666666 0.14433333333333334 0.22849999999999995 0.3191666666666666 0.5305000000000001 0.4020000000000001 0.2396666666666666 0.6978333333333332 0.41116666666666674 0.6145000000000002 0.3338333333333334 0.37599999999999995 0.3848333333333334 0.5501666666666667 0.5863333333333334 0.5438333333333332 0.5604999999999999 0.37050000000000005 0.3979999999999999 0.7053333333333335 0.676 0.7406666666666668 0.728166666666667 0.5673333333333335 0.49533333333333324 0.17299999999999996 0.33649999999999997 0.3423333333333333 0.41333333333333344 0.31816666666666654 0.16416666666666666 0.11416666666666667 0.15 0.25833333333333325 0.43066666666666653 0.4765 0.41050000000000003 0.1548333333333333 0.18900000000000006 0.24700000000000003 0.3348333333333333 0.3825 0.44550000000000006 0.7481666666666666 0.48183333333333317 0.16899999999999998 0.418 0.6323333333333334 0.3454999999999999 0.21266666666666675 0.3348333333333333 
0.4503333333333333 0.4393333333333333 0.2746666666666666 0.21533333333333324 0.030833333333333327 0.09766666666666665 0.35216666666666674 0.6029999999999999 0.5405000000000001 0.7283333333333333 1.0 0.6658333333333334 0.8248333333333332 0.8168333333333331 0.4838333333333333 0.5750000000000001 0.34049999999999997 0.48733333333333334 0.4338333333333334 0.3438333333333333 0.03416666666666665 0.11633333333333333 0.27866666666666673 0.22799999999999998 0.10400000000000001 0.09616666666666664 0.031833333333333325 0.032999999999999995 0.37433333333333346 0.5764999999999999 0.06516666666666666 0.0715 0.27216666666666667 0.18133333333333332 0.3361666666666666 0.14566666666666664 0.11816666666666668 0.34483333333333327 0.03666666666666666 0.035333333333333335 0.1338333333333333 0.17350000000000002 0.48050000000000004 0.7513333333333331 0.4433333333333333 0.2745 0.6275 0.6285000000000001 0.8146666666666667 0.3913333333333333 0.5854999999999999 0.40483333333333327 0.3861666666666666 0.3781666666666667 0.36033333333333334 0.4305 0.2675 0.29616666666666663 0.6321666666666667 0.5938333333333334 0.6648333333333335 0.65 0.4844999999999999 0.3906666666666668 0.3538333333333334 0.5248333333333334 0.5361666666666669 0.4933333333333334 0.22666666666666668 0.08950000000000001 0.1885 0.3188333333333333 0.19599999999999995 0.35949999999999993 0.5310000000000001 0.3843333333333333 0.24600000000000005 0.3851666666666666 0.147 0.2581666666666667 0.277 0.3381666666666666 0.7955 0.3733333333333334 0.34266666666666656 0.4634999999999998 0.5746666666666665 0.12633333333333333 0.41616666666666674 0.4923333333333332 
0.7735 0.7661666666666666 0.0105 0.27049999999999996 0.0071666666666666675 0.05866666666666668 0.05849999999999999 0.4439999999999998 0.35483333333333333 0.7343333333333335 0.6658333333333334 1.0 0.5271666666666667 0.8368333333333335 0.4248333333333335 0.8976666666666668 0.6678333333333332 0.8070000000000002 0.7568333333333335 0.6674999999999999 0.005333333333333333 0.037166666666666674 0.015333333333333341 0.008500000000000002 0.0 0.0 0.005833333333333333 0.005833333333333334 0.6866666666666664 0.9031666666666667 0.0 0.0 0.48383333333333334 0.38283333333333336 0.049999999999999975 0.003333333333333333 0.05033333333333331 0.4033333333333334 0.0051666666666666675 0.01983333333333333 0.08349999999999998 0.0875 0.24816666666666673 0.45916666666666667 0.40283333333333343 0.3185 0.9441666666666668 0.3640000000000001 0.5299999999999999 0.4070000000000001 0.29316666666666674 0.34733333333333327 0.6276666666666666 0.5046666666666667 0.5161666666666667 0.5366666666666667 0.5896666666666667 0.6201666666666665 0.9470000000000002 0.9171666666666667 0.9646666666666671 0.9521666666666668 0.7988333333333331 0.7173333333333332 0.06499999999999997 0.23166666666666663 0.24500000000000008 0.2745 0.5331666666666666 0.17266666666666663 0.16100000000000006 0.042166666666666665 0.357 0.5828333333333332 0.5431666666666667 0.6466666666666668 0.21383333333333332 0.08650000000000001 0.4566666666666667 0.5808333333333333 0.5975 0.6614999999999998 0.8186666666666669 0.5625000000000001 0.08549999999999999 0.4779999999999999 0.6583333333333333 0.2528333333333334 0.11449999999999998 0.35150000000000003 
0.3823333333333334 0.37400000000000005 0.406 0.14300000000000002 0.08083333333333328 0.14966666666666664 0.4918333333333333 0.45716666666666667 0.6413333333333333 0.6373333333333335 0.8248333333333332 0.5271666666666667 1.0 0.6773333333333333 0.5981666666666666 0.4781666666666667 0.3181666666666668 0.3825 0.3814999999999999 0.32850000000000007 0.08316666666666665 0.17850000000000002 0.4038333333333335 0.32733333333333337 0.17066666666666666 0.16016666666666665 0.08433333333333329 0.08483333333333333 0.3813333333333333 0.45933333333333354 0.12816666666666665 0.1345 0.12866666666666662 0.06399999999999999 0.4716666666666666 0.2188333333333333 0.18133333333333337 0.2880000000000001 0.08766666666666664 0.05233333333333332 0.19833333333333328 0.23716666666666675 0.5491666666666667 0.6131666666666666 0.286 0.12050000000000001 0.4888333333333334 0.4666666666666668 0.6894999999999999 0.2331666666666667 0.4529999999999999 0.2456666666666667 0.39349999999999996 0.40116666666666667 0.22383333333333336 0.3163333333333333 0.25366666666666665 0.28333333333333327 0.5138333333333331 0.4610000000000001 0.5265 0.5101666666666667 0.38766666666666666 0.37083333333333335 0.49366666666666675 0.47 0.4600000000000001 0.3631666666666667 0.23566666666666664 0.09383333333333337 0.326 0.4611666666666667 0.3391666666666667 0.4714999999999999 0.6873333333333332 0.3274999999999999 0.38783333333333336 0.5266666666666668 0.156 0.16449999999999992 0.27516666666666656 0.32166666666666666 0.6593333333333332 0.38666666666666677 0.4705 0.3225000000000001 0.5183333333333334 0.17416666666666664 0.5586666666666669 0.33699999999999997 
0.6201666666666666 0.6124999999999998 0.1378333333333334 0.12783333333333333 0.007333333333333334 0.05916666666666669 0.19999999999999993 0.4616666666666667 0.42716666666666664 0.7723333333333331 0.8168333333333331 0.8368333333333335 0.6773333333333333 1.0 0.4955000000000001 0.7488333333333336 0.5131666666666667 0.6545000000000001 0.6028333333333333 0.5126666666666666 0.0055 0.037166666666666674 0.1446666666666667 0.13033333333333336 0.0011666666666666668 0.0008333333333333334 0.006333333333333333 0.006333333333333333 0.535 0.7511666666666669 0.0006666666666666666 0.0003333333333333333 0.3378333333333334 0.2346666666666667 0.18516666666666662 0.02800000000000001 0.026166666666666675 0.45833333333333326 0.006166666666666667 0.019500000000000003 0.042833333333333334 0.08633333333333333 0.37983333333333336 0.6045 0.4911666666666667 0.23000000000000004 0.7966666666666669 0.5078333333333332 0.6725000000000001 0.32849999999999996 0.4341666666666665 0.3453333333333333 0.5445 0.4998333333333333 0.5181666666666667 0.5811666666666667 0.4366666666666666 0.466 0.8041666666666667 0.7674999999999998 0.8295000000000003 0.8140000000000004 0.6513333333333331 0.5626666666666668 0.20233333333333328 0.3728333333333334 0.3866666666666667 0.35516666666666663 0.38383333333333325 0.12900000000000003 0.03616666666666667 0.1716666666666667 0.212 0.4371666666666668 0.4043333333333333 0.5021666666666667 0.09483333333333331 0.22949999999999998 0.30566666666666664 0.4271666666666667 0.4433333333333334 0.5076666666666667 0.9583333333333337 0.5315000000000001 0.21899999999999992 0.6136666666666667 0.7353333333333335 0.24850000000000008 0.262 0.49283333333333346 
0.4148333333333335 0.40466666666666684 0.38016666666666665 0.060500000000000005 0.42749999999999994 0.4788333333333333 0.3395 0.19466666666666665 0.8639999999999999 0.5161666666666667 0.4838333333333333 0.4248333333333335 0.5981666666666666 0.4955000000000001 1.0 0.4268333333333334 0.3626666666666668 0.40583333333333343 0.41350000000000015 0.37199999999999994 0.42533333333333334 0.4495 0.3791666666666665 0.4403333333333333 0.4121666666666667 0.41416666666666674 0.4298333333333333 0.4305 0.48066666666666663 0.4055000000000002 0.4215 0.4186666666666667 0.07083333333333332 0.04033333333333333 0.30999999999999994 0.3660000000000001 0.4118333333333334 0.16333333333333333 0.423 0.3773333333333334 0.4471666666666667 0.49949999999999994 0.6345000000000001 0.2973333333333333 0.19799999999999998 0.03183333333333334 0.41866666666666674 0.17216666666666666 0.3803333333333334 0.04416666666666667 0.14199999999999996 0.064 0.5371666666666667 0.7380000000000001 0.2473333333333334 0.22066666666666662 0.2975 0.3290000000000001 0.42500000000000016 0.4198333333333335 0.42966666666666675 0.42600000000000016 0.41783333333333345 0.4150000000000001 0.28833333333333333 0.1443333333333333 0.13533333333333336 0.06883333333333333 0.40883333333333327 0.19099999999999998 0.15416666666666667 0.34099999999999997 0.26450000000000007 0.4043333333333336 0.5291666666666668 0.2734999999999999 0.2825000000000001 0.2421666666666667 0.2766666666666666 0.19166666666666668 0.33866666666666667 0.37733333333333335 0.4823333333333333 0.6623333333333334 0.4663333333333335 0.1533333333333333 0.4861666666666668 0.5199999999999999 0.2241666666666666 0.1046666666666667 
0.8439999999999998 0.84 0.004333333333333333 0.2723333333333333 0.014333333333333333 0.06266666666666668 0.029833333333333337 0.357 0.35466666666666663 0.6544999999999999 0.5750000000000001 0.8976666666666668 0.4781666666666667 0.7488333333333336 0.4268333333333334 1.0 0.7594999999999997 0.8143333333333331 0.8413333333333334 0.7570000000000003 0.011333333333333332 0.038000000000000006 0.0005 0.0005 0.0005 0.00016666666666666666 0.011833333333333333 0.011666666666666667 0.7771666666666665 0.9398333333333333 0.0008333333333333334 0.0006666666666666666 0.4808333333333333 0.39050000000000007 0.0115 0.0 0.05299999999999999 0.40883333333333327 0.012000000000000002 0.05183333333333333 0.08316666666666665 0.08733333333333332 0.23100000000000004 0.3733333333333333 0.3356666666666667 0.31716666666666665 0.8985 0.2753333333333333 0.44933333333333325 0.3283333333333333 0.2075 0.27449999999999997 0.7160000000000002 0.5444999999999998 0.45666666666666667 0.5233333333333334 0.6803333333333336 0.7093333333333333 0.9189999999999999 0.9181666666666666 0.8903333333333336 0.8998333333333335 0.8103333333333331 0.8096666666666665 0.022666666666666665 0.159 0.16899999999999998 0.19066666666666662 0.6136666666666667 0.23249999999999996 0.1793333333333334 0.0195 0.3945 0.6393333333333333 0.5700000000000001 0.6411666666666666 0.24366666666666664 0.04016666666666666 0.5446666666666666 0.6368333333333333 0.6881666666666668 0.7523333333333333 0.7456666666666665 0.6106666666666666 0.06500000000000002 0.40683333333333344 0.6788333333333334 0.27516666666666667 0.06849999999999999 0.265 
0.8608333333333333 0.8774999999999998 0.0013333333333333333 0.3565 0.04416666666666666 0.050666666666666665 0.013833333333333333 0.14883333333333332 0.2906666666666666 0.4465 0.34049999999999997 0.6678333333333332 0.3181666666666668 0.5131666666666667 0.3626666666666668 0.7594999999999997 1.0 0.8369999999999999 0.8728333333333333 0.9024999999999999 0.04383333333333333 0.10433333333333333 0.002 0.009500000000000001 0.021000000000000005 0.02216666666666667 0.040999999999999995 0.04166666666666667 0.8623333333333336 0.7561666666666664 0.02433333333333334 0.03183333333333333 0.46083333333333326 0.4581666666666666 0.0003333333333333333 0.016 0.12433333333333335 0.3865 0.04583333333333334 0.08316666666666667 0.1551666666666667 0.15983333333333336 0.18400000000000002 0.1635 0.21316666666666662 0.2891666666666666 0.6999999999999998 0.09550000000000003 0.23599999999999993 0.17566666666666667 0.043500000000000004 0.12316666666666663 0.7441666666666668 0.5228333333333333 0.3136666666666667 0.3403333333333334 0.9076666666666666 0.9291666666666666 0.6996666666666665 0.7388333333333336 0.6614999999999998 0.6773333333333333 0.8416666666666669 0.9338333333333333 0.0003333333333333333 0.020000000000000004 0.024666666666666667 0.035 0.6858333333333333 0.3046666666666667 0.21033333333333334 0.017333333333333333 0.5253333333333332 0.6909999999999998 0.5111666666666665 0.5961666666666666 0.2358333333333334 0.008666666666666666 0.7221666666666668 0.7276666666666668 0.9114999999999999 0.9351666666666667 0.5309999999999999 0.6598333333333334 0.05550000000000001 0.25150000000000006 0.6461666666666668 0.34666666666666673 0.0055 0.10316666666666664 
0.9119999999999999 0.9173333333333334 0.002 0.4283333333333333 0.007666666666666667 0.04816666666666666 0.025000000000000005 0.2783333333333333 0.33666666666666656 0.5689999999999997 0.48733333333333334 0.8070000000000002 0.3825 0.6545000000000001 0.40583333333333343 0.8143333333333331 0.8369999999999999 1.0 0.8968333333333334 0.8276666666666667 0.006333333333333333 0.05099999999999997 0.0008333333333333334 0.0003333333333333333 0.00016666666666666666 0.0 0.006499999999999999 0.006500000000000001 0.8128333333333333 0.8455000000000001 0.0 0.0018333333333333333 0.5354999999999998 0.5346666666666665 0.0036666666666666666 0.0006666666666666666 0.06566666666666665 0.2676666666666666 0.006333333333333333 0.020666666666666663 0.09900000000000002 0.10283333333333332 0.213 0.29216666666666674 0.2738333333333334 0.37299999999999983 0.8341666666666668 0.20133333333333334 0.3718333333333333 0.2626666666666667 0.13733333333333334 0.21283333333333335 0.7043333333333334 0.4969999999999997 0.4135000000000001 0.3796666666666667 0.7641666666666669 0.7938333333333333 0.7938333333333332 0.8618333333333332 0.8036666666666666 0.8233333333333331 0.9405000000000001 0.8783333333333337 0.004166666666666667 0.08283333333333337 0.09216666666666665 0.122 0.5876666666666666 0.21716666666666662 0.20616666666666666 0.019000000000000003 0.4854999999999999 0.6548333333333334 0.5731666666666666 0.6566666666666668 0.24966666666666668 0.016833333333333332 0.5818333333333334 0.7268333333333333 0.7656666666666666 0.8111666666666661 0.6543333333333332 0.5786666666666668 0.06033333333333335 0.32483333333333336 0.5361666666666668 0.2651666666666667 0.013166666666666669 0.1973333333333334 
0.9701666666666671 0.9678333333333333 0.001 0.3901666666666667 0.016166666666666673 0.06683333333333336 0.021500000000000005 0.22666666666666657 0.3438333333333333 0.5173333333333333 0.4338333333333334 0.7568333333333335 0.3814999999999999 0.6028333333333333 0.41350000000000015 0.8413333333333334 0.8728333333333333 0.8968333333333334 1.0 0.9021666666666667 0.014333333333333333 0.04083333333333334 0.0 0.0005 0.0016666666666666668 0.0011666666666666668 0.013000000000000001 0.013833333333333333 0.8673333333333335 0.8155 0.002 0.0021666666666666666 0.4846666666666665 0.4875 0.0 0.0018333333333333335 0.05666666666666665 0.3131666666666666 0.014166666666666668 0.05549999999999999 0.08316666666666667 0.09066666666666666 0.22850000000000004 0.24166666666666667 0.20300000000000007 0.31366666666666676 0.7866666666666668 0.14333333333333334 0.31649999999999995 0.20616666666666664 0.07616666666666666 0.154 0.7651666666666668 0.5451666666666665 0.3476666666666667 0.40700000000000003 0.8226666666666671 0.8505000000000001 0.7881666666666663 0.8229999999999998 0.7509999999999999 0.7663333333333334 0.8941666666666667 0.9185000000000002 0.0 0.038 0.042833333333333334 0.06049999999999998 0.6413333333333333 0.2915000000000001 0.19916666666666663 0.014500000000000002 0.46399999999999986 0.6728333333333335 0.5744999999999999 0.6228333333333332 0.24816666666666667 0.01283333333333333 0.619 0.7085000000000001 0.806166666666667 0.8393333333333334 0.6018333333333333 0.6061666666666666 0.05500000000000001 0.27849999999999997 0.5543333333333332 0.2763333333333334 0.00916666666666667 0.13416666666666668 
0.8863333333333336 0.8953333333333332 0.013500000000000002 0.3881666666666667 0.06433333333333333 0.095 0.015333333333333332 0.16366666666666668 0.30133333333333323 0.44499999999999995 0.3438333333333333 0.6674999999999999 0.32850000000000007 0.5126666666666666 0.37199999999999994 0.7570000000000003 0.9024999999999999 0.8276666666666667 0.9021666666666667 1.0 0.06383333333333333 0.095 0.018166666666666668 0.03250000000000001 0.04250000000000001 0.04300000000000001 0.061166666666666654 0.061499999999999985 0.8608333333333331 0.7426666666666664 0.04549999999999999 0.046833333333333324 0.4708333333333334 0.4695000000000001 0.013999999999999999 0.027833333333333335 0.1156666666666667 0.36816666666666686 0.06049999999999999 0.10516666666666669 0.13099999999999998 0.10683333333333332 0.19699999999999995 0.16399999999999998 0.18183333333333337 0.2988333333333334 0.6988333333333334 0.07833333333333332 0.23050000000000007 0.1776666666666666 0.032833333333333325 0.11966666666666669 0.7506666666666666 0.5305000000000001 0.3233333333333334 0.3723333333333333 0.8801666666666665 0.8988333333333332 0.6988333333333331 0.7376666666666667 0.6603333333333332 0.6761666666666667 0.8285000000000001 0.9206666666666665 0.009833333333333335 0.023499999999999997 0.029000000000000005 0.0385 0.6871666666666667 0.344 0.21983333333333335 0.03133333333333333 0.5018333333333331 0.6718333333333333 0.5236666666666666 0.5896666666666667 0.24350000000000005 0.014666666666666668 0.6928333333333333 0.6816666666666664 0.8536666666666661 0.8650000000000004 0.5186666666666668 0.6268333333333334 0.05216666666666667 0.24616666666666664 0.5704999999999999 0.3456666666666666 0.0115 0.10049999999999999 
0.009833333333333335 0.011333333333333332 0.5776666666666668 0.35650000000000004 0.9730000000000006 0.9073333333333333 0.4613333333333334 0.23166666666666672 0.42016666666666663 0.13833333333333334 0.03416666666666665 0.005333333333333333 0.08316666666666665 0.0055 0.42533333333333334 0.011333333333333332 0.04383333333333333 0.006333333333333333 0.014333333333333333 0.06383333333333333 1.0 0.7906666666666667 0.6015 0.6961666666666669 0.8621666666666665 0.8781666666666668 0.9730000000000005 0.9715000000000005 0.11266666666666669 0.007666666666666667 0.9196666666666669 0.8954999999999999 0.2658333333333333 0.32833333333333337 0.5246666666666666 0.7785000000000001 0.7116666666666669 0.2823333333333333 0.9296666666666666 0.919666666666667 0.6910000000000001 0.6866666666666668 0.4696666666666667 0.21199999999999997 0.34166666666666673 0.44133333333333336 0.004833333333333333 0.26283333333333336 0.14183333333333334 0.4033333333333332 0.29000000000000004 0.42116666666666674 0.21483333333333335 0.44316666666666676 0.38933333333333336 0.30583333333333323 0.07266666666666666 0.06549999999999999 0.007333333333333334 0.006333333333333333 0.005333333333333333 0.004333333333333333 0.012833333333333334 0.042 0.487833333333333 0.37699999999999995 0.37783333333333324 0.436 0.22883333333333325 0.5898333333333333 0.40333333333333343 0.5133333333333333 0.19150000000000006 0.06149999999999999 0.10316666666666668 0.11533333333333337 0.36433333333333323 0.38249999999999995 0.2464999999999999 0.047333333333333324 0.09850000000000002 0.06333333333333334 0.004666666666666666 0.31650000000000006 0.4886666666666667 0.2691666666666667 0.1108333333333333 0.6609999999999999 0.36766666666666675 0.344 
0.038333333333333344 0.043166666666666666 0.5371666666666667 0.31083333333333335 0.7775000000000002 0.7824999999999998 0.4303333333333333 0.2713333333333334 0.5116666666666666 0.1763333333333334 0.11633333333333333 0.037166666666666674 0.17850000000000002 0.037166666666666674 0.4495 0.038000000000000006 0.10433333333333333 0.05099999999999997 0.04083333333333334 0.095 0.7906666666666667 1.0 0.5594999999999998 0.6526666666666664 0.8191666666666668 0.8334999999999999 0.7798333333333335 0.7851666666666671 0.13766666666666663 0.05016666666666665 0.8325000000000002 0.8703333333333332 0.20316666666666663 0.25 0.48150000000000004 0.7354999999999998 0.8401666666666666 0.2826666666666667 0.8106666666666669 0.7368333333333333 0.8464999999999999 0.867 0.5563333333333332 0.2533333333333333 0.4163333333333333 0.3920000000000001 0.038000000000000006 0.2638333333333333 0.2475 0.34616666666666673 0.28049999999999997 0.3635000000000001 0.2341666666666666 0.4638333333333333 0.3231666666666666 0.24583333333333332 0.15883333333333333 0.1416666666666667 0.03683333333333334 0.03883333333333334 0.036500000000000005 0.037333333333333336 0.05299999999999999 0.07416666666666666 0.44566666666666677 0.33283333333333337 0.33149999999999996 0.3850000000000001 0.23633333333333337 0.4786666666666668 0.4758333333333332 0.5481666666666667 0.2885 0.12216666666666665 0.20866666666666667 0.05666666666666665 0.38716666666666666 0.34850000000000003 0.3173333333333334 0.11683333333333333 0.17616666666666664 0.1338333333333333 0.045500000000000006 0.3643333333333335 0.4508333333333332 0.1525 0.1845 0.5834999999999999 0.3378333333333334 0.265 
0.0 0.0 0.9198333333333331 0.4756666666666667 0.6041666666666666 0.5663333333333334 0.8489999999999999 0.4533333333333335 0.473 0.10883333333333331 0.27866666666666673 0.015333333333333341 0.4038333333333335 0.1446666666666667 0.3791666666666665 0.0005 0.002 0.0008333333333333334 0.0 0.018166666666666668 0.6015 0.5594999999999998 1.0 0.8893333333333332 0.7349999999999999 0.7163333333333334 0.6088333333333332 0.6063333333333333 0.037333333333333336 0.0008333333333333334 0.6728333333333333 0.6476666666666666 0.33866666666666667 0.39833333333333343 0.9083333333333334 0.7926666666666671 0.5726666666666664 0.20733333333333337 0.5855000000000001 0.5841666666666666 0.5353333333333334 0.5158333333333333 0.6379999999999998 0.4976666666666668 0.3611666666666667 0.4576666666666667 0.003333333333333333 0.5423333333333332 0.41783333333333333 0.5143333333333333 0.6040000000000001 0.5039999999999999 0.07416666666666669 0.18700000000000003 0.231 0.25516666666666665 0.012500000000000002 0.011333333333333332 0.014500000000000006 0.0006666666666666666 0.016500000000000004 0.005166666666666666 0.0011666666666666668 0.0008333333333333333 0.8791666666666669 0.7196666666666668 0.7140000000000002 0.6271666666666665 0.17516666666666666 0.5318333333333333 0.5691666666666666 0.7928333333333333 0.2846666666666666 0.15916666666666665 0.289 0.1753333333333333 0.6016666666666669 0.7741666666666663 0.12783333333333335 0.05033333333333331 0.01666666666666667 0.006166666666666667 0.14350000000000002 0.17716666666666664 0.8033333333333332 0.46 0.09400000000000003 0.3904999999999999 0.7615 0.5876666666666667 
0.0 0.0 0.8584999999999998 0.44316666666666665 0.6975000000000001 0.6596666666666667 0.7529999999999998 0.38516666666666666 0.5178333333333335 0.074 0.22799999999999998 0.008500000000000002 0.32733333333333337 0.13033333333333336 0.4403333333333333 0.0005 0.009500000000000001 0.0003333333333333333 0.0005 0.03250000000000001 0.6961666666666669 0.6526666666666664 0.8893333333333332 1.0 0.8059999999999998 0.8036666666666666 0.7021666666666667 0.7025000000000001 0.06416666666666666 0.00016666666666666666 0.767166666666667 0.7443333333333331 0.3168333333333333 0.38116666666666665 0.8156666666666669 0.7906666666666666 0.6463333333333334 0.1956666666666667 0.6788333333333334 0.6703333333333333 0.6229999999999998 0.5968333333333333 0.6654999999999999 0.44249999999999984 0.37883333333333336 0.4675 0.0011666666666666665 0.4910000000000001 0.3698333333333333 0.47166666666666673 0.5325 0.4571666666666666 0.10233333333333333 0.2501666666666666 0.2551666666666667 0.24300000000000005 0.028833333333333336 0.026999999999999993 0.008666666666666668 0.00016666666666666666 0.009833333333333335 0.0015000000000000002 0.0013333333333333333 0.008166666666666668 0.7823333333333334 0.6413333333333334 0.6360000000000001 0.5586666666666668 0.1865 0.5526666666666668 0.5276666666666668 0.7434999999999999 0.24583333333333332 0.11316666666666667 0.22600000000000006 0.14699999999999996 0.5219999999999999 0.6748333333333334 0.17966666666666672 0.04499999999999999 0.04366666666666665 0.024 0.12933333333333338 0.22283333333333333 0.7546666666666668 0.4248333333333333 0.10083333333333332 0.47466666666666674 0.6635000000000001 0.5523333333333332 
