1.0 0.853166666666667 0.0 0.0 0.0 0.023666666666666662 0.42716666666666675 0.283 0.6546666666666668 0.6461666666666669 0.7856666666666665 0.8853333333333333 0.74 0.9078333333333332 0.7748333333333329 0.5115000000000001 0.8593333333333333 0.618 0.4451666666666666 0.13749999999999998 0.08066666666666666 0.5870000000000001 0.0 0.0 0.0 0.0 0.0 0.0 0.8199999999999998 0.6990000000000001 0.3456666666666668 0.12283333333333335 0.6398333333333333 0.4076666666666667 0.0 0.0 0.3304999999999999 0.001 0.7515000000000001 0.21016666666666659 0.8670000000000003 0.5486666666666667 0.006666666666666666 0.14933333333333335 0.015666666666666666 0.011166666666666667 0.4663333333333332 0.3364999999999999 0.03133333333333334 0.006333333333333333 0.0325 0.010833333333333332 0.04583333333333331 0.18533333333333332 0.0405 0.0916666666666667 0.9350000000000002 0.8988333333333332 0.6983333333333333 0.391 0.7338333333333331 0.7331666666666665 0.6786666666666664 0.5418333333333333 0.007833333333333335 0.026166666666666668 0.003333333333333333 0.0 0.5371666666666668 0.18250000000000002 0.0 0.004666666666666666 0.8735 0.8075 0.839 0.2915000000000001 0.1655 0.006666666666666667 0.6554999999999999 0.6136666666666667 0.890833333333333 0.7875 0.8911666666666666 0.8793333333333332 0.4406666666666665 0.0 0.7075 0.06566666666666669 0.6991666666666667 0.12033333333333332 
0.853166666666667 1.0 0.0015000000000000002 0.008 0.0016666666666666668 0.0705 0.39800000000000013 0.2366666666666667 0.5275 0.5513333333333335 0.6559999999999999 0.7488333333333331 0.6076666666666668 0.7838333333333334 0.6346666666666665 0.38 0.8220000000000001 0.6166666666666667 0.537 0.19666666666666666 0.05999999999999997 0.5493333333333331 0.03683333333333334 0.02016666666666667 0.0021666666666666666 0.0011666666666666668 0.0015 0.0011666666666666668 0.6808333333333333 0.6343333333333334 0.3575000000000001 0.17683333333333337 0.6523333333333333 0.5293333333333332 0.001 0.0013333333333333333 0.34733333333333344 0.04916666666666665 0.6278333333333335 0.25116666666666665 0.7796666666666667 0.4296666666666667 0.022000000000000002 0.1703333333333333 0.025500000000000002 0.05499999999999998 0.40500000000000014 0.29599999999999993 0.025666666666666667 0.05533333333333332 0.026000000000000006 0.018000000000000002 0.05633333333333331 0.25750000000000006 0.04816666666666667 0.15316666666666662 0.8961666666666666 0.9164999999999999 0.5756666666666667 0.3908333333333332 0.6083333333333334 0.6535000000000001 0.5549999999999999 0.5225000000000001 0.005166666666666666 0.017000000000000005 0.005 0.015 0.5298333333333334 0.3055 0.0026666666666666666 0.056333333333333326 0.7601666666666665 0.7001666666666665 0.7518333333333332 0.2548333333333333 0.2838333333333333 0.06916666666666665 0.6084999999999998 0.6128333333333333 0.7543333333333332 0.6916666666666668 0.7549999999999999 0.7443333333333331 0.3466666666666666 0.0015 0.6423333333333335 0.06333333333333334 0.5908333333333333 0.18866666666666668 
0.0 0.0015000000000000002 1.0 0.9666666666666669 0.976666666666667 0.7851666666666666 0.07116666666666668 0.3615 0.07483333333333335 0.0645 0.0 0.0 0.0003333333333333333 0.0 0.0003333333333333333 0.37883333333333324 0.0 0.013166666666666667 0.241 0.6353333333333334 0.78 0.2936666666666667 0.8625000000000003 0.8905000000000001 0.967166666666667 0.9735 0.977166666666667 0.9771666666666668 0.0005 0.004166666666666667 0.43733333333333335 0.6858333333333332 0.04433333333333333 0.18600000000000005 0.977166666666667 0.9778333333333336 0.44183333333333347 0.7859999999999999 0.145 0.5263333333333334 0.0003333333333333333 0.13433333333333333 0.745166666666667 0.4866666666666665 0.5349999999999998 0.45683333333333337 0.2418333333333333 0.29366666666666663 0.5763333333333334 0.44733333333333325 0.5778333333333333 0.5786666666666666 0.5883333333333334 0.5603333333333333 0.5223333333333333 0.6675000000000001 0.0 0.0 0.01966666666666667 0.06750000000000002 0.0006666666666666666 0.002833333333333333 0.10433333333333335 0.15416666666666667 0.9705000000000001 0.8325000000000005 0.8163333333333332 0.8735000000000004 0.36066666666666664 0.39966666666666667 0.9223333333333333 0.8098333333333333 0.0 0.057333333333333354 0.0003333333333333333 0.586 0.4268333333333333 0.7560000000000002 0.10649999999999998 0.0045000000000000005 0.0 0.03233333333333334 0.0003333333333333333 0.005333333333333333 0.4556666666666666 0.9818333333333338 0.1575 0.9096666666666665 0.02216666666666667 0.6353333333333334 
0.0 0.008 0.9666666666666669 1.0 0.9686666666666665 0.8048333333333335 0.07500000000000001 0.3568333333333333 0.07 0.06416666666666668 0.0 0.0 0.0 0.0 0.0 0.37766666666666665 0.0 0.013166666666666667 0.2568333333333333 0.6613333333333334 0.7719999999999999 0.2828333333333333 0.8828333333333334 0.9101666666666668 0.9665000000000004 0.9701666666666666 0.9705000000000003 0.9691666666666667 0.0 0.0045 0.4558333333333333 0.7070000000000001 0.051166666666666645 0.20133333333333334 0.9725000000000001 0.9721666666666667 0.46233333333333326 0.806333333333333 0.14550000000000002 0.5141666666666667 0.0 0.12400000000000004 0.760166666666667 0.5051666666666667 0.5468333333333333 0.4805 0.22266666666666665 0.3041666666666666 0.5568333333333336 0.47050000000000014 0.5583333333333336 0.5886666666666666 0.5766666666666665 0.5400000000000001 0.5278333333333333 0.6463333333333334 0.0 0.0 0.013000000000000001 0.06750000000000002 0.0 0.0021666666666666666 0.10433333333333335 0.15416666666666667 0.9478333333333334 0.8115000000000003 0.8148333333333332 0.8894999999999998 0.3618333333333333 0.42116666666666674 0.9203333333333332 0.8323333333333331 0.00016666666666666666 0.057500000000000016 0.0025 0.5883333333333332 0.44883333333333325 0.7793333333333335 0.12716666666666668 0.004333333333333333 0.0 0.03233333333333334 0.0 0.005 0.45166666666666666 0.9618333333333335 0.1363333333333333 0.8903333333333334 0.021333333333333333 0.6158333333333333 
0.0 0.0016666666666666668 0.976666666666667 0.9686666666666665 1.0 0.7966666666666667 0.07133333333333335 0.3518333333333333 0.06733333333333331 0.0635 0.0 0.00016666666666666666 0.0 0.0 0.00016666666666666666 0.37999999999999995 0.0 0.012333333333333333 0.24783333333333332 0.6506666666666666 0.7818333333333333 0.2930000000000001 0.875 0.9048333333333334 0.9785000000000005 0.9815000000000004 0.9865000000000004 0.984166666666667 0.00016666666666666666 0.004166666666666667 0.45150000000000007 0.6986666666666665 0.04483333333333332 0.1895000000000001 0.9825000000000006 0.9845000000000003 0.45866666666666667 0.8001666666666664 0.149 0.5265 0.00016666666666666666 0.1265 0.7588333333333336 0.49916666666666676 0.5441666666666665 0.46950000000000003 0.22516666666666663 0.306 0.5603333333333333 0.45949999999999996 0.5615000000000001 0.5873333333333332 0.5798333333333333 0.5468333333333333 0.5216666666666667 0.6535000000000002 0.0 0.0 0.01416666666666667 0.0665 0.0 0.0021666666666666666 0.1041666666666667 0.15333333333333335 0.9581666666666667 0.8153333333333335 0.8234999999999998 0.8851666666666671 0.36216666666666664 0.41400000000000003 0.9299999999999998 0.8238333333333334 0.00016666666666666666 0.05983333333333335 0.0015 0.5844999999999999 0.44199999999999995 0.7705000000000004 0.12166666666666666 0.0038333333333333336 0.00016666666666666666 0.03233333333333334 0.0 0.005333333333333333 0.4518333333333333 0.9701666666666668 0.14483333333333331 0.8943333333333334 0.02166666666666667 0.6209999999999998 
0.023666666666666662 0.0705 0.7851666666666666 0.8048333333333335 0.7966666666666667 1.0 0.1363333333333333 0.38966666666666677 0.1133333333333333 0.11033333333333334 0.047499999999999994 0.02850000000000001 0.046499999999999986 0.023999999999999994 0.04633333333333332 0.32266666666666666 0.023833333333333328 0.05833333333333334 0.3021666666666667 0.7111666666666667 0.6095 0.20983333333333334 0.8653333333333335 0.843 0.8049999999999998 0.7994999999999999 0.7923333333333333 0.7931666666666668 0.0435 0.05 0.4553333333333335 0.7968333333333333 0.11649999999999999 0.32416666666666655 0.7949999999999998 0.7959999999999998 0.4688333333333335 0.8196666666666669 0.08350000000000002 0.41816666666666663 0.0235 0.107 0.6906666666666668 0.5303333333333332 0.5325000000000002 0.5735 0.1368333333333333 0.2466666666666667 0.4756666666666666 0.5816666666666667 0.47900000000000015 0.5246666666666666 0.44116666666666676 0.4401666666666667 0.5090000000000001 0.48350000000000004 0.024 0.024 0.049499999999999975 0.113 0.04749999999999998 0.04983333333333333 0.15233333333333332 0.20016666666666663 0.7649999999999997 0.7471666666666669 0.6836666666666668 0.8131666666666668 0.3021666666666668 0.45433333333333337 0.7663333333333334 0.8683333333333333 0.033833333333333326 0.06266666666666665 0.06716666666666667 0.6086666666666667 0.48700000000000004 0.7989999999999999 0.15483333333333332 0.05083333333333332 0.02833333333333334 0.07916666666666668 0.02416666666666667 0.029666666666666668 0.36 0.7778333333333332 0.058666666666666645 0.7085000000000001 0.06766666666666667 0.4519999999999999 
0.42716666666666675 0.39800000000000013 0.07116666666666668 0.07500000000000001 0.07133333333333335 0.1363333333333333 1.0 0.5366666666666666 0.5985 0.6520000000000001 0.5983333333333332 0.4494999999999999 0.6418333333333334 0.4329999999999999 0.5391666666666667 0.3793333333333333 0.31549999999999995 0.42316666666666647 0.48999999999999994 0.14850000000000002 0.10333333333333336 0.3213333333333333 0.12750000000000003 0.1201666666666667 0.07716666666666666 0.06966666666666668 0.0685 0.0691666666666667 0.494 0.347 0.17233333333333334 0.16049999999999995 0.28966666666666674 0.3386666666666666 0.06833333333333334 0.06883333333333334 0.3241666666666667 0.10216666666666666 0.3893333333333334 0.12233333333333335 0.3326666666666667 0.5356666666666666 0.22899999999999998 0.24549999999999997 0.33583333333333343 0.3456666666666665 0.42633333333333334 0.4656666666666666 0.3146666666666666 0.34399999999999986 0.33116666666666666 0.3176666666666667 0.1966666666666666 0.17633333333333337 0.3146666666666667 0.14683333333333334 0.41016666666666673 0.4 0.6575 0.5428333333333335 0.6481666666666667 0.6696666666666665 0.4385000000000001 0.4198333333333332 0.08133333333333331 0.19533333333333336 0.21366666666666664 0.127 0.40033333333333326 0.2808333333333334 0.0675 0.10950000000000001 0.4069999999999998 0.3931666666666666 0.4278333333333331 0.1738333333333334 0.2521666666666666 0.11350000000000003 0.4490000000000001 0.44 0.44133333333333336 0.5343333333333334 0.4186666666666666 0.4151666666666666 0.35016666666666657 0.06833333333333334 0.38616666666666666 0.1365 0.6671666666666666 0.15833333333333333 
0.283 0.2366666666666667 0.3615 0.3568333333333333 0.3518333333333333 0.38966666666666677 0.5366666666666666 1.0 0.5326666666666667 0.5668333333333333 0.4241666666666665 0.2785 0.4673333333333332 0.2615 0.3655 0.2095 0.2791666666666667 0.45166666666666666 0.27416666666666667 0.37116666666666676 0.18716666666666665 0.12499999999999996 0.3491666666666666 0.35016666666666657 0.35216666666666663 0.35399999999999987 0.3539999999999999 0.3534999999999999 0.3245000000000001 0.3736666666666666 0.2943333333333334 0.3848333333333334 0.3428333333333333 0.3881666666666666 0.3543333333333333 0.3541666666666666 0.031500000000000014 0.2808333333333334 0.2143333333333334 0.10016666666666668 0.2345 0.2948333333333334 0.46283333333333326 0.4721666666666667 0.589 0.5646666666666667 0.18416666666666667 0.2054999999999999 0.6136666666666666 0.5655000000000001 0.6298333333333332 0.5758333333333332 0.33016666666666666 0.21583333333333332 0.6006666666666665 0.20149999999999998 0.2851666666666666 0.28166666666666673 0.48083333333333333 0.6023333333333334 0.47700000000000004 0.4763333333333333 0.5055 0.6120000000000001 0.3446666666666667 0.5053333333333333 0.49633333333333335 0.3868333333333333 0.2728333333333334 0.10983333333333337 0.31949999999999995 0.3484999999999999 0.22400000000000003 0.1965 0.1893333333333334 0.5773333333333333 0.11266666666666664 0.26899999999999996 0.09600000000000002 0.4571666666666666 0.2701666666666668 0.41716666666666663 0.24816666666666662 0.24683333333333335 0.163 0.36316666666666664 0.10283333333333335 0.29749999999999993 0.49449999999999983 0.21550000000000005 
0.6546666666666668 0.5275 0.07483333333333335 0.07 0.06733333333333331 0.1133333333333333 0.5985 0.5326666666666667 1.0 0.8115000000000003 0.8551666666666666 0.7121666666666665 0.8894999999999996 0.6931666666666666 0.8021666666666666 0.5261666666666666 0.5549999999999999 0.6046666666666667 0.28966666666666663 0.06799999999999999 0.17966666666666664 0.376 0.06649999999999999 0.06633333333333331 0.06649999999999999 0.06749999999999998 0.06849999999999998 0.06799999999999998 0.7581666666666667 0.6295 0.29466666666666663 0.08450000000000003 0.5068333333333335 0.20049999999999993 0.06899999999999999 0.06799999999999998 0.24216666666666672 0.043 0.6375 0.13549999999999998 0.5935 0.6356666666666668 0.15183333333333332 0.24183333333333326 0.18883333333333335 0.1675 0.45916666666666667 0.3048333333333334 0.20849999999999994 0.16799999999999998 0.22266666666666662 0.17366666666666664 0.0738333333333333 0.1131666666666667 0.1966666666666666 0.09633333333333331 0.613 0.5736666666666668 0.8829999999999997 0.508 0.8891666666666661 0.7881666666666665 0.7691666666666667 0.6163333333333333 0.08966666666666663 0.21366666666666664 0.18633333333333332 0.09616666666666669 0.4291666666666667 0.12283333333333334 0.04449999999999999 0.07116666666666666 0.6586666666666666 0.5970000000000001 0.6236666666666665 0.25499999999999995 0.11983333333333335 0.044 0.511 0.6244999999999998 0.704 0.7488333333333336 0.6823333333333335 0.6785 0.4573333333333332 0.075 0.5101666666666665 0.11099999999999997 0.8638333333333332 0.11866666666666664 
0.6461666666666669 0.5513333333333335 0.0645 0.06416666666666668 0.0635 0.11033333333333334 0.6520000000000001 0.5668333333333333 0.8115000000000003 1.0 0.8375 0.6926666666666668 0.8806666666666666 0.6743333333333332 0.7805 0.49683333333333346 0.5391666666666666 0.6231666666666665 0.38099999999999995 0.10550000000000001 0.10399999999999998 0.44933333333333325 0.064 0.06400000000000002 0.06366666666666668 0.06416666666666666 0.064 0.06416666666666666 0.7365000000000002 0.5766666666666668 0.2318333333333333 0.083 0.4588333333333334 0.22749999999999995 0.06433333333333334 0.06433333333333334 0.20350000000000001 0.06416666666666666 0.6099999999999999 0.047 0.5641666666666667 0.6211666666666666 0.17116666666666666 0.2615 0.21049999999999996 0.19000000000000003 0.5008333333333334 0.37683333333333335 0.2205 0.1893333333333333 0.23650000000000004 0.1953333333333333 0.12066666666666666 0.10600000000000001 0.21283333333333332 0.07916666666666669 0.6211666666666666 0.6005 0.8694999999999999 0.5011666666666666 0.8891666666666664 0.8508333333333331 0.6998333333333333 0.6355 0.05833333333333335 0.20133333333333334 0.2045 0.10150000000000002 0.46666666666666673 0.13716666666666666 0.064 0.06983333333333333 0.6361666666666667 0.5939999999999999 0.5999999999999999 0.2690000000000001 0.10883333333333337 0.059833333333333336 0.4763333333333333 0.6420000000000001 0.6821666666666668 0.779 0.6601666666666666 0.6586666666666666 0.4136666666666666 0.06366666666666668 0.46799999999999997 0.11983333333333329 0.8631666666666665 0.1005 
0.7856666666666665 0.6559999999999999 0.0 0.0 0.0 0.047499999999999994 0.5983333333333332 0.4241666666666665 0.8551666666666666 0.8375 1.0 0.845166666666667 0.9408333333333334 0.8285000000000002 0.9248333333333334 0.5804999999999999 0.6738333333333335 0.6388333333333331 0.36749999999999994 0.05800000000000001 0.11283333333333333 0.4938333333333334 0.0 0.0 0.0 0.0 0.0 0.0 0.8896666666666668 0.7084999999999998 0.3031666666666667 0.02283333333333333 0.5376666666666668 0.2253333333333333 0.0 0.0 0.2810000000000001 0.0 0.7611666666666665 0.09366666666666669 0.7214999999999999 0.7284999999999999 0.06166666666666666 0.2046666666666667 0.08866666666666667 0.0725 0.5604999999999998 0.39883333333333326 0.10616666666666662 0.06850000000000002 0.11683333333333332 0.07316666666666666 0.046499999999999986 0.06933333333333336 0.11250000000000002 0.043833333333333335 0.7425 0.7035000000000001 0.9045000000000003 0.45433333333333337 0.9356666666666665 0.8529999999999999 0.8065000000000004 0.5994999999999999 0.015333333333333336 0.13066666666666668 0.08899999999999998 0.015666666666666666 0.4816666666666667 0.12566666666666662 0.0 0.005333333333333333 0.792 0.7271666666666665 0.7568333333333332 0.20550000000000004 0.09983333333333333 0.0006666666666666666 0.6293333333333332 0.6606666666666666 0.8383333333333336 0.8631666666666669 0.8153333333333334 0.8108333333333333 0.5003333333333333 0.0 0.624 0.0686666666666667 0.875833333333333 0.0671666666666667 
0.8853333333333333 0.7488333333333331 0.0 0.0 0.00016666666666666666 0.02850000000000001 0.4494999999999999 0.2785 0.7121666666666665 0.6926666666666668 0.845166666666667 1.0 0.7998333333333334 0.9571666666666672 0.8788333333333334 0.596 0.7733333333333334 0.5526666666666668 0.3891666666666667 0.13083333333333336 0.11449999999999996 0.6279999999999999 0.00016666666666666666 0.0 0.0 0.0 0.0 0.0 0.9229999999999998 0.6814999999999999 0.40800000000000003 0.10333333333333332 0.5748333333333332 0.31416666666666676 0.0 0.0 0.28766666666666674 0.0 0.8111666666666666 0.14516666666666664 0.8663333333333334 0.6515 0.006666666666666666 0.15916666666666668 0.02116666666666667 0.013499999999999996 0.5466666666666666 0.3926666666666668 0.037500000000000006 0.008666666666666668 0.03866666666666667 0.012 0.03783333333333333 0.10433333333333333 0.04666666666666667 0.019833333333333335 0.8360000000000001 0.7964999999999999 0.7596666666666668 0.3216666666666667 0.7933333333333333 0.7494999999999998 0.7395000000000002 0.5105000000000001 0.015333333333333336 0.044666666666666674 0.004666666666666666 0.0 0.4533333333333332 0.09366666666666668 0.0 0.005 0.9408333333333332 0.8758333333333335 0.9036666666666667 0.2721666666666667 0.07566666666666665 0.0006666666666666666 0.7361666666666667 0.5478333333333333 0.9758333333333334 0.8463333333333334 0.9625000000000001 0.9555000000000001 0.5196666666666667 0.00016666666666666666 0.7715 0.06900000000000002 0.7271666666666668 0.041333333333333326 
0.74 0.6076666666666668 0.0003333333333333333 0.0 0.0 0.046499999999999986 0.6418333333333334 0.4673333333333332 0.8894999999999996 0.8806666666666666 0.9408333333333334 0.7998333333333334 1.0 0.7818333333333335 0.8905000000000003 0.5806666666666667 0.6285000000000001 0.6459999999999999 0.3611666666666667 0.035333333333333335 0.11216666666666664 0.44816666666666677 0.0 0.0 0.0 0.0 0.0 0.0 0.8463333333333333 0.6744999999999999 0.261 0.018833333333333334 0.5180000000000001 0.19616666666666668 0.0 0.0 0.2823333333333333 0.0 0.7223333333333334 0.09483333333333334 0.6745 0.7023333333333333 0.1 0.20566666666666666 0.131 0.11100000000000002 0.524 0.3751666666666666 0.14249999999999996 0.11033333333333337 0.15749999999999997 0.11600000000000003 0.05899999999999998 0.066 0.1376666666666667 0.042666666666666665 0.6951666666666667 0.6545000000000002 0.9473333333333336 0.47683333333333344 0.9738333333333338 0.8669999999999999 0.7809999999999997 0.6178333333333335 0.015500000000000003 0.13733333333333336 0.13166666666666665 0.034666666666666665 0.4795000000000001 0.126 0.0 0.005166666666666666 0.7466666666666668 0.6813333333333336 0.7108333333333334 0.20200000000000004 0.09899999999999999 0.0006666666666666666 0.5873333333333334 0.6724999999999999 0.7929999999999999 0.8365000000000002 0.7706666666666667 0.7658333333333335 0.5006666666666665 0.0 0.5781666666666668 0.06883333333333336 0.9208333333333333 0.06583333333333335 
0.9078333333333332 0.7838333333333334 0.0 0.0 0.0 0.023999999999999994 0.4329999999999999 0.2615 0.6931666666666666 0.6743333333333332 0.8285000000000002 0.9571666666666672 0.7818333333333335 1.0 0.8446666666666668 0.5793333333333333 0.8031666666666665 0.5373333333333333 0.3978333333333333 0.1325 0.11449999999999999 0.6483333333333334 0.0 0.0 0.00016666666666666666 0.0 0.0 0.0 0.8908333333333336 0.6628333333333333 0.3976666666666668 0.12683333333333338 0.5701666666666667 0.34216666666666673 0.00016666666666666666 0.0 0.2851666666666667 0.0 0.8079999999999998 0.16166666666666665 0.8855 0.6174999999999999 0.006500000000000001 0.15499999999999997 0.014499999999999999 0.010833333333333332 0.5295 0.3906666666666668 0.028833333333333332 0.006 0.029666666666666664 0.010666666666666666 0.039 0.1335 0.03849999999999999 0.030000000000000013 0.8691666666666665 0.8303333333333335 0.7438333333333336 0.30666666666666664 0.7753333333333334 0.7331666666666665 0.7216666666666666 0.49466666666666653 0.01516666666666667 0.021833333333333337 0.0034999999999999996 0.0 0.46166666666666656 0.10366666666666663 0.00016666666666666666 0.0045 0.956666666666667 0.8886666666666666 0.9198333333333335 0.29616666666666674 0.08883333333333333 0.0008333333333333333 0.7254999999999997 0.5321666666666665 0.9586666666666672 0.8268333333333336 0.9646666666666671 0.9565000000000005 0.5108333333333333 0.0 0.7895 0.06916666666666668 0.7113333333333333 0.05066666666666667 
0.7748333333333329 0.6346666666666665 0.0003333333333333333 0.0 0.00016666666666666666 0.04633333333333332 0.5391666666666667 0.3655 0.8021666666666666 0.7805 0.9248333333333334 0.8788333333333334 0.8905000000000003 0.8446666666666668 1.0 0.608 0.66 0.5846666666666667 0.3283333333333334 0.06433333333333333 0.11349999999999998 0.5281666666666667 0.0005 0.00016666666666666666 0.0005 0.00016666666666666666 0.0 0.0003333333333333333 0.9448333333333335 0.6951666666666667 0.35999999999999993 0.025333333333333336 0.5106666666666666 0.20033333333333336 0.0003333333333333333 0.0003333333333333333 0.2948333333333333 0.0003333333333333333 0.8083333333333331 0.11450000000000003 0.7733333333333331 0.7438333333333333 0.04416666666666668 0.19783333333333342 0.07316666666666666 0.05633333333333332 0.5928333333333335 0.40583333333333327 0.09083333333333332 0.05233333333333332 0.10166666666666668 0.05649999999999999 0.03866666666666667 0.03266666666666666 0.09550000000000003 0.016 0.7226666666666667 0.6819999999999999 0.8498333333333337 0.39233333333333337 0.877166666666667 0.7961666666666667 0.7676666666666668 0.5454999999999999 0.01616666666666667 0.12699999999999997 0.06833333333333333 0.008333333333333333 0.4403333333333333 0.08266666666666665 0.00016666666666666666 0.005333333333333333 0.8471666666666668 0.7763333333333334 0.8115000000000001 0.20316666666666663 0.05983333333333334 0.0011666666666666668 0.6779999999999998 0.6015 0.8758333333333336 0.8426666666666667 0.8728333333333333 0.8706666666666664 0.5271666666666668 0.0005 0.6763333333333332 0.06950000000000002 0.8164999999999998 0.03166666666666666 
0.5115000000000001 0.38 0.37883333333333324 0.37766666666666665 0.37999999999999995 0.32266666666666666 0.3793333333333333 0.2095 0.5261666666666666 0.49683333333333346 0.5804999999999999 0.596 0.5806666666666667 0.5793333333333333 0.608 1.0 0.39916666666666667 0.2886666666666667 0.34083333333333343 0.2248333333333333 0.4835000000000001 0.2936666666666667 0.3806666666666667 0.37933333333333336 0.3795 0.37816666666666665 0.3795 0.37983333333333325 0.6073333333333332 0.36949999999999994 0.21199999999999997 0.25599999999999995 0.24183333333333334 0.12849999999999998 0.37750000000000006 0.37983333333333325 0.6598333333333332 0.38066666666666665 0.6838333333333333 0.3976666666666668 0.5085 0.4605 0.2231666666666667 0.017333333333333336 0.010166666666666668 0.010833333333333335 0.3470000000000001 0.31166666666666665 0.014833333333333336 0.014833333333333336 0.016333333333333335 0.010666666666666666 0.16400000000000003 0.28783333333333333 0.011833333333333336 0.36633333333333323 0.4638333333333334 0.42750000000000005 0.5536666666666669 0.2798333333333334 0.577 0.5161666666666668 0.4453333333333333 0.2545 0.39549999999999996 0.28116666666666673 0.2195 0.3306666666666667 0.7805000000000001 0.41533333333333333 0.3775 0.38183333333333347 0.5816666666666667 0.5305 0.5438333333333335 0.3736666666666666 0.39533333333333326 0.38083333333333336 0.48450000000000004 0.2986666666666667 0.5974999999999998 0.5341666666666667 0.6003333333333333 0.6083333333333332 0.9039999999999999 0.38083333333333336 0.41050000000000003 0.44800000000000006 0.5718333333333334 0.38616666666666677 
0.8593333333333333 0.8220000000000001 0.0 0.0 0.0 0.023833333333333328 0.31549999999999995 0.2791666666666667 0.5549999999999999 0.5391666666666666 0.6738333333333335 0.7733333333333334 0.6285000000000001 0.8031666666666665 0.66 0.39916666666666667 1.0 0.7201666666666666 0.4013333333333333 0.146 0.09866666666666667 0.4826666666666666 0.0 0.0 0.0 0.0 0.0 0.0 0.7070000000000001 0.7973333333333333 0.3450000000000001 0.1276666666666667 0.7475000000000002 0.4854999999999998 0.0 0.0 0.28900000000000003 0.043166666666666666 0.6461666666666669 0.3161666666666667 0.8606666666666665 0.43483333333333335 0.006500000000000001 0.1475 0.014166666666666668 0.011 0.35333333333333333 0.22516666666666665 0.0285 0.006333333333333333 0.029333333333333336 0.010833333333333332 0.109 0.29150000000000004 0.03833333333333333 0.19383333333333333 0.883 0.8778333333333334 0.5901666666666668 0.4831666666666667 0.6240000000000001 0.6161666666666668 0.6240000000000001 0.5894999999999999 0.0075 0.0215 0.003333333333333333 0.0 0.4904999999999999 0.28916666666666674 0.016166666666666673 0.004833333333333333 0.7728333333333332 0.7045 0.7366666666666667 0.2968333333333334 0.2733333333333332 0.05266666666666666 0.546 0.7180000000000001 0.7788333333333333 0.7001666666666665 0.7798333333333332 0.7696666666666665 0.33299999999999996 0.0 0.6056666666666668 0.042 0.5979999999999998 0.22616666666666663 
0.618 0.6166666666666667 0.013166666666666667 0.013166666666666667 0.012333333333333333 0.05833333333333334 0.42316666666666647 0.45166666666666666 0.6046666666666667 0.6231666666666665 0.6388333333333331 0.5526666666666668 0.6459999999999999 0.5373333333333333 0.5846666666666667 0.2886666666666667 0.7201666666666666 1.0 0.37333333333333335 0.115 0.07116666666666666 0.25016666666666665 0.0125 0.012833333333333332 0.0125 0.012833333333333332 0.0125 0.0125 0.5920000000000001 0.8438333333333331 0.23283333333333342 0.047333333333333324 0.792 0.4516666666666667 0.012833333333333332 0.013000000000000001 0.18166666666666667 0.07716666666666668 0.4708333333333334 0.3308333333333334 0.5936666666666666 0.3990000000000001 0.0745 0.1921666666666667 0.10316666666666664 0.08583333333333332 0.25333333333333335 0.12233333333333332 0.11433333333333334 0.08533333333333333 0.1295 0.09433333333333335 0.17833333333333334 0.30883333333333324 0.12316666666666666 0.2848333333333333 0.6523333333333334 0.6748333333333334 0.6141666666666667 0.7150000000000002 0.6498333333333335 0.7020000000000002 0.6743333333333333 0.8071666666666667 0.012833333333333334 0.13450000000000004 0.10716666666666665 0.03416666666666667 0.44749999999999995 0.39250000000000024 0.04783333333333334 0.017833333333333336 0.4993333333333333 0.4366666666666667 0.4645 0.22416666666666665 0.3778333333333333 0.08983333333333335 0.3358333333333334 0.9421666666666668 0.5460000000000002 0.6468333333333334 0.5236666666666666 0.5151666666666668 0.20866666666666664 0.012833333333333332 0.3326666666666666 0.026000000000000002 0.6380000000000002 0.3233333333333335 
0.4451666666666666 0.537 0.241 0.2568333333333333 0.24783333333333332 0.3021666666666667 0.48999999999999994 0.27416666666666667 0.28966666666666663 0.38099999999999995 0.36749999999999994 0.3891666666666667 0.3611666666666667 0.3978333333333333 0.3283333333333334 0.34083333333333343 0.4013333333333333 0.37333333333333335 1.0 0.5296666666666665 0.1751666666666667 0.3321666666666666 0.35499999999999987 0.32666666666666655 0.2546666666666667 0.24599999999999994 0.243 0.2446666666666667 0.35533333333333333 0.3053333333333333 0.39466666666666667 0.32666666666666666 0.3988333333333333 0.5581666666666668 0.24316666666666667 0.24433333333333337 0.5116666666666667 0.3546666666666667 0.3951666666666668 0.20883333333333332 0.3683333333333333 0.264 0.3433333333333334 0.2925 0.215 0.29833333333333334 0.27283333333333337 0.324 0.14016666666666677 0.30800000000000005 0.14100000000000001 0.19399999999999998 0.20566666666666666 0.3333333333333332 0.19466666666666677 0.32100000000000006 0.4709999999999999 0.483 0.3561666666666666 0.2706666666666666 0.3641666666666668 0.4603333333333333 0.27283333333333337 0.3295000000000001 0.23066666666666666 0.1691666666666666 0.2726666666666667 0.3146666666666666 0.4811666666666668 0.5436666666666666 0.24450000000000002 0.389 0.3863333333333333 0.35966666666666675 0.4226666666666666 0.16016666666666665 0.49283333333333323 0.3853333333333333 0.5426666666666667 0.35449999999999987 0.38666666666666666 0.4378333333333334 0.3758333333333333 0.3683333333333334 0.3638333333333334 0.23883333333333334 0.3581666666666667 0.3003333333333334 0.38233333333333336 0.3440000000000001 
0.13749999999999998 0.19666666666666666 0.6353333333333334 0.6613333333333334 0.6506666666666666 0.7111666666666667 0.14850000000000002 0.37116666666666676 0.06799999999999999 0.10550000000000001 0.05800000000000001 0.13083333333333336 0.035333333333333335 0.1325 0.06433333333333333 0.2248333333333333 0.146 0.115 0.5296666666666665 1.0 0.45183333333333325 0.2565 0.7678333333333334 0.7403333333333335 0.6598333333333336 0.652 0.6461666666666668 0.6476666666666666 0.09766666666666665 0.11216666666666665 0.605 0.7373333333333332 0.23916666666666675 0.4991666666666667 0.6468333333333335 0.6496666666666667 0.41983333333333334 0.7309999999999998 0.13799999999999998 0.2613333333333333 0.13033333333333338 0.07300000000000001 0.7081666666666667 0.5466666666666667 0.4915 0.5845000000000001 0.12633333333333333 0.26300000000000007 0.4086666666666666 0.5965 0.40583333333333327 0.47350000000000003 0.40499999999999986 0.3601666666666665 0.4711666666666667 0.3794999999999999 0.1413333333333333 0.14516666666666667 0.033666666666666664 0.09283333333333334 0.03766666666666667 0.08383333333333333 0.20466666666666666 0.2493333333333333 0.6174999999999998 0.5444999999999998 0.6243333333333333 0.7028333333333336 0.24533333333333335 0.46483333333333343 0.6418333333333334 0.7946666666666664 0.13933333333333336 0.1585 0.1753333333333333 0.4946666666666666 0.4581666666666665 0.7481666666666663 0.33166666666666667 0.08966666666666667 0.13016666666666668 0.15316666666666667 0.12850000000000003 0.12483333333333334 0.2585 0.6311666666666665 0.13783333333333336 0.561 0.04866666666666666 0.37550000000000006 
0.08066666666666666 0.05999999999999997 0.78 0.7719999999999999 0.7818333333333333 0.6095 0.10333333333333336 0.18716666666666665 0.17966666666666664 0.10399999999999998 0.11283333333333333 0.11449999999999996 0.11216666666666664 0.11449999999999999 0.11349999999999998 0.4835000000000001 0.09866666666666667 0.07116666666666666 0.1751666666666667 0.45183333333333325 1.0 0.37116666666666664 0.6663333333333332 0.6983333333333335 0.7759999999999998 0.7841666666666666 0.7881666666666667 0.7869999999999999 0.11516666666666664 0.118 0.36266666666666664 0.4965000000000001 0.12083333333333332 0.16150000000000003 0.7893333333333332 0.7881666666666667 0.5139999999999999 0.6606666666666666 0.25699999999999995 0.6258333333333332 0.11766666666666666 0.25516666666666665 0.559 0.3066666666666667 0.35516666666666663 0.27416666666666656 0.3286666666666666 0.35050000000000003 0.40800000000000014 0.265 0.4111666666666668 0.3976666666666665 0.5135000000000001 0.5701666666666668 0.36666666666666664 0.6931666666666666 0.06833333333333333 0.058499999999999976 0.135 0.11633333333333333 0.11299999999999999 0.0855 0.1931666666666667 0.12116666666666669 0.7843333333333335 0.654 0.6343333333333334 0.6838333333333333 0.409 0.45316666666666683 0.7634999999999998 0.6244999999999998 0.11749999999999998 0.17566666666666664 0.1175 0.4136666666666667 0.48583333333333334 0.6218333333333333 0.2093333333333333 0.07433333333333333 0.11533333333333327 0.10050000000000002 0.11599999999999998 0.12016666666666664 0.5498333333333334 0.7766666666666667 0.2740000000000001 0.7238333333333332 0.12766666666666665 0.6651666666666668 
0.5870000000000001 0.5493333333333331 0.2936666666666667 0.2828333333333333 0.2930000000000001 0.20983333333333334 0.3213333333333333 0.12499999999999996 0.376 0.44933333333333325 0.4938333333333334 0.6279999999999999 0.44816666666666677 0.6483333333333334 0.5281666666666667 0.2936666666666667 0.4826666666666666 0.25016666666666665 0.3321666666666666 0.2565 0.37116666666666664 1.0 0.17716666666666672 0.2075 0.2851666666666667 0.2949999999999999 0.2985 0.29633333333333334 0.5718333333333334 0.33066666666666655 0.43333333333333335 0.2771666666666667 0.3013333333333333 0.24766666666666665 0.299 0.2965 0.23633333333333342 0.17716666666666664 0.5244999999999999 0.2748333333333333 0.5726666666666665 0.625833333333333 0.23200000000000004 0.37316666666666665 0.27166666666666667 0.18316666666666667 0.7460000000000002 0.6493333333333332 0.3399999999999999 0.16616666666666668 0.34083333333333327 0.3043333333333333 0.3654999999999999 0.32 0.30733333333333335 0.21599999999999997 0.5624999999999999 0.5450000000000002 0.4561666666666666 0.04783333333333333 0.4458333333333334 0.4551666666666666 0.38816666666666677 0.228 0.28616666666666674 0.30483333333333335 0.30216666666666664 0.24166666666666678 0.193 0.0693333333333333 0.29683333333333334 0.13949999999999999 0.6565000000000001 0.7238333333333334 0.6548333333333334 0.2536666666666667 0.07266666666666666 0.1475 0.61 0.23966666666666664 0.6343333333333334 0.519 0.6461666666666668 0.6446666666666668 0.33100000000000007 0.289 0.8128333333333332 0.35366666666666674 0.3886666666666666 0.19149999999999998 
0.0 0.03683333333333334 0.8625000000000003 0.8828333333333334 0.875 0.8653333333333335 0.12750000000000003 0.3491666666666666 0.06649999999999999 0.064 0.0 0.00016666666666666666 0.0 0.0 0.0005 0.3806666666666667 0.0 0.0125 0.35499999999999987 0.7678333333333334 0.6663333333333332 0.17716666666666672 1.0 0.9608333333333338 0.8855000000000001 0.8768333333333334 0.8711666666666666 0.8728333333333333 0.0005 0.004 0.5618333333333332 0.8129999999999998 0.06883333333333332 0.28216666666666673 0.8698333333333332 0.8745 0.5656666666666665 0.8854999999999998 0.14350000000000004 0.4106666666666667 0.0005 0.043500000000000004 0.7891666666666667 0.5464999999999999 0.5093333333333332 0.5826666666666664 0.11033333333333334 0.25666666666666665 0.4466666666666667 0.575 0.44750000000000006 0.5028333333333334 0.4658333333333331 0.4311666666666667 0.4779999999999999 0.5378333333333334 0.0 0.0 0.0016666666666666666 0.0665 0.0 0.0021666666666666666 0.10400000000000002 0.1535 0.8446666666666668 0.7048333333333335 0.7131666666666666 0.8678333333333335 0.36216666666666664 0.5291666666666667 0.8326666666666667 0.9420000000000003 0.006500000000000001 0.035500000000000004 0.03783333333333335 0.5801666666666666 0.5506666666666665 0.8871666666666667 0.2318333333333333 0.003666666666666667 0.00016666666666666666 0.03233333333333334 0.0003333333333333333 0.006 0.4436666666666666 0.8576666666666668 0.03583333333333333 0.7855 0.021166666666666667 0.5166666666666664 
0.0 0.02016666666666667 0.8905000000000001 0.9101666666666668 0.9048333333333334 0.843 0.1201666666666667 0.35016666666666657 0.06633333333333331 0.06400000000000002 0.0 0.0 0.0 0.0 0.00016666666666666666 0.37933333333333336 0.0 0.012833333333333332 0.32666666666666655 0.7403333333333335 0.6983333333333335 0.2075 0.9608333333333338 1.0 0.9133333333333333 0.9063333333333332 0.8996666666666667 0.9019999999999999 0.0003333333333333333 0.004166666666666667 0.5366666666666667 0.7854999999999999 0.05999999999999996 0.25466666666666665 0.9003333333333332 0.9026666666666668 0.5414999999999999 0.873 0.14583333333333337 0.44050000000000006 0.00016666666666666666 0.05649999999999999 0.802 0.5528333333333332 0.5245000000000001 0.5571666666666667 0.1416666666666667 0.28266666666666673 0.47699999999999987 0.5488333333333333 0.478 0.5269999999999999 0.4973333333333334 0.4614999999999998 0.49383333333333335 0.5678333333333334 0.0 0.00016666666666666666 0.0031666666666666666 0.06683333333333334 0.0 0.0021666666666666666 0.1041666666666667 0.15366666666666667 0.8719999999999999 0.7343333333333334 0.7423333333333333 0.8800000000000003 0.36216666666666664 0.5005000000000001 0.8574999999999998 0.9125 0.0036666666666666666 0.04233333333333333 0.028166666666666663 0.5843333333333334 0.5271666666666665 0.8589999999999999 0.20666666666666667 0.004 0.0 0.03233333333333334 0.0 0.0055000000000000005 0.4465000000000002 0.8863333333333334 0.05949999999999998 0.8148333333333336 0.021333333333333333 0.5428333333333333 
0.0 0.0021666666666666666 0.967166666666667 0.9665000000000004 0.9785000000000005 0.8049999999999998 0.07716666666666666 0.35216666666666663 0.06649999999999999 0.06366666666666668 0.0 0.0 0.0 0.00016666666666666666 0.0005 0.3795 0.0 0.0125 0.2546666666666667 0.6598333333333336 0.7759999999999998 0.2851666666666667 0.8855000000000001 0.9133333333333333 1.0 0.9790000000000003 0.9766666666666669 0.9766666666666671 0.0006666666666666666 0.004333333333333333 0.45966666666666645 0.7093333333333333 0.04583333333333332 0.19533333333333336 0.9750000000000003 0.9773333333333336 0.46650000000000014 0.8101666666666667 0.14783333333333337 0.5184999999999998 0.0005 0.11949999999999998 0.7666666666666668 0.5075 0.5495 0.47883333333333317 0.2186666666666667 0.3133333333333333 0.5536666666666666 0.46949999999999986 0.555 0.586 0.5745000000000001 0.5386666666666665 0.5203333333333334 0.6456666666666666 0.0 0.0 0.013000000000000001 0.06666666666666668 0.0 0.0021666666666666666 0.10433333333333335 0.15333333333333335 0.9493333333333333 0.8088333333333334 0.8169999999999996 0.8939999999999999 0.36216666666666664 0.4218333333333333 0.9291666666666668 0.8341666666666668 0.0003333333333333333 0.05816666666666667 0.004833333333333333 0.5858333333333333 0.4511666666666667 0.7830000000000003 0.12966666666666668 0.004 0.0 0.03233333333333334 0.0005 0.0055000000000000005 0.45216666666666666 0.9603333333333336 0.1368333333333333 0.8860000000000001 0.021500000000000005 0.615 
0.0 0.0011666666666666668 0.9735 0.9701666666666666 0.9815000000000004 0.7994999999999999 0.06966666666666668 0.35399999999999987 0.06749999999999998 0.06416666666666666 0.0 0.0 0.0 0.0 0.00016666666666666666 0.37816666666666665 0.0 0.012833333333333332 0.24599999999999994 0.652 0.7841666666666666 0.2949999999999999 0.8768333333333334 0.9063333333333332 0.9790000000000003 1.0 0.9826666666666672 0.9853333333333338 0.0003333333333333333 0.004166666666666667 0.4496666666666666 0.7004999999999998 0.04466666666666666 0.18933333333333338 0.9846666666666671 0.9846666666666671 0.4551666666666667 0.8013333333333336 0.14916666666666667 0.5269999999999998 0.00016666666666666666 0.12900000000000006 0.7616666666666668 0.5031666666666665 0.5506666666666665 0.4731666666666667 0.22949999999999995 0.3084999999999999 0.5651666666666666 0.46299999999999986 0.5668333333333334 0.587 0.5851666666666665 0.5473333333333332 0.5295000000000001 0.6535 0.0 0.0 0.015833333333333338 0.06733333333333336 0.0 0.0021666666666666666 0.10400000000000002 0.154 0.952666666666667 0.8185000000000002 0.8253333333333331 0.8876666666666668 0.36149999999999993 0.4123333333333332 0.9298333333333335 0.8266666666666667 0.0 0.06200000000000002 0.0015 0.589 0.4403333333333333 0.7713333333333335 0.121 0.004 0.0 0.03233333333333334 0.0 0.0051666666666666675 0.44999999999999996 0.9670000000000002 0.14550000000000002 0.8948333333333331 0.02166666666666667 0.6220000000000002 
