1.0 0.33866666666666667 0.6331666666666665 0.4520000000000002 0.6478333333333335 0.46066666666666656 0.7615 0.34 0.6515000000000001 0.22983333333333333 0.6481666666666669 0.3325 0.6481666666666669 0.3331666666666667 0.6478333333333335 0.3273333333333334 0.6480000000000002 0.33333333333333326 0.36499999999999994 0.34199999999999997 0.14100000000000004 0.044833333333333315 0.2553333333333333 0.4998333333333334 0.43216666666666675 0.4088333333333333 0.44750000000000006 0.43466666666666676 0.6473333333333335 0.3318333333333333 0.5403333333333333 0.316 0.35583333333333333 0.34633333333333327 0.45166666666666677 0.5385 0.2768333333333334 0.29883333333333334 0.2586666666666666 0.25116666666666665 0.33533333333333315 0.25016666666666665 0.4949999999999999 0.33649999999999997 0.6851666666666667 0.3378333333333334 0.10216666666666668 0.32666666666666666 0.7050000000000002 0.336 0.6470000000000001 0.3353333333333333 0.34916666666666674 0.34116666666666673 0.1746666666666666 0.2524999999999999 0.6475000000000002 0.33866666666666667 0.14800000000000002 0.3128333333333335 0.6478333333333336 0.37416666666666665 0.6480000000000002 0.336 0.6475000000000002 0.34733333333333327 0.23999999999999996 0.3375 0.171 0.33866666666666667 0.4053333333333334 0.16166666666666668 0.6475000000000003 0.335 0.6473333333333335 0.5624999999999999 0.41800000000000004 0.22066666666666662 0.6483333333333335 0.3138333333333333 0.6483333333333335 0.3343333333333333 0.5083333333333333 0.23333333333333336 0.6475000000000002 0.33199999999999996 0.1253333333333333 0.2383333333333333 0.5346666666666668 0.33116666666666666 
0.33866666666666667 1.0 0.4396666666666668 0.4365000000000002 0.0 0.15266666666666664 0.25616666666666665 0.8685000000000003 0.003333333333333333 0.5939999999999999 0.0 0.9835 0.0 0.9830000000000001 0.0 0.7269999999999999 0.0 0.8201666666666668 0.596 0.6248333333333332 0.04983333333333331 0.16849999999999996 0.5439999999999999 0.2924999999999999 0.002833333333333333 0.07383333333333332 0.0021666666666666666 0.002 0.0 0.7550000000000001 0.589 0.7668333333333334 0.9648333333333338 0.9025000000000002 0.31849999999999995 0.6259999999999998 0.0335 0.6958333333333335 0.03466666666666667 0.7515000000000001 0.02383333333333334 0.6410000000000001 0.23816666666666655 0.7598333333333335 0.08800000000000001 0.8558333333333334 0.303 0.7268333333333333 0.06199999999999997 0.9361666666666666 0.0 0.9836666666666669 0.488 0.6363333333333331 0.06950000000000002 0.5306666666666667 0.004166666666666667 0.988666666666667 0.6528333333333336 0.6676666666666669 0.0011666666666666668 0.945333333333333 0.0 0.9853333333333335 0.0 0.9471666666666668 0.286 0.7055000000000001 0.42266666666666663 0.689 0.029333333333333336 0.5554999999999999 0.0 0.7438333333333333 0.0 0.7195 0.010166666666666668 0.4231666666666666 0.0 0.7016666666666669 0.0 0.7521666666666671 0.002 0.57 0.0 0.7513333333333334 0.30416666666666664 0.7596666666666665 0.003666666666666667 0.6415000000000001 
0.6331666666666665 0.4396666666666668 1.0 0.5921666666666668 0.3045 0.3725 0.6408333333333335 0.5018333333333334 0.30783333333333335 0.357 0.30483333333333335 0.43200000000000016 0.30466666666666664 0.43183333333333346 0.30449999999999994 0.44999999999999996 0.30399999999999994 0.43533333333333346 0.5604999999999998 0.5361666666666666 0.21333333333333335 0.24833333333333335 0.4348333333333334 0.6701666666666665 0.32699999999999996 0.4183333333333333 0.32916666666666666 0.32916666666666666 0.3041666666666666 0.44750000000000006 0.7038333333333333 0.4278333333333334 0.4506666666666667 0.4916666666666668 0.4726666666666668 0.72 0.11416666666666667 0.4334999999999998 0.13333333333333333 0.37850000000000006 0.08183333333333331 0.37766666666666665 0.153 0.451 0.3671666666666667 0.45716666666666667 0.23133333333333328 0.43883333333333335 0.3635000000000001 0.4566666666666668 0.3038333333333333 0.4340000000000003 0.31333333333333335 0.4118333333333333 0.18466666666666667 0.4441666666666667 0.302 0.4383333333333335 0.2651666666666666 0.37133333333333335 0.3048333333333334 0.41783333333333333 0.30466666666666664 0.43316666666666687 0.30499999999999994 0.4555 0.1391666666666667 0.4825 0.3240000000000001 0.48050000000000004 0.30633333333333335 0.2878333333333333 0.30466666666666664 0.44783333333333336 0.3043333333333333 0.6679999999999999 0.3141666666666667 0.4688333333333333 0.3038333333333333 0.439 0.30500000000000005 0.45083333333333336 0.28599999999999987 0.3619999999999999 0.30449999999999994 0.4520000000000001 0.08116666666666669 0.3464999999999999 0.38633333333333325 0.41683333333333344 
0.4520000000000002 0.4365000000000002 0.5921666666666668 1.0 0.2273333333333334 0.46999999999999986 0.6786666666666666 0.5461666666666668 0.22766666666666674 0.5508333333333334 0.2273333333333334 0.43433333333333346 0.22716666666666668 0.4328333333333334 0.22683333333333336 0.2975 0.2273333333333334 0.32150000000000006 0.4043333333333334 0.3591666666666666 0.28416666666666673 0.33416666666666667 0.7473333333333332 0.7296666666666664 0.36400000000000005 0.4563333333333335 0.2436666666666667 0.35033333333333333 0.22683333333333336 0.2981666666666667 0.4718333333333334 0.33799999999999997 0.4536666666666666 0.49150000000000005 0.19083333333333338 0.46666666666666656 0.05833333333333333 0.38616666666666666 0.04249999999999998 0.6638333333333333 0.10883333333333331 0.6319999999999999 0.2761666666666666 0.299 0.2278333333333333 0.5091666666666667 0.22699999999999998 0.32116666666666666 0.2296666666666667 0.4421666666666666 0.2261666666666667 0.43150000000000005 0.6653333333333334 0.7414999999999999 0.21183333333333335 0.6064999999999999 0.22950000000000004 0.4333333333333334 0.5654999999999999 0.5688333333333333 0.2281666666666667 0.43716666666666676 0.2263333333333334 0.43266666666666675 0.2263333333333334 0.46783333333333327 0.07850000000000001 0.3116666666666667 0.14533333333333337 0.3076666666666667 0.3698333333333333 0.5754999999999998 0.22683333333333333 0.31166666666666665 0.2261666666666667 0.43433333333333335 0.35016666666666657 0.33399999999999996 0.22716666666666677 0.2914999999999999 0.22766666666666668 0.29766666666666675 0.17183333333333334 0.5175000000000002 0.2263333333333334 0.29716666666666663 0.38749999999999996 0.632 0.46283333333333326 0.7713333333333332 
0.6478333333333335 0.0 0.3045 0.2273333333333334 1.0 0.48900000000000005 0.5225 0.005666666666666666 0.9945 0.08400000000000006 0.9981666666666668 0.0008333333333333333 0.9983333333333334 0.0008333333333333333 0.9980000000000001 0.0008333333333333333 0.9976666666666668 0.0003333333333333333 0.023000000000000003 0.0036666666666666666 0.34866666666666674 0.23483333333333323 0.02650000000000001 0.2708333333333334 0.6313333333333333 0.5143333333333332 0.7651666666666663 0.6533333333333331 0.9971666666666666 0.0008333333333333333 0.21350000000000002 0.0013333333333333333 0.019333333333333348 0.010166666666666668 0.5541666666666665 0.2068333333333333 0.6208333333333333 0.0 0.6001666666666665 0.0015 0.6856666666666666 0.002 0.7535000000000001 0.0 0.9093333333333332 0.018333333333333333 0.2478333333333332 0.00016666666666666666 0.936166666666667 0.0 0.997 0.0 0.26683333333333337 0.14466666666666672 0.4315 0.022333333333333334 0.993 0.0 0.08349999999999999 0.129 0.9963333333333334 0.042333333333333334 0.9975 0.0 0.9965 0.012000000000000002 0.3723333333333333 0.00016666666666666666 0.20649999999999996 0.001 0.6074999999999998 0.04983333333333331 0.9978333333333335 0.0031666666666666666 0.9975 0.23316666666666666 0.6255000000000001 0.1476666666666666 0.9976666666666668 0.019833333333333338 0.997 0.0 0.8385000000000002 0.0 0.9976666666666667 0.0008333333333333333 0.3331666666666666 0.0 0.7484999999999998 0.10466666666666667 
0.46066666666666656 0.15266666666666664 0.3725 0.46999999999999986 0.48900000000000005 1.0 0.6376666666666664 0.24900000000000005 0.4896666666666667 0.4281666666666667 0.4888333333333334 0.15249999999999997 0.4891666666666667 0.15299999999999997 0.4896666666666668 0.1148333333333333 0.48900000000000005 0.13016666666666668 0.12616666666666665 0.09883333333333334 0.4566666666666668 0.3625 0.5213333333333334 0.6691666666666667 0.8319999999999999 0.7770000000000001 0.7181666666666667 0.8309999999999998 0.4895000000000001 0.10300000000000001 0.3149999999999999 0.14049999999999999 0.15349999999999997 0.15999999999999998 0.4690000000000001 0.2648333333333334 0.24966666666666668 0.182 0.25049999999999994 0.3828333333333333 0.25300000000000006 0.48533333333333323 0.34866666666666674 0.09983333333333334 0.48616666666666675 0.17783333333333334 0.2961666666666667 0.11866666666666667 0.48683333333333345 0.14183333333333337 0.48866666666666675 0.15016666666666664 0.5111666666666665 0.35233333333333333 0.40900000000000003 0.36399999999999993 0.48650000000000015 0.15016666666666667 0.4451666666666666 0.28300000000000003 0.48766666666666675 0.15166666666666667 0.48883333333333334 0.15183333333333335 0.4885000000000001 0.15416666666666662 0.3313333333333333 0.09683333333333334 0.12816666666666668 0.0975 0.8331666666666666 0.4585 0.4891666666666667 0.1078333333333333 0.4895000000000001 0.31599999999999995 0.8364999999999999 0.1721666666666667 0.48933333333333345 0.09649999999999999 0.4891666666666667 0.099 0.6461666666666668 0.34233333333333343 0.4895000000000001 0.09933333333333336 0.6488333333333333 0.36950000000000005 0.7158333333333334 0.38116666666666665 
0.7615 0.25616666666666665 0.6408333333333335 0.6786666666666666 0.5225 0.6376666666666664 1.0 0.352 0.5236666666666666 0.3728333333333333 0.5223333333333333 0.252 0.5223333333333333 0.2523333333333333 0.5219999999999999 0.2518333333333333 0.5216666666666667 0.25249999999999995 0.30983333333333335 0.2638333333333333 0.3256666666666666 0.2556666666666667 0.46616666666666673 0.7131666666666665 0.6066666666666667 0.6043333333333333 0.5088333333333334 0.6051666666666667 0.5211666666666667 0.2518333333333333 0.4710000000000001 0.26850000000000007 0.27283333333333337 0.26749999999999996 0.36699999999999994 0.4631666666666668 0.15483333333333335 0.32633333333333325 0.13549999999999995 0.4538333333333332 0.2101666666666667 0.441 0.33649999999999997 0.2545 0.5355000000000001 0.2986666666666668 0.1929999999999999 0.27683333333333343 0.5385000000000001 0.2578333333333333 0.5213333333333332 0.25316666666666665 0.5404999999999999 0.5339999999999998 0.2841666666666666 0.4731666666666666 0.5195 0.25533333333333336 0.3441666666666666 0.35916666666666663 0.5213333333333333 0.25733333333333336 0.5219999999999999 0.2528333333333333 0.5216666666666667 0.2651666666666667 0.21433333333333335 0.25733333333333336 0.08649999999999998 0.25816666666666666 0.5825000000000002 0.3678333333333334 0.5216666666666666 0.25449999999999995 0.5218333333333333 0.48366666666666674 0.5931666666666667 0.25866666666666666 0.5221666666666668 0.2515 0.5221666666666668 0.25216666666666665 0.4406666666666668 0.41216666666666646 0.5223333333333333 0.25299999999999995 0.29916666666666675 0.4229999999999999 0.7225 0.5509999999999998 
0.34 0.8685000000000003 0.5018333333333334 0.5461666666666668 0.005666666666666666 0.24900000000000005 0.352 1.0 0.008833333333333334 0.6869999999999998 0.005666666666666666 0.8618333333333336 0.0055 0.8623333333333332 0.005666666666666666 0.6113333333333333 0.005333333333333333 0.6978333333333334 0.5126666666666666 0.5118333333333335 0.16016666666666668 0.2806666666666666 0.6425 0.3908333333333334 0.09800000000000003 0.16950000000000007 0.08900000000000002 0.09716666666666667 0.0055000000000000005 0.6331666666666665 0.4763333333333333 0.6451666666666666 0.8465000000000003 0.7863333333333334 0.2053333333333334 0.5078333333333335 0.046499999999999986 0.6428333333333334 0.04933333333333333 0.8280000000000001 0.030333333333333334 0.7346666666666666 0.24516666666666656 0.6406666666666666 0.07183333333333333 0.7588333333333332 0.37249999999999994 0.6311666666666667 0.06583333333333333 0.8238333333333334 0.0055 0.8638333333333336 0.5933333333333334 0.7361666666666666 0.16766666666666669 0.644 0.008666666666666668 0.8670000000000002 0.718 0.7076666666666662 0.007000000000000001 0.8550000000000003 0.005666666666666666 0.865 0.005666666666666666 0.8280000000000001 0.18599999999999997 0.5888333333333334 0.30883333333333335 0.5738333333333334 0.12366666666666663 0.6491666666666667 0.0055 0.6211666666666666 0.005333333333333333 0.6011666666666668 0.10733333333333336 0.45883333333333326 0.0055000000000000005 0.5803333333333334 0.005833333333333333 0.6303333333333334 0.04316666666666666 0.6050000000000002 0.005666666666666666 0.6308333333333334 0.40166666666666684 0.7808333333333333 0.10933333333333335 0.7471666666666665 
0.6515000000000001 0.003333333333333333 0.30783333333333335 0.22766666666666674 0.9945 0.4896666666666667 0.5236666666666666 0.008833333333333334 1.0 0.08033333333333337 0.9936666666666667 0.0045000000000000005 0.9941666666666668 0.0045000000000000005 0.9938333333333333 0.0045000000000000005 0.9941666666666668 0.004 0.026333333333333347 0.007333333333333333 0.3483333333333334 0.23466666666666658 0.027000000000000007 0.2713333333333334 0.6318333333333332 0.5148333333333333 0.7619999999999999 0.653 0.9936666666666667 0.0045000000000000005 0.21766666666666673 0.005 0.02283333333333334 0.014166666666666671 0.5583333333333332 0.21100000000000005 0.6168333333333333 0.0015000000000000002 0.5954999999999999 0.0023333333333333335 0.6811666666666666 0.003333333333333333 0.7566666666666666 0.003333333333333333 0.9128333333333335 0.02166666666666667 0.2513333333333332 0.003333333333333333 0.9390000000000002 0.003333333333333333 0.9925000000000002 0.003333333333333333 0.2665 0.14400000000000004 0.4278333333333333 0.022166666666666668 0.9883333333333334 0.003333333333333333 0.08349999999999999 0.12883333333333333 0.9918333333333336 0.045666666666666675 0.9930000000000001 0.003333333333333333 0.9926666666666667 0.015333333333333334 0.376 0.003333333333333333 0.21016666666666667 0.004333333333333333 0.6079999999999999 0.04999999999999998 0.9933333333333334 0.006833333333333334 0.9926666666666668 0.23716666666666664 0.626 0.15016666666666662 0.9935 0.023500000000000007 0.9931666666666668 0.003333333333333333 0.8356666666666669 0.0 0.9928333333333335 0.0045000000000000005 0.33299999999999996 0.0 0.7481666666666665 0.10466666666666667 
0.22983333333333333 0.5939999999999999 0.357 0.5508333333333334 0.08400000000000006 0.4281666666666667 0.3728333333333333 0.6869999999999998 0.08033333333333337 1.0 0.08300000000000005 0.5938333333333333 0.08416666666666671 0.5948333333333332 0.08366666666666671 0.45783333333333337 0.08316666666666672 0.5136666666666666 0.34900000000000003 0.3246666666666666 0.2373333333333333 0.3488333333333333 0.7755 0.5634999999999999 0.27483333333333343 0.3485000000000001 0.31316666666666676 0.2836666666666666 0.08300000000000005 0.4548333333333334 0.3635 0.4841666666666667 0.5869999999999997 0.5098333333333332 0.08183333333333331 0.31083333333333335 0.1451666666666667 0.49833333333333335 0.14883333333333332 0.7516666666666666 0.14016666666666666 0.8766666666666665 0.18566666666666662 0.4526666666666665 0.022166666666666668 0.5284999999999999 0.29650000000000004 0.46116666666666667 0.025000000000000005 0.5596666666666666 0.08316666666666672 0.5911666666666665 0.5853333333333333 0.7591666666666665 0.2596666666666667 0.6756666666666667 0.08400000000000006 0.5953333333333333 0.6533333333333334 0.6196666666666667 0.08316666666666672 0.5918333333333332 0.08316666666666672 0.5914999999999998 0.08316666666666672 0.5541666666666666 0.07966666666666669 0.40083333333333326 0.12500000000000003 0.38666666666666655 0.29700000000000004 0.8086666666666668 0.08316666666666672 0.44199999999999995 0.08316666666666672 0.3773333333333334 0.2870000000000001 0.3655000000000001 0.08333333333333337 0.43866666666666665 0.08316666666666672 0.44783333333333336 0.23983333333333332 0.645 0.08333333333333337 0.45083333333333336 0.532 0.7386666666666667 0.15216666666666667 0.7383333333333334 
0.6481666666666669 0.0 0.30483333333333335 0.2273333333333334 0.9981666666666668 0.4888333333333334 0.5223333333333333 0.005666666666666666 0.9936666666666667 0.08300000000000005 1.0 0.0 0.9978333333333333 0.0 0.9981666666666668 0.0 0.9985 0.0 0.023166666666666672 0.003833333333333333 0.3493333333333334 0.23533333333333326 0.02633333333333334 0.2706666666666668 0.6315 0.5144999999999998 0.764833333333333 0.6531666666666667 0.9980000000000001 0.0 0.21250000000000002 0.0005 0.019500000000000014 0.010333333333333335 0.5534999999999998 0.20599999999999993 0.6200000000000001 0.0 0.5989999999999999 0.0015 0.6843333333333332 0.0016666666666666668 0.7538333333333334 0.0 0.9099999999999998 0.018333333333333333 0.2478333333333332 0.00016666666666666666 0.936166666666667 0.0 0.9978333333333335 0.0 0.26716666666666666 0.14483333333333337 0.43133333333333324 0.022333333333333334 0.9941666666666668 0.0 0.08349999999999999 0.129 0.9975000000000002 0.042333333333333334 0.9983333333333334 0.0 0.9970000000000002 0.012000000000000002 0.37249999999999994 0.0 0.20633333333333329 0.001 0.6076666666666665 0.04999999999999999 0.9983333333333334 0.0025 0.9983333333333334 0.2325 0.6256666666666667 0.1473333333333333 0.9985 0.019000000000000003 0.9985 0.0 0.8383333333333336 0.0 0.9988333333333334 0.0 0.3328333333333333 0.0 0.7488333333333331 0.105 
0.3325 0.9835 0.43200000000000016 0.43433333333333346 0.0008333333333333333 0.15249999999999997 0.252 0.8618333333333336 0.0045000000000000005 0.5938333333333333 0.0 1.0 0.0008333333333333333 0.9941666666666668 0.0006666666666666666 0.7353333333333335 0.0 0.8261666666666667 0.5886666666666667 0.6288333333333331 0.04349999999999999 0.1625 0.5455000000000001 0.2928333333333333 0.003333333333333333 0.07399999999999998 0.0026666666666666666 0.001 0.0 0.7613333333333334 0.5966666666666667 0.7754999999999996 0.9673333333333338 0.906666666666667 0.3264999999999999 0.6344999999999997 0.0315 0.6890000000000002 0.03266666666666667 0.7440000000000002 0.023666666666666673 0.6399999999999999 0.23683333333333323 0.7633333333333335 0.08600000000000002 0.860166666666667 0.2935 0.7283333333333334 0.05983333333333331 0.9406666666666667 0.0 0.9888333333333336 0.48533333333333323 0.6326666666666665 0.062333333333333324 0.5263333333333334 0.0036666666666666666 0.9823333333333335 0.6481666666666667 0.6626666666666668 0.0008333333333333333 0.9378333333333331 0.0 0.9888333333333336 0.0 0.9516666666666665 0.2898333333333334 0.709166666666667 0.4271666666666667 0.6931666666666666 0.0285 0.5558333333333333 0.0 0.7518333333333334 0.0 0.7281666666666666 0.010166666666666668 0.4186666666666666 0.0 0.710166666666667 0.0 0.7563333333333335 0.001 0.5718333333333333 0.0 0.7553333333333334 0.30583333333333346 0.7639999999999999 0.0006666666666666666 0.6386666666666665 
0.6481666666666669 0.0 0.30466666666666664 0.22716666666666668 0.9983333333333334 0.4891666666666667 0.5223333333333333 0.0055 0.9941666666666668 0.08416666666666671 0.9978333333333333 0.0008333333333333333 1.0 0.0008333333333333333 0.9976666666666668 0.0008333333333333333 0.9976666666666667 0.00016666666666666666 0.023000000000000003 0.004 0.3488333333333334 0.23483333333333323 0.026666666666666675 0.27083333333333337 0.6315 0.5144999999999998 0.765333333333333 0.6535 0.9968333333333333 0.0006666666666666666 0.21350000000000008 0.0011666666666666668 0.019333333333333348 0.010500000000000002 0.5543333333333331 0.20666666666666664 0.6204999999999999 0.0 0.5998333333333332 0.0013333333333333333 0.6849999999999998 0.002 0.753 0.0 0.9099999999999998 0.018166666666666668 0.2478333333333332 0.00016666666666666666 0.9358333333333337 0.0 0.9973333333333335 0.0 0.26666666666666666 0.14466666666666672 0.4308333333333333 0.022166666666666668 0.9926666666666668 0.0 0.08349999999999999 0.12883333333333333 0.9966666666666667 0.042166666666666665 0.9978333333333335 0.0 0.9968333333333335 0.012000000000000002 0.37283333333333324 0.0 0.2066666666666666 0.001 0.6076666666666666 0.05016666666666666 0.9981666666666666 0.003 0.9971666666666669 0.23316666666666666 0.626 0.1476666666666666 0.9976666666666667 0.019833333333333338 0.9973333333333335 0.0 0.8390000000000002 0.0 0.9976666666666668 0.0008333333333333333 0.33333333333333326 0.0 0.7488333333333332 0.10433333333333335 
0.3331666666666667 0.9830000000000001 0.43183333333333346 0.4328333333333334 0.0008333333333333333 0.15299999999999997 0.2523333333333333 0.8623333333333332 0.0045000000000000005 0.5948333333333332 0.0 0.9941666666666668 0.0008333333333333333 1.0 0.0006666666666666666 0.7354999999999999 0.0 0.8278333333333336 0.5886666666666667 0.6291666666666668 0.043999999999999984 0.16383333333333333 0.5441666666666667 0.2923333333333333 0.0026666666666666666 0.07333333333333332 0.0026666666666666666 0.0011666666666666668 0.0 0.7628333333333334 0.5968333333333334 0.7759999999999999 0.9670000000000004 0.9055 0.32599999999999996 0.6339999999999998 0.03216666666666667 0.6905000000000002 0.03333333333333333 0.7450000000000003 0.024166666666666673 0.6406666666666666 0.23599999999999993 0.7648333333333335 0.08633333333333335 0.8605000000000002 0.29533333333333334 0.7294999999999999 0.06033333333333331 0.9398333333333335 0.0 0.9906666666666669 0.483 0.6328333333333331 0.063 0.5265 0.0036666666666666666 0.9835000000000003 0.6495000000000001 0.6621666666666668 0.0008333333333333333 0.9386666666666666 0.0 0.9886666666666667 0.0 0.9516666666666667 0.29083333333333333 0.7096666666666668 0.42716666666666675 0.6934999999999999 0.027833333333333335 0.5558333333333332 0.0 0.7531666666666667 0.0 0.7291666666666665 0.010000000000000002 0.41983333333333334 0.0 0.711 0.0 0.7571666666666669 0.001 0.5713333333333335 0.0 0.7566666666666664 0.30533333333333335 0.7633333333333334 0.0003333333333333333 0.6374999999999998 
0.6478333333333335 0.0 0.30449999999999994 0.22683333333333336 0.9980000000000001 0.4896666666666668 0.5219999999999999 0.005666666666666666 0.9938333333333333 0.08366666666666671 0.9981666666666668 0.0006666666666666666 0.9976666666666668 0.0006666666666666666 1.0 0.0006666666666666666 0.9970000000000002 0.00016666666666666666 0.022833333333333337 0.0036666666666666666 0.3493333333333334 0.23516666666666658 0.02683333333333334 0.2713333333333334 0.6316666666666666 0.5149999999999998 0.7656666666666665 0.6539999999999999 0.9978333333333335 0.0006666666666666666 0.2138333333333334 0.0011666666666666668 0.019000000000000013 0.010166666666666668 0.5546666666666665 0.20716666666666664 0.6210000000000001 0.0 0.5996666666666666 0.0015 0.6855 0.0018333333333333335 0.7536666666666667 0.0 0.9091666666666666 0.018333333333333333 0.24799999999999986 0.00016666666666666666 0.9353333333333338 0.0 0.9976666666666667 0.0 0.2665 0.1443333333333334 0.4311666666666666 0.022333333333333334 0.9933333333333333 0.0 0.08349999999999999 0.129 0.9960000000000002 0.042333333333333334 0.9971666666666666 0.0 0.9965 0.012000000000000002 0.37283333333333324 0.0 0.2066666666666666 0.001 0.6079999999999999 0.04999999999999999 0.9975000000000002 0.003 0.9978333333333333 0.23316666666666666 0.6261666666666666 0.1478333333333333 0.9970000000000002 0.01966666666666667 0.9976666666666667 0.0 0.8385000000000002 0.0 0.998 0.0006666666666666666 0.3328333333333333 0.0 0.7486666666666666 0.10450000000000001 
0.3273333333333334 0.7269999999999999 0.44999999999999996 0.2975 0.0008333333333333333 0.1148333333333333 0.2518333333333333 0.6113333333333333 0.0045000000000000005 0.45783333333333337 0.0 0.7353333333333335 0.0008333333333333333 0.7354999999999999 0.0006666666666666666 1.0 0.0 0.9019999999999997 0.8101666666666668 0.8534999999999998 0.2846666666666666 0.4040000000000001 0.344 0.30266666666666664 0.018333333333333333 0.08883333333333335 0.017833333333333333 0.01666666666666667 0.0 0.9628333333333339 0.6488333333333333 0.9009999999999998 0.7121666666666668 0.6544999999999999 0.3421666666666667 0.6779999999999999 0.27466666666666656 0.8620000000000002 0.27549999999999997 0.4904999999999998 0.26616666666666666 0.45133333333333314 0.0575 0.9521666666666665 0.08616666666666667 0.6751666666666668 0.5230000000000001 0.9338333333333334 0.06016666666666664 0.7423333333333332 0.0 0.7331666666666666 0.25866666666666677 0.40349999999999997 0.285 0.5621666666666667 0.001 0.732 0.39233333333333337 0.41333333333333344 0.0 0.6815000000000002 0.0 0.7304999999999998 0.0 0.7108333333333334 0.5061666666666667 0.925 0.6548333333333335 0.9155000000000001 0.02 0.3804999999999999 0.0 0.9433333333333332 0.0 0.6828333333333334 0.018333333333333333 0.5841666666666668 0.0 0.932333333333333 0.0 0.9626666666666669 0.016500000000000004 0.7041666666666666 0.0 0.9588333333333335 0.08583333333333334 0.5313333333333334 0.0005 0.4043333333333333 
0.6480000000000002 0.0 0.30399999999999994 0.2273333333333334 0.9976666666666668 0.48900000000000005 0.5216666666666667 0.005333333333333333 0.9941666666666668 0.08316666666666672 0.9985 0.0 0.9976666666666667 0.0 0.9970000000000002 0.0 1.0 0.0 0.022666666666666672 0.0036666666666666666 0.3485000000000001 0.23483333333333323 0.02650000000000001 0.2706666666666667 0.6315 0.5144999999999998 0.7651666666666663 0.6535 0.9985 0.0 0.21250000000000002 0.0005 0.019500000000000014 0.010500000000000002 0.5534999999999998 0.2058333333333333 0.6196666666666666 0.0 0.5986666666666666 0.0011666666666666665 0.6839999999999999 0.0018333333333333335 0.7536666666666666 0.0 0.9098333333333334 0.018333333333333333 0.2474999999999999 0.0 0.9363333333333337 0.0 0.9976666666666668 0.0 0.26666666666666666 0.14466666666666672 0.43099999999999994 0.022000000000000002 0.9935 0.0 0.08349999999999999 0.12866666666666665 0.9966666666666668 0.042166666666666665 0.9978333333333335 0.0 0.9968333333333333 0.012000000000000002 0.3723333333333333 0.00016666666666666666 0.20616666666666664 0.001 0.6076666666666666 0.05016666666666666 0.9985 0.0025 0.9971666666666669 0.23216666666666666 0.6256666666666667 0.1468333333333333 0.9980000000000001 0.019000000000000003 0.997 0.0 0.8386666666666669 0.0 0.9973333333333335 0.0 0.33299999999999996 0.0 0.7486666666666665 0.10466666666666669 
0.33333333333333326 0.8201666666666668 0.43533333333333346 0.32150000000000006 0.0003333333333333333 0.13016666666666668 0.25249999999999995 0.6978333333333334 0.004 0.5136666666666666 0.0 0.8261666666666667 0.00016666666666666666 0.8278333333333336 0.00016666666666666666 0.9019999999999997 0.0 1.0 0.7516666666666668 0.7943333333333336 0.2095 0.3288333333333333 0.3913333333333334 0.2941666666666666 0.003833333333333333 0.0755 0.003833333333333333 0.0023333333333333335 0.0 0.9275000000000001 0.6361666666666665 0.9323333333333335 0.8006666666666666 0.7426666666666668 0.32766666666666666 0.6666666666666665 0.19816666666666666 0.8473333333333336 0.1991666666666667 0.5831666666666666 0.1886666666666667 0.5091666666666665 0.08816666666666668 0.9271666666666664 0.08733333333333335 0.7278333333333334 0.46166666666666667 0.8926666666666666 0.06133333333333331 0.7998333333333335 0.0 0.8255000000000001 0.32266666666666666 0.4726666666666668 0.22233333333333336 0.6053333333333333 0.0011666666666666668 0.8231666666666668 0.48450000000000015 0.496 0.0 0.7733333333333334 0.0 0.8226666666666668 0.0 0.7925000000000001 0.45400000000000007 0.8756666666666669 0.5938333333333334 0.8598333333333333 0.023333333333333334 0.44166666666666665 0.0 0.9154999999999999 0.0 0.7264999999999999 0.006833333333333334 0.5603333333333331 0.0 0.8746666666666669 0.0 0.922166666666667 0.0021666666666666666 0.7006666666666667 0.0 0.9205 0.14316666666666664 0.6168333333333333 0.0 0.47466666666666674 
0.36499999999999994 0.596 0.5604999999999998 0.4043333333333334 0.023000000000000003 0.12616666666666665 0.30983333333333335 0.5126666666666666 0.026333333333333347 0.34900000000000003 0.023166666666666672 0.5886666666666667 0.023000000000000003 0.5886666666666667 0.022833333333333337 0.8101666666666668 0.022666666666666672 0.7516666666666668 1.0 0.9335000000000001 0.32833333333333337 0.3605000000000001 0.373 0.38499999999999995 0.03900000000000001 0.1318333333333333 0.027666666666666676 0.03616666666666667 0.022666666666666672 0.8111666666666669 0.6806666666666666 0.7630000000000002 0.5961666666666666 0.6455000000000001 0.3506666666666666 0.7328333333333336 0.2780000000000001 0.7689999999999999 0.2786666666666667 0.4131666666666666 0.28733333333333333 0.34650000000000003 0.06699999999999999 0.813166666666667 0.1075 0.6398333333333333 0.4831666666666667 0.8118333333333335 0.08583333333333336 0.6334999999999998 0.022333333333333334 0.5923333333333335 0.2208333333333333 0.3318333333333333 0.28550000000000003 0.46766666666666673 0.024333333333333335 0.5978333333333332 0.3128333333333333 0.31999999999999995 0.023333333333333338 0.5626666666666668 0.023000000000000003 0.591 0.022833333333333337 0.6066666666666667 0.541666666666667 0.8640000000000001 0.7201666666666666 0.8793333333333334 0.037000000000000005 0.2721666666666668 0.022666666666666665 0.8175 0.02283333333333334 0.6115000000000002 0.03516666666666667 0.49900000000000005 0.023000000000000007 0.8256666666666667 0.023333333333333334 0.8190000000000002 0.015333333333333334 0.5968333333333332 0.023000000000000007 0.8145 0.038166666666666675 0.43266666666666675 0.05283333333333336 0.3351666666666667 
0.34199999999999997 0.6248333333333332 0.5361666666666666 0.3591666666666666 0.0036666666666666666 0.09883333333333334 0.2638333333333333 0.5118333333333335 0.007333333333333333 0.3246666666666666 0.003833333333333333 0.6288333333333331 0.004 0.6291666666666668 0.0036666666666666666 0.8534999999999998 0.0036666666666666666 0.7943333333333336 0.9335000000000001 1.0 0.3041666666666667 0.33466666666666667 0.3428333333333334 0.355 0.007166666666666667 0.10149999999999998 0.0045 0.005666666666666666 0.003833333333333333 0.8556666666666665 0.7080000000000003 0.8060000000000004 0.6145 0.6914999999999998 0.37933333333333347 0.7635 0.28666666666666674 0.767 0.2851666666666667 0.3911666666666666 0.28650000000000003 0.3195 0.051166666666666666 0.8594999999999997 0.09066666666666669 0.6666666666666665 0.4686666666666667 0.8446666666666667 0.06649999999999999 0.6756666666666666 0.0036666666666666666 0.6326666666666667 0.17633333333333337 0.2895000000000001 0.26949999999999996 0.44316666666666676 0.0045 0.6283333333333333 0.29083333333333333 0.3038333333333333 0.004 0.5811666666666665 0.004 0.6294999999999998 0.0045 0.6451666666666666 0.5670000000000001 0.9128333333333335 0.7756666666666666 0.926166666666667 0.006333333333333333 0.24816666666666667 0.0036666666666666666 0.8604999999999998 0.003833333333333333 0.6496666666666668 0.007666666666666666 0.5 0.0036666666666666666 0.8721666666666664 0.004 0.8641666666666665 0.003833333333333333 0.5896666666666665 0.003833333333333333 0.8581666666666663 0.013333333333333334 0.42266666666666675 0.006333333333333333 0.2911666666666667 
0.14100000000000004 0.04983333333333331 0.21333333333333335 0.28416666666666673 0.34866666666666674 0.4566666666666668 0.3256666666666666 0.16016666666666668 0.3483333333333334 0.2373333333333333 0.3493333333333334 0.04349999999999999 0.3488333333333334 0.043999999999999984 0.3493333333333334 0.2846666666666666 0.3485000000000001 0.2095 0.32833333333333337 0.3041666666666667 1.0 0.8566666666666667 0.24950000000000003 0.24649999999999994 0.5466666666666667 0.4596666666666668 0.43683333333333335 0.5456666666666666 0.34916666666666674 0.2738333333333334 0.07466666666666667 0.24383333333333337 0.04033333333333333 0.041166666666666664 0.29216666666666663 0.09566666666666666 0.682 0.34283333333333327 0.6914999999999998 0.27466666666666667 0.6286666666666667 0.26133333333333325 0.3448333333333333 0.2691666666666666 0.3391666666666667 0.10066666666666664 0.7135000000000001 0.3043333333333333 0.3396666666666667 0.06749999999999999 0.349 0.04466666666666666 0.42083333333333334 0.2806666666666666 0.8514999999999999 0.4976666666666666 0.34983333333333333 0.053166666666666654 0.3628333333333334 0.2653333333333333 0.3496666666666667 0.05033333333333332 0.34900000000000003 0.04183333333333333 0.34900000000000003 0.03666666666666667 0.6451666666666667 0.29433333333333334 0.5006666666666667 0.31150000000000005 0.5516666666666666 0.34633333333333316 0.3488333333333334 0.27266666666666667 0.3486666666666667 0.035 0.5408333333333334 0.5395 0.34866666666666674 0.30266666666666675 0.34950000000000003 0.27833333333333327 0.3673333333333334 0.4244999999999999 0.34950000000000003 0.27866666666666673 0.5543333333333332 0.25383333333333336 0.5760000000000001 0.2995 
0.044833333333333315 0.16849999999999996 0.24833333333333335 0.33416666666666667 0.23483333333333323 0.3625 0.2556666666666667 0.2806666666666666 0.23466666666666658 0.3488333333333333 0.23533333333333326 0.1625 0.23483333333333323 0.16383333333333333 0.23516666666666658 0.4040000000000001 0.23483333333333323 0.3288333333333333 0.3605000000000001 0.33466666666666667 0.8566666666666667 1.0 0.31983333333333336 0.2975 0.45383333333333326 0.4318333333333333 0.32616666666666655 0.43700000000000006 0.23499999999999993 0.39399999999999996 0.11516666666666665 0.3603333333333334 0.15766666666666665 0.08333333333333331 0.24050000000000005 0.1376666666666667 0.5823333333333333 0.46583333333333343 0.5916666666666667 0.39983333333333326 0.5239999999999999 0.3861666666666668 0.24183333333333326 0.38799999999999996 0.23416666666666652 0.18200000000000002 0.7948333333333334 0.4238333333333333 0.23516666666666655 0.17900000000000002 0.2349999999999999 0.162 0.4265 0.39283333333333337 0.7593333333333336 0.6258333333333331 0.2359999999999999 0.17266666666666666 0.49450000000000005 0.3906666666666668 0.23566666666666658 0.16833333333333328 0.23499999999999993 0.16133333333333333 0.23499999999999993 0.1435 0.5348333333333332 0.3888333333333335 0.4993333333333332 0.39199999999999996 0.4593333333333333 0.47600000000000003 0.23483333333333323 0.3853333333333333 0.23466666666666658 0.12633333333333335 0.4475 0.6478333333333332 0.23483333333333323 0.418 0.23516666666666658 0.3976666666666669 0.2573333333333334 0.5545 0.23516666666666658 0.3973333333333334 0.4921666666666667 0.3813333333333333 0.4815000000000002 0.42500000000000016 
0.2553333333333333 0.5439999999999999 0.4348333333333334 0.7473333333333332 0.02650000000000001 0.5213333333333334 0.46616666666666673 0.6425 0.027000000000000007 0.7755 0.02633333333333334 0.5455000000000001 0.026666666666666675 0.5441666666666667 0.02683333333333334 0.344 0.02650000000000001 0.3913333333333334 0.373 0.3428333333333334 0.24950000000000003 0.31983333333333336 1.0 0.7338333333333331 0.38233333333333336 0.4781666666666666 0.2566666666666666 0.36849999999999994 0.026666666666666675 0.337 0.4326666666666668 0.4 0.544 0.5704999999999999 0.14366666666666664 0.38116666666666665 0.012333333333333337 0.4261666666666665 0.014833333333333339 0.7741666666666666 0.01233333333333334 0.8634999999999998 0.18849999999999997 0.338 0.026666666666666675 0.5653333333333334 0.21683333333333332 0.3524999999999999 0.027666666666666676 0.5323333333333334 0.02633333333333334 0.5418333333333333 0.6441666666666667 0.7364999999999999 0.18783333333333332 0.6548333333333335 0.029000000000000005 0.5396666666666667 0.6833333333333335 0.6505 0.02683333333333334 0.5428333333333333 0.02616666666666667 0.5438333333333333 0.026666666666666675 0.5575000000000002 0.0675 0.32433333333333336 0.1315 0.3176666666666667 0.40433333333333343 0.7976666666666664 0.02633333333333334 0.3431666666666666 0.02683333333333334 0.3790000000000001 0.3883333333333335 0.32650000000000007 0.027000000000000007 0.30816666666666664 0.02683333333333334 0.332 0.18449999999999997 0.6051666666666666 0.02683333333333334 0.33416666666666667 0.6115 0.7576666666666667 0.257 0.7738333333333334 
0.4998333333333334 0.2924999999999999 0.6701666666666665 0.7296666666666664 0.2708333333333334 0.6691666666666667 0.7131666666666665 0.3908333333333334 0.2713333333333334 0.5634999999999999 0.2706666666666668 0.2928333333333333 0.27083333333333337 0.2923333333333333 0.2713333333333334 0.30266666666666664 0.2706666666666667 0.2941666666666666 0.38499999999999995 0.355 0.24649999999999994 0.2975 0.7338333333333331 1.0 0.6220000000000001 0.7193333333333335 0.4951666666666666 0.6086666666666667 0.27100000000000013 0.2885 0.6214999999999999 0.32416666666666655 0.29516666666666663 0.35216666666666663 0.3773333333333334 0.5644999999999999 0.0071666666666666675 0.3673333333333332 0.0085 0.5235000000000001 0.010833333333333335 0.6223333333333332 0.07583333333333335 0.28716666666666657 0.2711666666666667 0.3761666666666666 0.19516666666666665 0.30716666666666664 0.27200000000000013 0.30900000000000005 0.2701666666666668 0.29016666666666663 0.41916666666666663 0.49550000000000005 0.16699999999999998 0.5271666666666666 0.2680000000000001 0.29016666666666663 0.43233333333333335 0.39949999999999997 0.2695000000000001 0.29083333333333333 0.2706666666666667 0.2899999999999999 0.2703333333333334 0.3258333333333333 0.07950000000000002 0.3048333333333334 0.1416666666666667 0.3018333333333333 0.6020000000000002 0.5668333333333333 0.2706666666666667 0.3 0.2713333333333335 0.5484999999999999 0.6066666666666667 0.2846666666666666 0.2710000000000001 0.2841666666666666 0.2710000000000001 0.286 0.42266666666666663 0.5193333333333334 0.2710000000000001 0.2876666666666666 0.3683333333333333 0.5131666666666667 0.5018333333333334 0.5285 
0.43216666666666675 0.002833333333333333 0.32699999999999996 0.36400000000000005 0.6313333333333333 0.8319999999999999 0.6066666666666667 0.09800000000000003 0.6318333333333332 0.27483333333333343 0.6315 0.003333333333333333 0.6315 0.0026666666666666666 0.6316666666666666 0.018333333333333333 0.6315 0.003833333333333333 0.03900000000000001 0.007166666666666667 0.5466666666666667 0.45383333333333326 0.38233333333333336 0.6220000000000001 1.0 0.8783333333333335 0.8588333333333336 0.9691666666666668 0.6315 0.004166666666666667 0.2646666666666666 0.024999999999999994 0.004333333333333333 0.012500000000000004 0.6001666666666668 0.21000000000000008 0.3298333333333334 0.07916666666666669 0.3301666666666667 0.23266666666666672 0.33549999999999996 0.33233333333333326 0.4355 0.0016666666666666666 0.6305 0.05399999999999998 0.37500000000000006 0.022166666666666668 0.6311666666666667 0.0058333333333333345 0.6305 0.0011666666666666668 0.3850000000000001 0.20449999999999996 0.4853333333333334 0.23599999999999993 0.629 0.0015 0.3305 0.15133333333333335 0.6298333333333334 0.0015 0.631 0.0013333333333333333 0.6303333333333332 0.017 0.4205 0.002 0.1996666666666666 0.0030000000000000005 0.9568333333333336 0.4026666666666667 0.6308333333333332 0.007833333333333333 0.6316666666666666 0.23833333333333337 0.9650000000000004 0.2193333333333333 0.6316666666666667 0.0021666666666666666 0.6311666666666667 0.002 0.784833333333333 0.23533333333333342 0.6316666666666667 0.0018333333333333335 0.6716666666666667 0.22283333333333338 0.8608333333333333 0.2353333333333333 
