1.0 0.8740000000000002 0.19783333333333336 0.10516666666666667 0.17983333333333337 0.1125 0.22649999999999998 0.05916666666666666 0.16133333333333333 0.20499999999999993 0.2331666666666666 0.3481666666666667 0.1998333333333333 0.3231666666666666 0.18250000000000002 0.522 0.5868333333333335 0.5351666666666666 0.6918333333333334 0.6586666666666665 0.22483333333333338 0.44933333333333325 0.17200000000000004 0.1703333333333334 0.23916666666666664 0.04649999999999999 0.14233333333333337 0.14583333333333337 0.5548333333333333 0.7006666666666668 0.444 0.44066666666666676 0.7758333333333334 0.6606666666666666 0.11066666666666666 0.10633333333333334 0.20666666666666664 0.22183333333333333 0.06366666666666668 0.04650000000000001 0.05966666666666665 0.09683333333333334 0.18666666666666668 0.18566666666666662 0.18299999999999997 0.20316666666666663 0.32833333333333337 0.1736666666666666 0.19849999999999995 0.19699999999999998 0.17550000000000007 0.18066666666666664 0.23933333333333334 0.2326666666666667 0.18733333333333338 0.13516666666666663 0.8704999999999998 0.726833333333333 0.3913333333333333 0.27983333333333343 0.3238333333333333 0.20616666666666672 0.3876666666666668 0.46566666666666656 0.11450000000000003 0.14950000000000002 0.23600000000000002 0.1836666666666666 0.7545000000000002 0.8524999999999998 0.1415 0.1631666666666667 0.3575000000000001 0.708 0.08650000000000001 0.3593333333333334 0.25783333333333336 0.3379999999999999 0.5443333333333336 0.4156666666666667 0.7586666666666669 0.6334999999999998 0.3893333333333333 0.469 0.14549999999999996 0.16066666666666662 0.05766666666666666 0.06566666666666665 0.035500000000000004 0.03333333333333333 
0.8740000000000002 1.0 0.19733333333333333 0.09333333333333334 0.15999999999999998 0.1423333333333333 0.19916666666666663 0.1026666666666667 0.1493333333333333 0.191 0.2248333333333333 0.39149999999999996 0.21133333333333337 0.32483333333333336 0.16900000000000012 0.4793333333333334 0.6596666666666665 0.6326666666666667 0.6601666666666667 0.6971666666666665 0.2510000000000001 0.44650000000000006 0.1585 0.15783333333333338 0.23466666666666666 0.03533333333333333 0.16450000000000004 0.16683333333333333 0.594 0.7323333333333332 0.41600000000000004 0.4141666666666668 0.8239999999999997 0.6938333333333333 0.14849999999999997 0.17333333333333337 0.1753333333333333 0.2128333333333333 0.058499999999999976 0.05033333333333334 0.038666666666666676 0.09449999999999996 0.18983333333333335 0.19266666666666662 0.1875 0.20966666666666672 0.32533333333333336 0.16849999999999998 0.20566666666666675 0.25666666666666665 0.2601666666666667 0.26783333333333326 0.22400000000000003 0.19783333333333336 0.18983333333333335 0.12499999999999999 0.9499999999999998 0.8238333333333333 0.4815000000000002 0.3559999999999999 0.3406666666666666 0.2165 0.41883333333333334 0.49649999999999983 0.09400000000000003 0.13816666666666666 0.30866666666666664 0.27916666666666673 0.705 0.9255000000000001 0.1371666666666666 0.1628333333333333 0.38016666666666665 0.7221666666666667 0.13066666666666668 0.3328333333333333 0.24750000000000008 0.3525 0.6345000000000003 0.513 0.8345 0.7234999999999999 0.4373333333333332 0.5116666666666666 0.10566666666666669 0.1565 0.026833333333333334 0.04150000000000001 0.015 0.0175 
0.19783333333333336 0.19733333333333333 1.0 0.5808333333333335 0.3716666666666666 0.5298333333333332 0.3931666666666667 0.18166666666666662 0.37400000000000005 0.02383333333333333 0.018333333333333333 0.005333333333333334 0.016666666666666666 0.050499999999999996 0.386 0.24433333333333326 0.16183333333333333 0.3398333333333333 0.45049999999999996 0.2993333333333333 0.5756666666666667 0.6361666666666665 0.8594999999999997 0.8436666666666668 0.9283333333333331 0.7416666666666667 0.5956666666666667 0.5946666666666668 0.27766666666666656 0.20666666666666672 0.5233333333333335 0.49500000000000005 0.12766666666666668 0.11016666666666669 0.27649999999999997 0.31833333333333325 0.7245000000000004 0.3428333333333333 0.5288333333333332 0.25949999999999995 0.44133333333333336 0.28250000000000003 0.5598333333333335 0.5378333333333333 0.5658333333333333 0.5096666666666666 0.7031666666666667 0.6084999999999998 0.523 0.4848333333333333 0.31916666666666665 0.42066666666666663 0.9253333333333335 0.8361666666666665 0.5439999999999999 0.6680000000000001 0.2033333333333334 0.2755000000000001 0.39599999999999996 0.44983333333333325 0.006999999999999999 0.037000000000000005 0.017833333333333336 0.07200000000000001 0.07966666666666666 0.06266666666666666 0.3616666666666668 0.40516666666666673 0.3938333333333332 0.2156666666666666 0.4976666666666666 0.5954999999999998 0.45716666666666683 0.25366666666666665 0.40333333333333343 0.06766666666666665 0.4046666666666667 0.3439999999999997 0.33016666666666666 0.5566666666666668 0.16833333333333333 0.31116666666666665 0.36216666666666664 0.3913333333333333 0.4376666666666666 0.20983333333333343 0.3616666666666666 0.5461666666666667 0.31050000000000005 0.31816666666666665 
0.10516666666666667 0.09333333333333334 0.5808333333333335 1.0 0.41583333333333344 0.287 0.45233333333333325 0.4026666666666667 0.44483333333333336 0.18066666666666664 0.11783333333333328 0.04366666666666665 0.154 0.07883333333333332 0.44733333333333325 0.12016666666666667 0.015166666666666672 0.0285 0.3421666666666666 0.29400000000000004 0.3633333333333333 0.29250000000000004 0.7118333333333335 0.7123333333333332 0.5318333333333334 0.7688333333333336 0.35650000000000004 0.3545 0.29833333333333334 0.1765 0.6300000000000001 0.6198333333333332 0.07700000000000004 0.16366666666666663 0.08516666666666664 0.10266666666666664 0.7571666666666669 0.6798333333333335 0.8391666666666666 0.49766666666666665 0.7771666666666668 0.5806666666666666 0.3126666666666667 0.29599999999999993 0.3178333333333333 0.26883333333333326 0.3331666666666667 0.4438333333333334 0.2824999999999999 0.2506666666666666 0.09433333333333332 0.19249999999999998 0.5346666666666666 0.6278333333333334 0.303 0.5269999999999999 0.08433333333333336 0.20316666666666666 0.18566666666666667 0.24416666666666664 0.057999999999999996 0.1925 0.04166666666666666 0.04566666666666666 0.25866666666666666 0.24049999999999996 0.1966666666666666 0.19033333333333333 0.2929999999999999 0.1045 0.6029999999999999 0.6221666666666666 0.5356666666666666 0.2219999999999999 0.6906666666666665 0.11716666666666667 0.25983333333333336 0.1851666666666666 0.024166666666666666 0.20333333333333337 0.07133333333333335 0.022666666666666665 0.47649999999999987 0.5213333333333333 0.5488333333333333 0.25316666666666665 0.6671666666666667 0.7678333333333331 0.534 0.5943333333333333 
0.17983333333333337 0.15999999999999998 0.3716666666666666 0.41583333333333344 1.0 0.09449999999999999 0.8608333333333333 0.5975 0.9503333333333335 0.4681666666666667 0.4109999999999999 0.28333333333333344 0.43166666666666664 0.29083333333333333 0.9158333333333333 0.4663333333333333 0.3791666666666666 0.222 0.3411666666666666 0.36166666666666664 0.008666666666666666 0.12166666666666665 0.4650000000000001 0.4685000000000001 0.3405 0.33399999999999996 0.006833333333333334 0.007000000000000001 0.44016666666666654 0.2754999999999999 0.5318333333333336 0.5398333333333336 0.15050000000000002 0.18033333333333323 0.24166666666666672 0.12716666666666668 0.5381666666666668 0.4253333333333334 0.4636666666666667 0.6193333333333335 0.5846666666666668 0.595 0.006166666666666667 0.002 0.008 0.0026666666666666666 0.1555 0.06033333333333335 0.0013333333333333335 0.0013333333333333335 0.10700000000000001 0.011833333333333336 0.3616666666666667 0.44500000000000006 0.003833333333333333 0.12666666666666668 0.16016666666666668 0.1198333333333333 0.11316666666666668 0.004333333333333333 0.32349999999999995 0.4213333333333333 0.3063333333333334 0.36016666666666675 0.6089999999999999 0.4665000000000001 0.03216666666666666 0.009166666666666667 0.1741666666666667 0.16400000000000003 0.8028333333333335 0.7020000000000001 0.6093333333333334 0.3193333333333334 0.5691666666666666 0.5273333333333333 0.7941666666666666 0.6101666666666665 0.23750000000000004 0.22033333333333333 0.2033333333333333 0.17166666666666672 0.5801666666666666 0.5258333333333333 0.7106666666666668 0.3245 0.6545000000000001 0.46816666666666656 0.6703333333333333 0.6573333333333333 
0.1125 0.1423333333333333 0.5298333333333332 0.287 0.09449999999999999 1.0 0.031333333333333345 0.18799999999999997 0.09216666666666667 0.3374999999999999 0.36649999999999994 0.31383333333333324 0.3618333333333333 0.3609999999999999 0.10283333333333335 0.12333333333333335 0.13216666666666663 0.325 0.10033333333333337 0.004833333333333333 0.819 0.6038333333333332 0.4175000000000001 0.4063333333333334 0.5403333333333333 0.5048333333333335 0.904166666666666 0.904166666666666 0.0006666666666666666 0.02516666666666667 0.07833333333333335 0.06600000000000002 0.10933333333333332 0.10783333333333331 0.6635000000000001 0.6911666666666666 0.3185 0.14633333333333332 0.2791666666666668 0.17433333333333334 0.18466666666666662 0.04533333333333333 0.8736666666666665 0.8593333333333331 0.8853333333333332 0.8368333333333332 0.6941666666666668 0.6925 0.8468333333333333 0.8238333333333336 0.6813333333333336 0.7806666666666667 0.5273333333333331 0.4221666666666667 0.8606666666666664 0.6211666666666664 0.14 0.2765 0.5535 0.7348333333333333 0.3271666666666666 0.2923333333333334 0.25433333333333336 0.17533333333333329 0.3288333333333333 0.32283333333333336 0.7191666666666666 0.7675 0.282 0.13433333333333336 0.22633333333333333 0.326 0.06533333333333331 0.020666666666666663 0.12916666666666668 0.16766666666666666 0.16149999999999998 0.09216666666666667 0.3025 0.5953333333333333 0.1195 0.2803333333333334 0.0 0.004999999999999999 0.11500000000000002 0.5013333333333334 0.10616666666666667 0.39716666666666667 0.24750000000000003 0.15449999999999997 
0.22649999999999998 0.19916666666666663 0.3931666666666667 0.45233333333333325 0.8608333333333333 0.031333333333333345 1.0 0.6338333333333331 0.8848333333333332 0.45116666666666666 0.4099999999999999 0.2896666666666667 0.4320000000000001 0.29466666666666663 0.8771666666666667 0.46549999999999997 0.37766666666666665 0.2268333333333333 0.37766666666666665 0.39916666666666667 0.017 0.14633333333333337 0.4961666666666666 0.498 0.34983333333333333 0.36450000000000005 0.0175 0.017666666666666667 0.4565000000000001 0.28766666666666674 0.5848333333333333 0.6015000000000001 0.16133333333333336 0.19566666666666666 0.2415 0.14516666666666667 0.5766666666666665 0.4755 0.5005000000000001 0.6629999999999999 0.6096666666666668 0.6458333333333335 0.0405 0.043833333333333335 0.03833333333333334 0.04666666666666667 0.1776666666666666 0.10966666666666665 0.04416666666666666 0.03950000000000001 0.14883333333333332 0.0515 0.395 0.4946666666666665 0.04233333333333333 0.1815 0.2025 0.13583333333333333 0.14166666666666664 0.031333333333333345 0.32766666666666666 0.4323333333333333 0.3116666666666667 0.36700000000000005 0.5603333333333333 0.47166666666666685 0.06866666666666667 0.03933333333333334 0.18399999999999994 0.2043333333333334 0.7334999999999998 0.6318333333333332 0.6559999999999999 0.33533333333333337 0.5958333333333334 0.4219999999999998 0.6983333333333333 0.5926666666666668 0.243 0.1493333333333333 0.20466666666666672 0.1805 0.6204999999999999 0.5873333333333332 0.735 0.3326666666666667 0.6975000000000001 0.5019999999999998 0.6738333333333331 0.6898333333333333 
0.05916666666666666 0.1026666666666667 0.18166666666666662 0.4026666666666667 0.5975 0.18799999999999997 0.6338333333333331 1.0 0.6296666666666666 0.6596666666666668 0.6536666666666666 0.6233333333333332 0.7136666666666666 0.5659999999999998 0.6156666666666668 0.3698333333333333 0.3945 0.25749999999999995 0.16166666666666665 0.32866666666666666 0.18149999999999994 0.022166666666666668 0.29350000000000004 0.30000000000000016 0.14683333333333337 0.36316666666666664 0.18799999999999997 0.18799999999999997 0.469 0.3086666666666667 0.3706666666666667 0.38783333333333336 0.22266666666666668 0.3489999999999999 0.4365000000000001 0.4285 0.3826666666666667 0.5490000000000002 0.5001666666666664 0.8643333333333331 0.5544999999999998 0.6918333333333334 0.18233333333333326 0.19016666666666665 0.18649999999999994 0.19549999999999998 0.013333333333333338 0.06566666666666665 0.19366666666666668 0.23516666666666666 0.4011666666666665 0.292 0.1748333333333333 0.269 0.18716666666666662 0.12266666666666669 0.10000000000000003 0.1225 0.21483333333333335 0.2381666666666667 0.6298333333333331 0.7281666666666666 0.6068333333333332 0.5403333333333332 0.7116666666666666 0.7278333333333336 0.27899999999999997 0.30233333333333334 0.02383333333333333 0.09516666666666668 0.48666666666666664 0.3873333333333334 0.5305000000000001 0.2688333333333333 0.5921666666666666 0.36650000000000005 0.43766666666666665 0.518 0.2690000000000001 0.08916666666666666 0.2298333333333333 0.20116666666666666 0.6020000000000001 0.4755 0.6324999999999998 0.5313333333333332 0.6798333333333333 0.5968333333333333 0.8046666666666666 0.7805000000000003 
0.16133333333333333 0.1493333333333333 0.37400000000000005 0.44483333333333336 0.9503333333333335 0.09216666666666667 0.8848333333333332 0.6296666666666666 1.0 0.47983333333333333 0.4006666666666667 0.2711666666666667 0.4210000000000001 0.27799999999999997 0.949166666666667 0.4530000000000001 0.3621666666666667 0.223 0.3286666666666666 0.3633333333333333 0.006999999999999999 0.11383333333333327 0.48100000000000004 0.48449999999999993 0.33266666666666667 0.3484999999999998 0.005333333333333333 0.0055 0.45350000000000007 0.2846666666666667 0.5628333333333334 0.5730000000000001 0.14716666666666664 0.19166666666666668 0.24349999999999997 0.13266666666666668 0.5671666666666667 0.4638333333333332 0.49316666666666653 0.6613333333333334 0.6121666666666666 0.6351666666666665 0.004666666666666666 0.0006666666666666666 0.006666666666666666 0.0013333333333333333 0.1446666666666666 0.06533333333333335 0.0 0.0 0.11233333333333334 0.012333333333333339 0.366 0.4594999999999999 0.0018333333333333335 0.13516666666666668 0.14983333333333332 0.10716666666666663 0.09916666666666664 0.003 0.3115 0.4303333333333333 0.2923333333333334 0.35450000000000004 0.6021666666666667 0.4713333333333335 0.024833333333333332 0.009000000000000001 0.16016666666666665 0.15116666666666662 0.8263333333333337 0.7258333333333333 0.6363333333333335 0.3236666666666666 0.5951666666666667 0.5089999999999999 0.7764999999999997 0.5893333333333335 0.2378333333333333 0.21066666666666664 0.1971666666666667 0.17116666666666663 0.6178333333333331 0.5586666666666666 0.7089999999999997 0.31850000000000006 0.6901666666666667 0.49866666666666665 0.7008333333333334 0.6928333333333329 
0.20499999999999993 0.191 0.02383333333333333 0.18066666666666664 0.4681666666666667 0.3374999999999999 0.45116666666666666 0.6596666666666668 0.47983333333333333 1.0 0.8078333333333333 0.7413333333333333 0.8213333333333332 0.7570000000000003 0.4521666666666666 0.5286666666666665 0.4601666666666666 0.30216666666666664 0.08133333333333333 0.14266666666666666 0.32233333333333336 0.14583333333333331 0.06149999999999999 0.069 0.018166666666666668 0.13183333333333336 0.29600000000000004 0.29600000000000004 0.296 0.2688333333333333 0.135 0.15133333333333332 0.2818333333333334 0.3726666666666667 0.5818333333333334 0.5001666666666665 0.14766666666666667 0.2895 0.25566666666666665 0.6098333333333332 0.34233333333333327 0.4283333333333333 0.28716666666666674 0.2923333333333334 0.29316666666666674 0.2946666666666667 0.10516666666666664 0.11666666666666671 0.29233333333333333 0.29583333333333334 0.43933333333333324 0.3298333333333332 0.02383333333333333 0.04016666666666668 0.28883333333333333 0.0735 0.1768333333333333 0.2213333333333334 0.2635 0.3425 0.8011666666666666 0.9003333333333332 0.7176666666666667 0.645 0.8416666666666667 0.8739999999999998 0.3311666666666666 0.3294999999999999 0.17866666666666664 0.15899999999999997 0.3378333333333334 0.2396666666666666 0.2358333333333333 0.2411666666666667 0.2933333333333332 0.5563333333333333 0.3796666666666667 0.40016666666666667 0.3046666666666666 0.1753333333333333 0.2846666666666667 0.23683333333333334 0.2681666666666668 0.16433333333333333 0.413 0.6228333333333333 0.4498333333333334 0.36149999999999993 0.5938333333333332 0.5555 
0.2331666666666666 0.2248333333333333 0.018333333333333333 0.11783333333333328 0.4109999999999999 0.36649999999999994 0.4099999999999999 0.6536666666666666 0.4006666666666667 0.8078333333333333 1.0 0.8080000000000002 0.9183333333333331 0.8026666666666666 0.3843333333333333 0.5528333333333335 0.5293333333333333 0.3406666666666666 0.10499999999999998 0.1565 0.3158333333333333 0.13033333333333336 0.06483333333333334 0.07183333333333333 0.013166666666666669 0.1373333333333333 0.3368333333333332 0.33683333333333315 0.25950000000000006 0.25683333333333336 0.08900000000000002 0.10283333333333335 0.3146666666666667 0.35633333333333334 0.6071666666666669 0.5485 0.09716666666666665 0.2521666666666667 0.20716666666666664 0.5693333333333334 0.2776666666666667 0.39449999999999996 0.3301666666666666 0.33533333333333326 0.33599999999999985 0.3391666666666665 0.14850000000000002 0.15900000000000006 0.33833333333333326 0.3531666666666666 0.5098333333333334 0.4013333333333333 0.022833333333333337 0.04799999999999999 0.3319999999999998 0.1015 0.2076666666666666 0.24683333333333327 0.3353333333333333 0.35133333333333316 0.8571666666666666 0.8011666666666667 0.774 0.6809999999999999 0.7723333333333336 0.8318333333333334 0.4258333333333333 0.409 0.1743333333333333 0.19116666666666662 0.25233333333333335 0.15216666666666667 0.21350000000000005 0.2041666666666667 0.26850000000000007 0.49633333333333346 0.39233333333333326 0.44966666666666677 0.3425 0.16866666666666671 0.32949999999999996 0.27083333333333337 0.2618333333333333 0.145 0.4221666666666667 0.6861666666666669 0.3991666666666668 0.31133333333333335 0.5348333333333333 0.5003333333333332 
0.3481666666666667 0.39149999999999996 0.005333333333333334 0.04366666666666665 0.28333333333333344 0.31383333333333324 0.2896666666666667 0.6233333333333332 0.2711666666666667 0.7413333333333333 0.8080000000000002 1.0 0.7876666666666665 0.9036666666666666 0.2558333333333334 0.6513333333333334 0.7055 0.4875 0.16666666666666669 0.2738333333333334 0.37233333333333335 0.2 0.003333333333333333 0.009666666666666669 0.011166666666666665 0.08 0.31366666666666665 0.3139999999999999 0.3455 0.41800000000000004 0.01516666666666667 0.027333333333333338 0.4823333333333335 0.5108333333333334 0.5646666666666667 0.5493333333333336 0.022666666666666672 0.18666666666666668 0.13983333333333337 0.49999999999999994 0.1941666666666667 0.3308333333333334 0.30766666666666664 0.3133333333333333 0.31233333333333324 0.32066666666666666 0.13066666666666663 0.14000000000000004 0.3208333333333333 0.3626666666666665 0.5266666666666666 0.4165 0.009500000000000001 0.0013333333333333333 0.3091666666666666 0.08266666666666664 0.37166666666666665 0.4143333333333333 0.42533333333333334 0.44333333333333336 0.9238333333333333 0.7895 0.921 0.8286666666666666 0.6266666666666668 0.7171666666666667 0.44816666666666677 0.43683333333333324 0.2876666666666667 0.3516666666666666 0.12566666666666668 0.026833333333333334 0.1718333333333333 0.3428333333333334 0.23600000000000004 0.5543333333333332 0.36683333333333334 0.5078333333333334 0.49 0.2753333333333334 0.5081666666666667 0.4216666666666668 0.24116666666666675 0.11600000000000002 0.34583333333333344 0.6163333333333335 0.3221666666666667 0.2331666666666667 0.44483333333333336 0.42333333333333334 
0.1998333333333333 0.21133333333333337 0.016666666666666666 0.154 0.43166666666666664 0.3618333333333333 0.4320000000000001 0.7136666666666666 0.4210000000000001 0.8213333333333332 0.9183333333333331 0.7876666666666665 1.0 0.7555 0.40733333333333344 0.5061666666666667 0.5123333333333333 0.3373333333333333 0.06916666666666665 0.15866666666666662 0.31016666666666665 0.12583333333333335 0.07283333333333333 0.0795 0.011833333333333333 0.14383333333333337 0.3358333333333332 0.33483333333333326 0.29783333333333334 0.25549999999999995 0.1255 0.13983333333333337 0.30000000000000004 0.35583333333333333 0.6020000000000001 0.5488333333333335 0.1365 0.2863333333333333 0.24483333333333326 0.6025000000000001 0.3096666666666666 0.42833333333333323 0.3281666666666666 0.33516666666666667 0.33233333333333337 0.3413333333333334 0.1461666666666667 0.15866666666666668 0.3403333333333333 0.368 0.53 0.4213333333333334 0.022000000000000002 0.052333333333333336 0.3314999999999999 0.1018333333333333 0.19383333333333333 0.23366666666666663 0.33049999999999996 0.3676666666666666 0.8418333333333337 0.8318333333333332 0.7581666666666668 0.6688333333333334 0.7928333333333335 0.8548333333333332 0.4191666666666666 0.4241666666666668 0.1331666666666667 0.17816666666666664 0.27449999999999997 0.17450000000000002 0.2721666666666667 0.20883333333333337 0.33183333333333337 0.45366666666666683 0.3431666666666667 0.4256666666666667 0.3385 0.19216666666666665 0.3128333333333333 0.27166666666666667 0.3228333333333333 0.20950000000000002 0.4433333333333332 0.6816666666666665 0.4363333333333334 0.34983333333333344 0.5718333333333332 0.5339999999999998 
0.3231666666666666 0.32483333333333336 0.050499999999999996 0.07883333333333332 0.29083333333333333 0.3609999999999999 0.29466666666666663 0.5659999999999998 0.27799999999999997 0.7570000000000003 0.8026666666666666 0.9036666666666666 0.7555 1.0 0.2725 0.6931666666666665 0.6356666666666668 0.4181666666666666 0.2068333333333333 0.20333333333333328 0.41616666666666674 0.20516666666666666 0.047333333333333324 0.05433333333333332 0.05233333333333332 0.12483333333333338 0.36916666666666664 0.36933333333333324 0.26983333333333326 0.3401666666666667 0.060666666666666653 0.07200000000000001 0.4081666666666668 0.43033333333333346 0.6076666666666667 0.557 0.05000000000000001 0.2293333333333333 0.1778333333333334 0.5503333333333333 0.2191666666666667 0.3693333333333333 0.33666666666666667 0.33666666666666656 0.3469999999999998 0.3386666666666666 0.15650000000000003 0.16350000000000006 0.3374999999999999 0.34149999999999997 0.4928333333333332 0.38400000000000006 0.03833333333333334 0.0165 0.33516666666666667 0.09883333333333334 0.3039999999999999 0.34733333333333327 0.36900000000000005 0.3995000000000001 0.8788333333333336 0.7821666666666667 0.8418333333333333 0.7483333333333333 0.6398333333333333 0.7573333333333331 0.4313333333333334 0.4013333333333334 0.3 0.2873333333333332 0.13249999999999998 0.03333333333333333 0.1185 0.2716666666666667 0.1805 0.5421666666666666 0.3775 0.48016666666666674 0.4221666666666667 0.21099999999999997 0.4338333333333334 0.35166666666666674 0.176 0.060666666666666626 0.3898333333333332 0.6790000000000002 0.3646666666666667 0.2758333333333332 0.49566666666666653 0.4648333333333332 
0.18250000000000002 0.16900000000000012 0.386 0.44733333333333325 0.9158333333333333 0.10283333333333335 0.8771666666666667 0.6156666666666668 0.949166666666667 0.4521666666666666 0.3843333333333333 0.2558333333333334 0.40733333333333344 0.2725 1.0 0.44916666666666666 0.3456666666666666 0.2041666666666667 0.36 0.38433333333333336 0.01966666666666667 0.1145 0.4976666666666666 0.5006666666666667 0.3413333333333333 0.36516666666666675 0.01783333333333334 0.017833333333333336 0.4481666666666666 0.2801666666666667 0.5921666666666666 0.6098333333333334 0.14850000000000002 0.18733333333333335 0.22216666666666665 0.11166666666666668 0.5828333333333333 0.48349999999999993 0.5071666666666667 0.6618333333333333 0.6133333333333336 0.6418333333333334 0.009333333333333334 0.0026666666666666666 0.012 0.0038333333333333336 0.147 0.07066666666666668 0.0023333333333333335 0.0008333333333333333 0.0976666666666667 0.011833333333333333 0.3753333333333333 0.4666666666666666 0.004333333333333333 0.14016666666666663 0.16983333333333342 0.113 0.10433333333333328 0.0031666666666666666 0.2968333333333334 0.4083333333333334 0.2773333333333332 0.3381666666666666 0.5708333333333334 0.44800000000000006 0.030833333333333338 0.0105 0.1690000000000001 0.16916666666666672 0.8115000000000001 0.7049999999999998 0.6391666666666667 0.32066666666666666 0.6006666666666667 0.47083333333333327 0.7441666666666668 0.5613333333333332 0.22083333333333335 0.20383333333333334 0.1886666666666667 0.16500000000000004 0.6124999999999999 0.5793333333333333 0.7116666666666669 0.3151666666666667 0.6916666666666665 0.5135000000000001 0.6980000000000003 0.685 
0.522 0.4793333333333334 0.24433333333333326 0.12016666666666667 0.4663333333333333 0.12333333333333335 0.46549999999999997 0.3698333333333333 0.4530000000000001 0.5286666666666665 0.5528333333333335 0.6513333333333334 0.5061666666666667 0.6931666666666665 0.44916666666666666 1.0 0.7673333333333333 0.5324999999999999 0.4398333333333333 0.3904999999999999 0.22949999999999998 0.3268333333333333 0.2374999999999999 0.24066666666666667 0.2681666666666666 0.11200000000000002 0.1338333333333333 0.1338333333333333 0.4461666666666666 0.535 0.25949999999999995 0.2685 0.5363333333333333 0.4873333333333334 0.3536666666666667 0.2776666666666667 0.23000000000000007 0.21833333333333332 0.175 0.4100000000000001 0.2433333333333333 0.3725 0.099 0.08216666666666665 0.10533333333333335 0.08066666666666666 0.25250000000000006 0.09650000000000002 0.081 0.07783333333333331 0.22233333333333336 0.1131666666666667 0.21916666666666654 0.20049999999999993 0.08600000000000002 0.0713333333333333 0.47466666666666696 0.4285 0.2973333333333333 0.1586666666666667 0.6291666666666668 0.5465000000000001 0.6780000000000002 0.7279999999999999 0.4254999999999999 0.5168333333333333 0.1641666666666667 0.12783333333333335 0.5159999999999999 0.4660000000000001 0.2935000000000001 0.196 0.264 0.4690000000000001 0.2168333333333333 0.5923333333333334 0.5446666666666665 0.6644999999999999 0.5574999999999999 0.3399999999999999 0.5933333333333334 0.48833333333333345 0.32449999999999996 0.2131666666666667 0.4728333333333334 0.44499999999999984 0.3903333333333333 0.18216666666666664 0.38799999999999996 0.42216666666666663 
0.5868333333333335 0.6596666666666665 0.16183333333333333 0.015166666666666672 0.3791666666666666 0.13216666666666663 0.37766666666666665 0.3945 0.3621666666666667 0.4601666666666666 0.5293333333333333 0.7055 0.5123333333333333 0.6356666666666668 0.3456666666666666 0.7673333333333333 1.0 0.7431666666666671 0.40516666666666656 0.5038333333333334 0.21833333333333335 0.38333333333333336 0.12716666666666662 0.12483333333333331 0.1991666666666667 0.0026666666666666666 0.1323333333333333 0.13283333333333328 0.5775000000000001 0.6509999999999999 0.18449999999999997 0.18816666666666662 0.6951666666666665 0.6139999999999999 0.3483333333333333 0.34916666666666674 0.13933333333333334 0.14366666666666664 0.09283333333333331 0.3066666666666666 0.128 0.2713333333333334 0.13333333333333328 0.13283333333333325 0.13199999999999995 0.14433333333333334 0.2695 0.11049999999999997 0.1426666666666666 0.1893333333333334 0.3460000000000001 0.24483333333333335 0.16383333333333333 0.13316666666666666 0.13249999999999995 0.06566666666666668 0.6451666666666667 0.5918333333333332 0.4585000000000001 0.2871666666666666 0.6451666666666667 0.5086666666666665 0.7300000000000001 0.7980000000000002 0.35700000000000004 0.4348333333333334 0.27899999999999997 0.2665000000000001 0.5175 0.6225 0.21949999999999992 0.1663333333333333 0.32899999999999996 0.5743333333333333 0.22266666666666665 0.5513333333333333 0.4778333333333334 0.6681666666666668 0.7613333333333336 0.5111666666666668 0.7809999999999998 0.6998333333333332 0.4068333333333332 0.29700000000000004 0.3241666666666667 0.3748333333333334 0.2388333333333334 0.07616666666666667 0.24466666666666673 0.2751666666666666 
0.5351666666666666 0.6326666666666667 0.3398333333333333 0.0285 0.222 0.325 0.2268333333333333 0.25749999999999995 0.223 0.30216666666666664 0.3406666666666666 0.4875 0.3373333333333333 0.4181666666666666 0.2041666666666667 0.5324999999999999 0.7431666666666671 1.0 0.37949999999999995 0.48100000000000004 0.405 0.5596666666666666 0.2591666666666667 0.2526666666666667 0.37499999999999994 0.14133333333333334 0.32516666666666666 0.3253333333333333 0.5531666666666667 0.6216666666666667 0.22033333333333333 0.22366666666666662 0.6598333333333335 0.5933333333333333 0.4228333333333334 0.5283333333333331 0.1946666666666667 0.1756666666666667 0.04666666666666667 0.18116666666666664 0.004 0.1505 0.32599999999999996 0.3256666666666666 0.3253333333333333 0.3386666666666666 0.4598333333333332 0.30083333333333334 0.3354999999999999 0.38383333333333325 0.5005000000000001 0.43666666666666665 0.3435 0.2806666666666666 0.32466666666666666 0.253 0.6370000000000001 0.5793333333333331 0.5228333333333332 0.4678333333333334 0.43500000000000005 0.3475 0.5115000000000001 0.5896666666666668 0.19500000000000003 0.28133333333333327 0.39383333333333326 0.45683333333333337 0.4589999999999999 0.6045000000000001 0.13499999999999998 0.22616666666666657 0.2718333333333334 0.5278333333333333 0.10516666666666666 0.3311666666666667 0.2903333333333334 0.47416666666666657 0.9321666666666668 0.6908333333333334 0.7455000000000002 0.8796666666666664 0.431 0.3329999999999999 0.15616666666666673 0.2853333333333332 0.10166666666666668 0.011833333333333336 0.10533333333333336 0.1375 
0.6918333333333334 0.6601666666666667 0.45049999999999996 0.3421666666666666 0.3411666666666666 0.10033333333333337 0.37766666666666665 0.16166666666666665 0.3286666666666666 0.08133333333333333 0.10499999999999998 0.16666666666666669 0.06916666666666665 0.2068333333333333 0.36 0.4398333333333333 0.40516666666666656 0.37949999999999995 1.0 0.7791666666666669 0.19316666666666665 0.29233333333333333 0.4176666666666666 0.41883333333333334 0.486 0.29166666666666663 0.14149999999999996 0.14033333333333334 0.6115000000000002 0.6386666666666667 0.7036666666666666 0.7025000000000001 0.5928333333333333 0.5241666666666664 0.07833333333333332 0.04499999999999999 0.38783333333333336 0.44999999999999996 0.24816666666666667 0.23550000000000001 0.2713333333333333 0.29283333333333333 0.11 0.08816666666666667 0.1176666666666667 0.08616666666666667 0.2711666666666667 0.12916666666666668 0.08266666666666668 0.06266666666666662 0.06066666666666664 0.06183333333333331 0.4018333333333333 0.3780000000000001 0.09250000000000004 0.1698333333333334 0.67 0.511 0.21316666666666667 0.08633333333333333 0.14533333333333334 0.09616666666666669 0.1876666666666667 0.258 0.1085 0.10033333333333332 0.11183333333333334 0.07333333333333332 0.585 0.6680000000000001 0.3055 0.3155 0.44766666666666666 0.6493333333333333 0.21999999999999997 0.27283333333333337 0.4105 0.46633333333333327 0.38966666666666655 0.26299999999999996 0.5883333333333334 0.4729999999999998 0.5283333333333333 0.6239999999999999 0.392 0.18950000000000003 0.31116666666666676 0.29133333333333333 0.25866666666666666 0.26783333333333337 
0.6586666666666665 0.6971666666666665 0.2993333333333333 0.29400000000000004 0.36166666666666664 0.004833333333333333 0.39916666666666667 0.32866666666666666 0.3633333333333333 0.14266666666666666 0.1565 0.2738333333333334 0.15866666666666662 0.20333333333333328 0.38433333333333336 0.3904999999999999 0.5038333333333334 0.48100000000000004 0.7791666666666669 1.0 0.05683333333333333 0.21083333333333332 0.32183333333333336 0.3225000000000001 0.32999999999999985 0.1943333333333334 0.012833333333333334 0.012500000000000002 0.7926666666666671 0.8058333333333334 0.6273333333333334 0.6418333333333335 0.6970000000000001 0.6930000000000001 0.030000000000000006 0.08566666666666668 0.35033333333333344 0.4646666666666666 0.25149999999999995 0.29549999999999993 0.23933333333333337 0.344 0.012333333333333333 0.013000000000000001 0.0105 0.022166666666666668 0.1643333333333333 0.0355 0.01966666666666667 0.06416666666666665 0.09649999999999999 0.09483333333333331 0.2810000000000001 0.31566666666666654 0.013500000000000002 0.08049999999999999 0.7058333333333333 0.5536666666666669 0.2506666666666667 0.11166666666666666 0.23749999999999993 0.20183333333333334 0.3096666666666667 0.39533333333333337 0.14850000000000002 0.15866666666666665 0.1148333333333333 0.12249999999999998 0.49449999999999994 0.6985000000000001 0.34133333333333327 0.3615 0.5433333333333331 0.7753333333333332 0.33466666666666667 0.29966666666666664 0.36666666666666664 0.5015000000000001 0.48966666666666653 0.32833333333333337 0.6821666666666668 0.5774999999999999 0.6938333333333333 0.7463333333333335 0.29633333333333334 0.08633333333333335 0.2510000000000001 0.23216666666666666 0.2278333333333334 0.2486666666666666 
0.22483333333333338 0.2510000000000001 0.5756666666666667 0.3633333333333333 0.008666666666666666 0.819 0.017 0.18149999999999994 0.006999999999999999 0.32233333333333336 0.3158333333333333 0.37233333333333335 0.31016666666666665 0.41616666666666674 0.01966666666666667 0.22949999999999998 0.21833333333333335 0.405 0.19316666666666665 0.05683333333333333 1.0 0.7368333333333329 0.4946666666666666 0.4843333333333334 0.5984999999999999 0.5843333333333333 0.8961666666666668 0.8961666666666668 0.04799999999999999 0.11383333333333333 0.15350000000000003 0.13049999999999998 0.1981666666666667 0.1928333333333333 0.5641666666666666 0.6018333333333336 0.3776666666666668 0.17 0.34149999999999997 0.188 0.2525 0.06833333333333332 0.8401666666666668 0.8230000000000003 0.8516666666666666 0.7966666666666667 0.6688333333333333 0.6625000000000001 0.81 0.7735 0.6066666666666666 0.7093333333333334 0.5554999999999998 0.46983333333333344 0.8255 0.6005000000000001 0.24583333333333335 0.3986666666666667 0.5615000000000001 0.8043333333333332 0.34600000000000003 0.31199999999999994 0.3316666666666667 0.25250000000000006 0.2541666666666666 0.3086666666666666 0.6498333333333334 0.6928333333333333 0.41666666666666663 0.2421666666666666 0.1425 0.24233333333333326 0.11116666666666668 0.13783333333333336 0.1673333333333333 0.17149999999999996 0.050666666666666645 0.07249999999999998 0.3833333333333334 0.6163333333333333 0.20783333333333331 0.3636666666666666 0.0006666666666666666 0.036666666666666674 0.17883333333333332 0.4833333333333332 0.1623333333333333 0.4808333333333333 0.25549999999999995 0.19033333333333335 
0.44933333333333325 0.44650000000000006 0.6361666666666665 0.29250000000000004 0.12166666666666665 0.6038333333333332 0.14633333333333337 0.022166666666666668 0.11383333333333327 0.14583333333333331 0.13033333333333336 0.2 0.12583333333333335 0.20516666666666666 0.1145 0.3268333333333333 0.38333333333333336 0.5596666666666666 0.29233333333333333 0.21083333333333332 0.7368333333333329 1.0 0.5308333333333333 0.5150000000000001 0.6800000000000002 0.4566666666666667 0.6651666666666667 0.6681666666666666 0.2091666666666666 0.2843333333333334 0.19849999999999995 0.17033333333333328 0.3426666666666667 0.2608333333333333 0.3613333333333334 0.4235000000000001 0.47066666666666684 0.08199999999999999 0.2908333333333334 0.028999999999999995 0.18466666666666673 0.03466666666666666 0.7145000000000001 0.7028333333333334 0.7055000000000002 0.6786666666666664 0.8101666666666667 0.6771666666666664 0.6929999999999998 0.64 0.45250000000000007 0.5568333333333332 0.6848333333333332 0.6218333333333333 0.7056666666666668 0.6265 0.44450000000000023 0.5466666666666665 0.5903333333333333 0.6866666666666668 0.1716666666666667 0.13783333333333334 0.2226666666666666 0.2853333333333333 0.07766666666666666 0.10516666666666667 0.5091666666666665 0.5331666666666667 0.612 0.44533333333333347 0.23283333333333334 0.36133333333333334 0.2601666666666667 0.3313333333333333 0.18033333333333335 0.23216666666666666 0.16400000000000003 0.2228333333333334 0.5533333333333335 0.7760000000000001 0.3781666666666667 0.5329999999999999 0.11883333333333329 0.1376666666666667 0.15016666666666667 0.23316666666666655 0.06466666666666668 0.2878333333333334 0.053666666666666654 0.04549999999999999 
0.17200000000000004 0.1585 0.8594999999999997 0.7118333333333335 0.4650000000000001 0.4175000000000001 0.4961666666666666 0.29350000000000004 0.48100000000000004 0.06149999999999999 0.06483333333333334 0.003333333333333333 0.07283333333333333 0.047333333333333324 0.4976666666666666 0.2374999999999999 0.12716666666666662 0.2591666666666667 0.4176666666666666 0.32183333333333336 0.4946666666666666 0.5308333333333333 1.0 0.9690000000000003 0.8120000000000002 0.8565000000000002 0.4876666666666665 0.48599999999999993 0.3048333333333333 0.20183333333333334 0.6368333333333331 0.6138333333333333 0.10733333333333334 0.10916666666666668 0.16766666666666666 0.20466666666666666 0.8471666666666667 0.47166666666666657 0.655 0.3823333333333334 0.5729999999999998 0.4125 0.43933333333333335 0.4181666666666667 0.44549999999999995 0.38966666666666666 0.5735000000000003 0.49916666666666676 0.4026666666666668 0.36583333333333334 0.20133333333333334 0.30400000000000005 0.8094999999999999 0.8956666666666666 0.4245000000000001 0.5655 0.16033333333333336 0.2395 0.2793333333333333 0.3606666666666667 0.013666666666666667 0.07683333333333334 0.017833333333333336 0.06966666666666667 0.1543333333333333 0.12583333333333332 0.24983333333333335 0.2895000000000001 0.3666666666666667 0.16983333333333334 0.6194999999999999 0.7018333333333331 0.56 0.2513333333333333 0.5313333333333333 0.06416666666666665 0.35450000000000004 0.2826666666666667 0.25150000000000006 0.46299999999999986 0.13399999999999995 0.23399999999999999 0.466 0.5025 0.5541666666666667 0.24516666666666673 0.4943333333333332 0.6726666666666666 0.43516666666666665 0.44916666666666666 
0.1703333333333334 0.15783333333333338 0.8436666666666668 0.7123333333333332 0.4685000000000001 0.4063333333333334 0.498 0.30000000000000016 0.48449999999999993 0.069 0.07183333333333333 0.009666666666666669 0.0795 0.05433333333333332 0.5006666666666667 0.24066666666666667 0.12483333333333331 0.2526666666666667 0.41883333333333334 0.3225000000000001 0.4843333333333334 0.5150000000000001 0.9690000000000003 1.0 0.7945000000000003 0.848666666666667 0.4756666666666668 0.4736666666666667 0.3048333333333333 0.2021666666666666 0.6394999999999996 0.6164999999999998 0.10783333333333331 0.11116666666666668 0.17066666666666663 0.2023333333333333 0.8396666666666668 0.4778333333333334 0.6531666666666665 0.38949999999999996 0.58 0.42366666666666686 0.42599999999999993 0.40433333333333316 0.43183333333333324 0.37716666666666654 0.5591666666666668 0.4886666666666666 0.38916666666666666 0.35333333333333333 0.19399999999999998 0.29333333333333333 0.7943333333333336 0.8806666666666669 0.4108333333333333 0.5548333333333332 0.15949999999999995 0.2346666666666667 0.2698333333333333 0.3486666666666667 0.019666666666666666 0.084 0.024166666666666666 0.07383333333333333 0.16066666666666665 0.13283333333333336 0.24050000000000005 0.2793333333333333 0.3605 0.16899999999999998 0.6243333333333334 0.6940000000000001 0.5559999999999999 0.24949999999999994 0.5366666666666667 0.07183333333333332 0.35883333333333317 0.2861666666666666 0.2445 0.4503333333333332 0.13499999999999995 0.2271666666666667 0.46733333333333327 0.5061666666666667 0.5606666666666665 0.25616666666666654 0.5063333333333333 0.6705 0.4436666666666668 0.4576666666666668 
