1.0 0.46733333333333343 0.16333333333333339 0.2095 0.16866666666666666 0.20733333333333334 0.18466666666666673 0.214 0.184 0.3171666666666666 0.272 0.4569999999999999 0.2728333333333333 0.309 0.237 0.36400000000000005 0.5573333333333335 0.5588333333333334 0.5051666666666668 0.6953333333333336 0.2425000000000002 0.31616666666666665 0.16 0.1295 0.1376666666666667 0.15516666666666667 0.14366666666666672 0.1266666666666667 0.5318333333333334 0.5538333333333333 0.3725 0.4283333333333333 0.4733333333333332 0.5406666666666667 0.13 0.13016666666666668 0.3780000000000001 0.21900000000000003 0.43700000000000006 0.2061666666666666 0.6651666666666668 0.30516666666666664 0.37416666666666676 0.3651666666666668 0.37500000000000006 0.36816666666666664 0.3635 0.35950000000000004 0.3726666666666668 0.41300000000000003 0.2031666666666667 0.3396666666666667 0.436 0.3705 0.31316666666666676 0.26216666666666666 0.6471666666666664 0.6338333333333331 0.5510000000000002 0.4686666666666665 0.5843333333333333 0.44433333333333336 0.5774999999999999 0.653 0.2166666666666667 0.2676666666666667 0.12766666666666668 0.1746666666666667 0.6953333333333331 0.5741666666666666 0.4638333333333333 0.2288333333333333 0.5921666666666667 0.41950000000000004 0.3705000000000001 0.436 0.2753333333333334 0.23499999999999993 0.5668333333333332 0.5834999999999999 0.5598333333333332 0.6128333333333332 0.4533333333333334 0.5583333333333335 0.22116666666666668 0.11449999999999999 0.1876666666666667 0.20633333333333329 0.1801666666666667 0.22333333333333336 
0.46733333333333343 1.0 0.06133333333333333 0.3138333333333334 0.05133333333333332 0.2705000000000001 0.03016666666666667 0.3209999999999999 0.032499999999999994 0.15749999999999992 0.04299999999999999 0.177 0.04699999999999999 0.18583333333333332 0.03166666666666667 0.2021666666666667 0.5866666666666667 0.37866666666666665 0.3573333333333334 0.5368333333333333 0.222 0.27 0.05816666666666666 0.09616666666666669 0.085 0.2008333333333333 0.07449999999999998 0.10466666666666667 0.5971666666666666 0.5271666666666667 0.25133333333333335 0.2793333333333333 0.28983333333333333 0.35383333333333333 0.09649999999999999 0.11783333333333335 0.12283333333333334 0.4923333333333333 0.16883333333333334 0.3996666666666666 0.495 0.40983333333333344 0.5336666666666666 0.5388333333333333 0.4738333333333335 0.4828333333333332 0.6048333333333332 0.5900000000000001 0.4825000000000001 0.5158333333333335 0.1516666666666667 0.5894999999999999 0.7394999999999999 0.5496666666666667 0.5835000000000001 0.5298333333333334 0.5524999999999999 0.5673333333333331 0.5163333333333333 0.5745000000000001 0.3479999999999999 0.33683333333333343 0.4953333333333333 0.4908333333333333 0.07533333333333331 0.17050000000000007 0.12900000000000003 0.4001666666666668 0.5323333333333334 0.628 0.4376666666666667 0.18716666666666665 0.505 0.3765000000000001 0.3101666666666667 0.3285 0.5081666666666667 0.4706666666666667 0.6883333333333335 0.5416666666666667 0.5691666666666665 0.5343333333333333 0.3325 0.46833333333333343 0.2021666666666666 0.14133333333333334 0.3023333333333334 0.3734999999999999 0.19083333333333335 0.21583333333333335 
0.16333333333333339 0.06133333333333333 1.0 0.5351666666666668 0.8821666666666664 0.5585000000000001 0.9171666666666667 0.48316666666666663 0.8346666666666667 0.6309999999999999 0.5893333333333333 0.4799999999999999 0.5781666666666667 0.6091666666666667 0.768 0.3048333333333333 0.0006666666666666666 0.3771666666666666 0.2854999999999999 0.026166666666666668 0.6100000000000001 0.4888333333333334 0.9725000000000006 0.8716666666666667 0.9478333333333334 0.7969999999999999 0.956166666666667 0.922 0.003 0.03350000000000001 0.42333333333333345 0.35533333333333333 0.35483333333333333 0.16999999999999996 0.9336666666666664 0.9083333333333334 0.5283333333333333 0.26649999999999996 0.4450000000000001 0.3781666666666667 0.012500000000000002 0.20600000000000002 0.0125 0.016666666666666666 0.047666666666666656 0.051 0.01583333333333333 0.024666666666666667 0.04566666666666665 0.010333333333333335 0.6908333333333334 0.046999999999999986 0.075 0.3939999999999999 0.1985 0.23583333333333337 0.0026666666666666666 0.0003333333333333333 0.029333333333333336 0.004166666666666667 0.054833333333333324 0.13666666666666666 0.0235 0.023666666666666666 0.8296666666666666 0.6718333333333335 0.8778333333333331 0.38683333333333353 0.04083333333333334 0.054833333333333324 0.2071666666666666 0.5453333333333336 0.01533333333333333 0.15366666666666673 0.2365 0.22583333333333327 0.2701666666666666 0.20916666666666664 0.025666666666666664 0.023000000000000003 0.0034999999999999996 0.044 0.13266666666666668 0.05116666666666665 0.6848333333333335 0.878333333333333 0.477 0.4853333333333334 0.5461666666666667 0.6343333333333334 
0.2095 0.3138333333333334 0.5351666666666668 1.0 0.5811666666666668 0.8555000000000001 0.5075000000000002 0.8306666666666667 0.561 0.7005000000000001 0.5891666666666668 0.602 0.6003333333333333 0.7299999999999999 0.5793333333333331 0.29666666666666663 0.05316666666666665 0.3178333333333333 0.09516666666666668 0.037333333333333336 0.45500000000000007 0.20683333333333334 0.5348333333333332 0.6375 0.5613333333333332 0.7064999999999999 0.5513333333333332 0.5856666666666667 0.07700000000000001 0.05916666666666666 0.07883333333333332 0.08066666666666666 0.0738333333333333 0.06483333333333331 0.5821666666666666 0.6026666666666668 0.6336666666666666 0.55 0.5319999999999998 0.7571666666666667 0.0335 0.4926666666666668 0.05833333333333333 0.06549999999999997 0.05233333333333334 0.06799999999999998 0.13016666666666668 0.11983333333333335 0.05849999999999999 0.05516666666666665 0.6991666666666668 0.13716666666666671 0.31349999999999995 0.48316666666666663 0.5718333333333332 0.6023333333333333 0.034833333333333334 0.04016666666666666 0.06983333333333333 0.11383333333333333 0.1215 0.31600000000000006 0.049833333333333334 0.06133333333333332 0.6359999999999999 0.7313333333333334 0.5783333333333334 0.36383333333333334 0.030333333333333334 0.09033333333333333 0.09499999999999999 0.26350000000000007 0.06366666666666668 0.1885 0.20049999999999998 0.18683333333333332 0.6385000000000001 0.5009999999999999 0.09083333333333334 0.03166666666666667 0.04100000000000001 0.03216666666666667 0.11849999999999998 0.03983333333333334 0.6811666666666669 0.6426666666666666 0.8464999999999999 0.5276666666666666 0.7409999999999998 0.8061666666666669 
0.16866666666666666 0.05133333333333332 0.8821666666666664 0.5811666666666668 1.0 0.6395000000000001 0.8539999999999999 0.5681666666666666 0.9345 0.7228333333333333 0.6910000000000001 0.5711666666666665 0.6788333333333333 0.6991666666666667 0.8693333333333335 0.4076666666666668 0.002833333333333333 0.37833333333333335 0.2954999999999999 0.02583333333333333 0.5273333333333334 0.4413333333333334 0.8889999999999999 0.9081666666666663 0.8506666666666665 0.725 0.8613333333333334 0.8273333333333335 0.006333333333333334 0.04216666666666668 0.345 0.2863333333333334 0.3456666666666666 0.168 0.8501666666666665 0.8108333333333334 0.6193333333333334 0.3213333333333334 0.5359999999999999 0.4601666666666668 0.0125 0.29366666666666663 0.0003333333333333333 0.0003333333333333333 0.0045 0.0034999999999999996 0.0026666666666666666 0.003333333333333333 0.005333333333333333 0.00016666666666666666 0.7714999999999997 0.013333333333333338 0.0645 0.38416666666666655 0.2809999999999999 0.3171666666666667 0.003 0.0003333333333333333 0.0315 0.0036666666666666666 0.08916666666666666 0.1955 0.02916666666666667 0.025666666666666667 0.9078333333333335 0.7580000000000001 0.7763333333333332 0.28800000000000003 0.0395 0.054833333333333324 0.2188333333333334 0.49633333333333346 0.015499999999999996 0.15983333333333338 0.23816666666666667 0.2388333333333333 0.3551666666666666 0.29050000000000004 0.026499999999999996 0.030833333333333334 0.010333333333333335 0.05033333333333334 0.21349999999999994 0.06166666666666666 0.7646666666666664 0.8041666666666665 0.5593333333333333 0.5638333333333333 0.6313333333333332 0.7148333333333332 
0.20733333333333334 0.2705000000000001 0.5585000000000001 0.8555000000000001 0.6395000000000001 1.0 0.5146666666666665 0.807 0.6086666666666667 0.8078333333333336 0.6461666666666664 0.6508333333333334 0.6475 0.8238333333333331 0.6521666666666667 0.33 0.005666666666666668 0.3058333333333334 0.08700000000000001 0.006166666666666666 0.40016666666666667 0.18533333333333335 0.5601666666666668 0.6745000000000002 0.5873333333333334 0.7268333333333332 0.5770000000000001 0.6123333333333333 0.019500000000000003 0.020166666666666676 0.04166666666666668 0.0295 0.03883333333333334 0.004833333333333334 0.6134999999999998 0.6313333333333334 0.7094999999999999 0.5963333333333332 0.5970000000000001 0.7936666666666669 0.006166666666666666 0.5369999999999999 0.0265 0.03416666666666666 0.023 0.035 0.0885 0.08433333333333333 0.02916666666666667 0.023 0.8150000000000003 0.10683333333333332 0.3070000000000001 0.4911666666666668 0.6058333333333336 0.6369999999999999 0.004333333333333333 0.007666666666666666 0.02550000000000001 0.05383333333333333 0.11449999999999999 0.30749999999999994 0.008166666666666668 0.023666666666666666 0.7193333333333333 0.8250000000000002 0.59 0.30349999999999994 0.007333333333333334 0.0565 0.07666666666666666 0.234 0.018500000000000003 0.13033333333333333 0.13816666666666666 0.15333333333333338 0.6356666666666666 0.49700000000000005 0.04183333333333335 0.0026666666666666666 0.004 0.0018333333333333335 0.14233333333333334 0.0008333333333333334 0.7611666666666664 0.6526666666666668 0.8924999999999998 0.6024999999999999 0.782 0.9049999999999998 
0.18466666666666673 0.03016666666666667 0.9171666666666667 0.5075000000000002 0.8539999999999999 0.5146666666666665 1.0 0.4711666666666667 0.8745 0.5900000000000003 0.6619999999999999 0.52 0.6463333333333334 0.5681666666666667 0.8288333333333333 0.37750000000000006 0.008666666666666668 0.3861666666666666 0.34900000000000014 0.05166666666666665 0.6056666666666668 0.546 0.9188333333333334 0.8161666666666665 0.8806666666666665 0.7503333333333333 0.8884999999999998 0.852 0.014833333333333336 0.08316666666666667 0.4825 0.4186666666666667 0.4193333333333334 0.23500000000000004 0.8723333333333332 0.8381666666666666 0.5265 0.2296666666666667 0.4520000000000002 0.35450000000000026 0.027666666666666662 0.2053333333333334 0.012166666666666666 0.015166666666666667 0.05333333333333332 0.04866666666666666 0.009333333333333334 0.016 0.04383333333333332 0.012 0.634 0.0305 0.02816666666666667 0.3463333333333334 0.1834999999999999 0.22233333333333327 0.010500000000000002 0.003333333333333333 0.07483333333333335 0.007333333333333334 0.11466666666666665 0.15099999999999997 0.07116666666666668 0.06316666666666668 0.7743333333333331 0.6203333333333334 0.8121666666666666 0.3575 0.06749999999999999 0.04983333333333333 0.27133333333333326 0.5828333333333333 0.023666666666666673 0.19650000000000006 0.28600000000000003 0.29216666666666674 0.2646666666666667 0.207 0.02733333333333333 0.0728333333333333 0.03833333333333334 0.10099999999999999 0.203 0.11566666666666664 0.6345000000000001 0.8330000000000001 0.45466666666666666 0.4281666666666665 0.5356666666666667 0.5788333333333334 
0.214 0.3209999999999999 0.48316666666666663 0.8306666666666667 0.5681666666666666 0.807 0.4711666666666667 1.0 0.561666666666667 0.6995 0.6351666666666667 0.6715000000000001 0.6496666666666665 0.7289999999999999 0.5966666666666667 0.38300000000000006 0.11416666666666668 0.276 0.06716666666666667 0.06466666666666665 0.43333333333333335 0.15900000000000003 0.4851666666666666 0.5880000000000001 0.49916666666666665 0.6366666666666667 0.4901666666666666 0.5189999999999999 0.13933333333333336 0.1106666666666667 0.0525 0.058166666666666665 0.03699999999999999 0.08433333333333333 0.5223333333333332 0.5346666666666667 0.6325 0.47983333333333356 0.5654999999999998 0.7078333333333334 0.05150000000000001 0.564 0.10783333333333335 0.11600000000000002 0.10166666666666666 0.11800000000000005 0.17550000000000004 0.16200000000000003 0.10900000000000003 0.10233333333333333 0.6851666666666668 0.17616666666666664 0.2136666666666667 0.37450000000000006 0.6078333333333333 0.6576666666666666 0.07766666666666666 0.08916666666666667 0.1136666666666667 0.1671666666666666 0.18050000000000005 0.42316666666666686 0.10516666666666664 0.10233333333333335 0.6335000000000001 0.7271666666666663 0.5011666666666666 0.39899999999999997 0.04999999999999998 0.14816666666666667 0.08216666666666667 0.22450000000000006 0.12100000000000001 0.2473333333333332 0.25800000000000006 0.20783333333333334 0.7359999999999998 0.6123333333333334 0.15899999999999997 0.06216666666666666 0.09350000000000001 0.054833333333333324 0.1741666666666667 0.07399999999999998 0.6663333333333334 0.5720000000000001 0.8026666666666668 0.4998333333333331 0.7601666666666667 0.7743333333333335 
0.184 0.032499999999999994 0.8346666666666667 0.561 0.9345 0.6086666666666667 0.8745 0.561666666666667 1.0 0.6924999999999999 0.747 0.5981666666666666 0.7314999999999999 0.6718333333333333 0.8986666666666666 0.4633333333333332 0.013166666666666667 0.3848333333333332 0.34016666666666673 0.04316666666666667 0.525 0.4846666666666667 0.8385000000000001 0.8571666666666666 0.7978333333333333 0.6825 0.8070000000000003 0.7735 0.020333333333333335 0.08283333333333333 0.3893333333333333 0.3346666666666666 0.39083333333333337 0.21749999999999997 0.7949999999999997 0.7559999999999998 0.6173333333333333 0.29283333333333333 0.5391666666666667 0.4421666666666667 0.0245 0.29150000000000004 0.001 0.00016666666666666666 0.010000000000000002 0.002 0.0011666666666666668 0.0008333333333333333 0.004666666666666666 0.0016666666666666668 0.7265 0.0025 0.033499999999999995 0.3534999999999999 0.27033333333333337 0.3066666666666667 0.009000000000000001 0.002833333333333333 0.06950000000000002 0.006999999999999999 0.14049999999999996 0.20666666666666675 0.06916666666666665 0.054333333333333345 0.8658333333333336 0.7186666666666668 0.7253333333333335 0.26849999999999996 0.05816666666666666 0.05166666666666666 0.269 0.5301666666666667 0.022000000000000006 0.196 0.27649999999999997 0.2899999999999999 0.35350000000000004 0.29266666666666674 0.027666666666666666 0.07183333333333332 0.04150000000000001 0.09549999999999999 0.26833333333333337 0.11266666666666662 0.7249999999999999 0.7604999999999998 0.5448333333333335 0.5191666666666667 0.6221666666666666 0.674 
0.3171666666666666 0.15749999999999992 0.6309999999999999 0.7005000000000001 0.7228333333333333 0.8078333333333336 0.5900000000000003 0.6995 0.6924999999999999 1.0 0.724333333333333 0.7458333333333332 0.7178333333333333 0.9456666666666669 0.7261666666666666 0.36033333333333334 0.06366666666666668 0.4574999999999999 0.15949999999999998 0.08983333333333335 0.3918333333333334 0.25316666666666665 0.6378333333333335 0.7225 0.6461666666666668 0.6745000000000002 0.6510000000000001 0.6418333333333334 0.05233333333333334 0.06133333333333334 0.11133333333333333 0.09533333333333335 0.1025 0.028666666666666667 0.6636666666666664 0.6561666666666668 0.8256666666666668 0.4188333333333334 0.7276666666666667 0.6146666666666666 0.09216666666666665 0.4288333333333334 0.006999999999999999 0.006666666666666667 0.005666666666666666 0.006166666666666667 0.012500000000000002 0.008833333333333334 0.009333333333333334 0.007333333333333333 0.8451666666666666 0.019500000000000003 0.15150000000000002 0.43650000000000005 0.43149999999999994 0.46716666666666656 0.08933333333333332 0.09166666666666666 0.017333333333333333 0.011833333333333333 0.1323333333333333 0.3601666666666666 0.044000000000000004 0.09700000000000002 0.7943333333333333 0.9279999999999999 0.5875000000000002 0.18450000000000003 0.09583333333333334 0.14200000000000007 0.155 0.32166666666666666 0.08133333333333334 0.159 0.16083333333333333 0.18416666666666667 0.5055000000000001 0.37949999999999995 0.10049999999999999 0.04916666666666665 0.0525 0.05383333333333333 0.1996666666666667 0.025000000000000005 0.7699999999999997 0.6188333333333333 0.7184999999999999 0.5203333333333333 0.7265000000000001 0.8566666666666666 
0.272 0.04299999999999999 0.5893333333333333 0.5891666666666668 0.6910000000000001 0.6461666666666664 0.6619999999999999 0.6351666666666667 0.747 0.724333333333333 1.0 0.7348333333333332 0.9480000000000003 0.7264999999999999 0.8131666666666668 0.5518333333333332 0.06366666666666668 0.4070000000000001 0.2858333333333334 0.09483333333333333 0.4448333333333334 0.4105 0.5921666666666667 0.6168333333333333 0.5509999999999999 0.5476666666666667 0.56 0.5316666666666667 0.08816666666666668 0.17816666666666672 0.27233333333333337 0.27516666666666667 0.23050000000000004 0.2166666666666667 0.5515000000000001 0.5348333333333335 0.6805000000000001 0.2888333333333334 0.6141666666666667 0.4985 0.06283333333333334 0.38533333333333325 0.03066666666666667 0.029833333333333333 0.0405 0.029500000000000002 0.030999999999999996 0.02816666666666667 0.03233333333333333 0.032999999999999995 0.7068333333333334 0.0285 0.028166666666666673 0.33799999999999997 0.33833333333333326 0.37266666666666665 0.04083333333333333 0.029000000000000005 0.1986666666666667 0.07266666666666667 0.365 0.36300000000000004 0.195 0.13433333333333336 0.7268333333333331 0.7133333333333332 0.49200000000000005 0.17833333333333332 0.09933333333333336 0.0815 0.33283333333333337 0.44133333333333336 0.07783333333333334 0.27083333333333337 0.28650000000000003 0.3771666666666667 0.46366666666666667 0.4494999999999999 0.06199999999999999 0.13933333333333334 0.09666666666666662 0.1703333333333333 0.4261666666666667 0.22566666666666663 0.6491666666666664 0.5363333333333333 0.6185 0.3796666666666667 0.6956666666666667 0.6728333333333332 
0.4569999999999999 0.177 0.4799999999999999 0.602 0.5711666666666665 0.6508333333333334 0.52 0.6715000000000001 0.5981666666666666 0.7458333333333332 0.7348333333333332 1.0 0.7363333333333333 0.7519999999999999 0.6678333333333333 0.49699999999999994 0.18 0.45083333333333336 0.20733333333333326 0.2636666666666667 0.32966666666666666 0.2633333333333333 0.4808333333333333 0.5171666666666664 0.4496666666666668 0.5028333333333334 0.4598333333333334 0.4395 0.18716666666666665 0.25416666666666654 0.1585 0.1838333333333332 0.16433333333333336 0.22833333333333336 0.4551666666666668 0.4515 0.7171666666666668 0.31316666666666665 0.6658333333333333 0.5063333333333335 0.2198333333333333 0.4476666666666666 0.0695 0.06883333333333334 0.08049999999999999 0.07066666666666667 0.06749999999999999 0.06683333333333333 0.06933333333333333 0.07633333333333334 0.6308333333333332 0.057833333333333334 0.10516666666666669 0.3178333333333333 0.40233333333333327 0.4218333333333332 0.20600000000000004 0.20150000000000007 0.21200000000000008 0.11449999999999999 0.33916666666666656 0.4998333333333333 0.2481666666666667 0.30983333333333335 0.6289999999999999 0.706 0.4036666666666667 0.16883333333333334 0.2563333333333333 0.22333333333333336 0.2043333333333333 0.2901666666666666 0.22899999999999993 0.3233333333333333 0.28350000000000003 0.34650000000000003 0.49800000000000016 0.3883333333333334 0.20299999999999996 0.2065 0.18633333333333335 0.2339999999999999 0.32300000000000006 0.22749999999999995 0.6036666666666669 0.4468333333333333 0.6089999999999998 0.36399999999999993 0.6046666666666668 0.6600000000000001 
0.2728333333333333 0.04699999999999999 0.5781666666666667 0.6003333333333333 0.6788333333333333 0.6475 0.6463333333333334 0.6496666666666665 0.7314999999999999 0.7178333333333333 0.9480000000000003 0.7363333333333333 1.0 0.7221666666666667 0.7993333333333331 0.5571666666666669 0.07666666666666666 0.4028333333333333 0.2650000000000001 0.11133333333333333 0.43916666666666676 0.38833333333333336 0.5805 0.6118333333333333 0.5423333333333332 0.5493333333333336 0.5501666666666666 0.5265 0.1085 0.19516666666666665 0.2538333333333333 0.25816666666666666 0.21066666666666664 0.21400000000000002 0.5454999999999999 0.5293333333333333 0.6836666666666666 0.29216666666666674 0.6265 0.5046666666666666 0.0755 0.3981666666666666 0.033666666666666664 0.03233333333333334 0.042666666666666665 0.0325 0.033 0.029500000000000012 0.03516666666666666 0.036 0.6945 0.02616666666666667 0.030499999999999992 0.3371666666666666 0.3431666666666667 0.3785 0.056999999999999995 0.045500000000000006 0.2176666666666667 0.08233333333333336 0.3813333333333332 0.38233333333333325 0.21716666666666667 0.15183333333333335 0.7173333333333334 0.7106666666666667 0.48833333333333323 0.18049999999999997 0.11466666666666667 0.09733333333333334 0.31166666666666665 0.4253333333333334 0.09833333333333334 0.2925 0.2956666666666667 0.3748333333333333 0.4749999999999999 0.4471666666666667 0.07583333333333334 0.14833333333333334 0.10950000000000001 0.1745 0.42300000000000004 0.23349999999999999 0.6469999999999999 0.5345 0.621 0.3778333333333332 0.6970000000000001 0.6739999999999999 
0.309 0.18583333333333332 0.6091666666666667 0.7299999999999999 0.6991666666666667 0.8238333333333331 0.5681666666666667 0.7289999999999999 0.6718333333333333 0.9456666666666669 0.7264999999999999 0.7519999999999999 0.7221666666666667 1.0 0.706 0.35800000000000004 0.061166666666666654 0.4466666666666667 0.1418333333333334 0.08416666666666668 0.40583333333333343 0.24616666666666664 0.6148333333333335 0.7236666666666669 0.6350000000000001 0.6821666666666667 0.6276666666666665 0.6435 0.057 0.06366666666666665 0.10016666666666668 0.08950000000000002 0.08316666666666668 0.027833333333333335 0.6601666666666667 0.6560000000000002 0.8223333333333332 0.4403333333333333 0.7198333333333333 0.6386666666666667 0.08383333333333333 0.44099999999999995 0.004166666666666667 0.004833333333333333 0.0024999999999999996 0.004833333333333333 0.024666666666666663 0.018666666666666668 0.007333333333333335 0.003833333333333333 0.8494999999999997 0.037166666666666674 0.1741666666666667 0.45533333333333337 0.45783333333333326 0.49000000000000005 0.08216666666666668 0.0845 0.024833333333333332 0.018166666666666668 0.13916666666666666 0.3708333333333335 0.05083333333333332 0.10000000000000002 0.7709999999999998 0.9248333333333334 0.5903333333333334 0.2001666666666668 0.08383333333333334 0.13733333333333334 0.149 0.3173333333333333 0.08033333333333337 0.1631666666666667 0.1593333333333333 0.18316666666666667 0.5368333333333334 0.4078333333333333 0.096 0.044 0.04650000000000001 0.047333333333333345 0.2028333333333333 0.025833333333333333 0.776833333333333 0.6253333333333333 0.7453333333333332 0.5243333333333332 0.7438333333333333 0.8661666666666668 
0.237 0.03166666666666667 0.768 0.5793333333333331 0.8693333333333335 0.6521666666666667 0.8288333333333333 0.5966666666666667 0.8986666666666666 0.7261666666666666 0.8131666666666668 0.6678333333333333 0.7993333333333331 0.706 1.0 0.5083333333333333 0.009833333333333335 0.38666666666666666 0.34950000000000014 0.05866666666666665 0.47 0.44733333333333325 0.7708333333333335 0.7934999999999998 0.7288333333333332 0.6460000000000001 0.7378333333333333 0.7058333333333331 0.016833333333333336 0.09366666666666663 0.34299999999999997 0.2866666666666667 0.3448333333333333 0.1733333333333333 0.7275 0.6923333333333334 0.6626666666666666 0.29516666666666674 0.5931666666666665 0.4941666666666668 0.03266666666666668 0.3484999999999998 0.003333333333333333 0.002 0.013333333333333334 0.0025 0.0023333333333333335 0.002 0.0065000000000000014 0.005333333333333333 0.7639999999999999 0.0045000000000000005 0.026166666666666675 0.3408333333333332 0.3233333333333333 0.35999999999999993 0.01516666666666667 0.007166666666666667 0.08266666666666668 0.0085 0.20549999999999993 0.2681666666666667 0.0845 0.07899999999999999 0.8846666666666667 0.7489999999999999 0.6623333333333333 0.21316666666666662 0.07600000000000001 0.053 0.2753333333333333 0.45666666666666655 0.02733333333333333 0.18716666666666668 0.23083333333333336 0.2981666666666666 0.40833333333333327 0.3383333333333334 0.027999999999999997 0.0785 0.04283333333333332 0.1085 0.30433333333333323 0.12383333333333331 0.7656666666666666 0.6976666666666665 0.5971666666666665 0.5011666666666666 0.6773333333333333 0.7094999999999998 
0.36400000000000005 0.2021666666666667 0.3048333333333333 0.29666666666666663 0.4076666666666668 0.33 0.37750000000000006 0.38300000000000006 0.4633333333333332 0.36033333333333334 0.5518333333333332 0.49699999999999994 0.5571666666666669 0.35800000000000004 0.5083333333333333 1.0 0.42383333333333334 0.10166666666666664 0.402 0.45683333333333337 0.13799999999999998 0.31683333333333336 0.3078333333333333 0.3356666666666665 0.2676666666666667 0.23166666666666663 0.2763333333333333 0.2526666666666667 0.44549999999999995 0.5438333333333332 0.49749999999999983 0.5461666666666666 0.4816666666666666 0.6115000000000002 0.26716666666666666 0.2446666666666667 0.3456666666666666 0.5176666666666668 0.2781666666666666 0.40333333333333343 0.4231666666666667 0.6523333333333333 0.32549999999999996 0.32049999999999995 0.33816666666666656 0.32083333333333336 0.3156666666666667 0.31666666666666665 0.32250000000000006 0.33166666666666655 0.3368333333333332 0.3033333333333333 0.29100000000000015 0.03300000000000001 0.3534999999999999 0.5106666666666666 0.3981666666666666 0.38533333333333336 0.4955000000000001 0.35716666666666663 0.6281666666666667 0.6491666666666666 0.5348333333333336 0.4851666666666668 0.4113333333333333 0.35283333333333333 0.2173333333333333 0.42583333333333345 0.46016666666666667 0.3541666666666668 0.5646666666666667 0.633 0.4420000000000001 0.6405000000000001 0.6859999999999999 0.7631666666666668 0.49849999999999994 0.544 0.27916666666666673 0.506 0.46066666666666684 0.5365000000000001 0.6404999999999998 0.5893333333333333 0.32083333333333336 0.26883333333333337 0.34199999999999997 0.5 0.3338333333333333 0.33716666666666667 
0.5573333333333335 0.5866666666666667 0.0006666666666666666 0.05316666666666665 0.002833333333333333 0.005666666666666668 0.008666666666666668 0.11416666666666668 0.013166666666666667 0.06366666666666668 0.06366666666666668 0.18 0.07666666666666666 0.061166666666666654 0.009833333333333335 0.42383333333333334 1.0 0.5319999999999999 0.54 0.834 0.17249999999999996 0.3304999999999999 0.001 0.0006666666666666666 0.0011666666666666665 0.007166666666666667 0.0006666666666666666 0.0025 0.9255000000000004 0.8399999999999997 0.41700000000000004 0.4806666666666667 0.4515 0.6128333333333332 0.0006666666666666666 0.0011666666666666668 0.1635 0.3560000000000001 0.25916666666666666 0.09650000000000002 0.8321666666666665 0.3895000000000001 0.6971666666666667 0.6863333333333334 0.6844999999999998 0.6771666666666666 0.6616666666666666 0.6603333333333334 0.6913333333333334 0.7320000000000002 0.004333333333333333 0.6210000000000001 0.6226666666666666 0.3971666666666666 0.24966666666666668 0.24733333333333346 0.8873333333333333 0.8983333333333333 0.7444999999999999 0.7454999999999999 0.569 0.5424999999999999 0.7818333333333333 0.7775000000000003 0.00016666666666666666 0.031000000000000007 0.010333333333333332 0.31799999999999995 0.8234999999999998 0.7646666666666668 0.6576666666666666 0.32833333333333337 0.8456666666666663 0.6561666666666665 0.5861666666666666 0.5726666666666667 0.22300000000000003 0.29 0.8400000000000002 0.8863333333333333 0.934666666666667 0.8538333333333332 0.5736666666666668 0.7443333333333332 0.03283333333333334 0.005666666666666666 0.035166666666666686 0.15216666666666664 0.0455 0.004666666666666666 
0.5588333333333334 0.37866666666666665 0.3771666666666666 0.3178333333333333 0.37833333333333335 0.3058333333333334 0.3861666666666666 0.276 0.3848333333333332 0.4574999999999999 0.4070000000000001 0.45083333333333336 0.4028333333333333 0.4466666666666667 0.38666666666666666 0.10166666666666664 0.5319999999999999 1.0 0.5004999999999997 0.5541666666666667 0.465 0.462 0.3761666666666666 0.35983333333333334 0.36433333333333323 0.34266666666666673 0.3691666666666667 0.35633333333333334 0.48833333333333345 0.45283333333333325 0.2746666666666666 0.2963333333333333 0.2945000000000001 0.28333333333333327 0.36150000000000004 0.35600000000000004 0.5598333333333335 0.14200000000000002 0.625 0.15433333333333335 0.5686666666666667 0.022166666666666664 0.2858333333333334 0.2778333333333334 0.2755000000000001 0.2698333333333334 0.25966666666666666 0.25666666666666665 0.284 0.3245000000000001 0.3655 0.2423333333333334 0.3640000000000001 0.7371666666666666 0.15416666666666667 0.033 0.5805000000000001 0.5751666666666666 0.3851666666666667 0.3436666666666667 0.23900000000000002 0.14933333333333332 0.4043333333333333 0.4545 0.37750000000000006 0.4076666666666667 0.3528333333333334 0.019166666666666672 0.5568333333333334 0.5036666666666666 0.47966666666666674 0.21299999999999997 0.4691666666666666 0.25483333333333336 0.1703333333333334 0.2526666666666667 0.08066666666666666 0.04033333333333334 0.5723333333333335 0.5338333333333335 0.5255000000000001 0.5238333333333334 0.37300000000000005 0.3953333333333333 0.38616666666666666 0.3420000000000001 0.2595 0.07783333333333332 0.3308333333333332 0.34149999999999997 
0.5051666666666668 0.3573333333333334 0.2854999999999999 0.09516666666666668 0.2954999999999999 0.08700000000000001 0.34900000000000014 0.06716666666666667 0.34016666666666673 0.15949999999999998 0.2858333333333334 0.20733333333333326 0.2650000000000001 0.1418333333333334 0.34950000000000014 0.402 0.54 0.5004999999999997 1.0 0.6200000000000001 0.3248333333333334 0.5393333333333334 0.2846666666666666 0.23733333333333334 0.2523333333333333 0.17300000000000001 0.25999999999999995 0.23166666666666672 0.5466666666666666 0.5979999999999999 0.6655000000000001 0.6555 0.7674999999999998 0.6423333333333332 0.23799999999999993 0.21916666666666668 0.16500000000000006 0.29016666666666674 0.23566666666666666 0.09016666666666666 0.6143333333333333 0.2165 0.39666666666666667 0.38783333333333325 0.4068333333333333 0.39183333333333326 0.3924999999999999 0.3846666666666667 0.4006666666666667 0.43716666666666654 0.1836666666666666 0.37683333333333335 0.48333333333333345 0.40199999999999997 0.1368333333333333 0.12400000000000003 0.5666666666666668 0.5531666666666666 0.6276666666666667 0.5038333333333334 0.5683333333333332 0.3030000000000001 0.619 0.6263333333333333 0.2688333333333333 0.1693333333333333 0.23433333333333334 0.19816666666666666 0.6273333333333335 0.41450000000000004 0.7218333333333335 0.47100000000000003 0.5670000000000001 0.47849999999999987 0.4385000000000002 0.5641666666666666 0.09066666666666665 0.12716666666666665 0.4204999999999999 0.6285 0.5871666666666666 0.6631666666666665 0.6398333333333333 0.6693333333333332 0.21799999999999997 0.21133333333333332 0.07 0.18766666666666662 0.10949999999999999 0.13049999999999998 
0.6953333333333336 0.5368333333333333 0.026166666666666668 0.037333333333333336 0.02583333333333333 0.006166666666666666 0.05166666666666665 0.06466666666666665 0.04316666666666667 0.08983333333333335 0.09483333333333333 0.2636666666666667 0.11133333333333333 0.08416666666666668 0.05866666666666665 0.45683333333333337 0.834 0.5541666666666667 0.6200000000000001 1.0 0.12916666666666668 0.3381666666666668 0.022500000000000006 0.00016666666666666666 0.006 0.0018333333333333335 0.011000000000000001 0.0016666666666666668 0.8085 0.8223333333333334 0.4606666666666668 0.5221666666666667 0.5308333333333334 0.6798333333333331 0.0003333333333333333 0.0006666666666666666 0.18333333333333332 0.3473333333333333 0.2578333333333333 0.07999999999999999 0.8986666666666666 0.3635 0.5838333333333333 0.5746666666666667 0.5831666666666667 0.5756666666666667 0.5690000000000001 0.5636666666666668 0.5821666666666667 0.6253333333333334 0.003666666666666667 0.5344999999999998 0.5961666666666667 0.3781666666666667 0.2138333333333334 0.21616666666666667 0.9179999999999998 0.9049999999999998 0.8023333333333332 0.6966666666666665 0.6433333333333334 0.5231666666666667 0.8285000000000002 0.8696666666666667 0.022166666666666668 0.04583333333333335 0.007833333333333333 0.2758333333333334 0.9373333333333338 0.7546666666666667 0.6534999999999997 0.3178333333333333 0.8403333333333332 0.6495000000000002 0.5461666666666667 0.6308333333333332 0.17983333333333332 0.23433333333333334 0.7319999999999999 0.8418333333333333 0.8380000000000001 0.8606666666666669 0.6026666666666667 0.7955 0.02766666666666667 0.0015 0.016666666666666666 0.155 0.006833333333333334 0.009166666666666667 
0.2425000000000002 0.222 0.6100000000000001 0.45500000000000007 0.5273333333333334 0.40016666666666667 0.6056666666666668 0.43333333333333335 0.525 0.3918333333333334 0.4448333333333334 0.32966666666666666 0.43916666666666676 0.40583333333333343 0.47 0.13799999999999998 0.17249999999999996 0.465 0.3248333333333334 0.12916666666666668 1.0 0.5626666666666669 0.6116666666666667 0.5771666666666666 0.6315 0.6081666666666667 0.6223333333333335 0.638 0.19449999999999992 0.16933333333333336 0.4731666666666665 0.4459999999999999 0.386 0.30150000000000005 0.6296666666666666 0.6265 0.3733333333333334 0.1456666666666667 0.451 0.30016666666666664 0.14300000000000002 0.1506666666666667 0.19416666666666668 0.20250000000000007 0.24850000000000008 0.2676666666666668 0.2413333333333334 0.23933333333333337 0.25416666666666665 0.21416666666666673 0.44066666666666665 0.2523333333333334 0.19333333333333333 0.49883333333333324 0.2851666666666667 0.18816666666666662 0.14166666666666664 0.147 0.2003333333333333 0.25249999999999995 0.22400000000000003 0.13983333333333334 0.19299999999999998 0.16466666666666668 0.4696666666666666 0.41999999999999993 0.6689999999999998 0.39683333333333337 0.1206666666666667 0.12749999999999997 0.21533333333333327 0.3658333333333333 0.19833333333333328 0.14516666666666667 0.21700000000000003 0.10716666666666665 0.2493333333333333 0.236 0.19183333333333333 0.13849999999999998 0.15833333333333333 0.13383333333333336 0.24849999999999997 0.18966666666666668 0.5089999999999999 0.6525000000000002 0.41 0.21716666666666667 0.5166666666666666 0.4123333333333333 
0.31616666666666665 0.27 0.4888333333333334 0.20683333333333334 0.4413333333333334 0.18533333333333335 0.546 0.15900000000000003 0.4846666666666667 0.25316666666666665 0.4105 0.2633333333333333 0.38833333333333336 0.24616666666666664 0.44733333333333325 0.31683333333333336 0.3304999999999999 0.462 0.5393333333333334 0.3381666666666668 0.5626666666666669 1.0 0.48849999999999993 0.4006666666666667 0.4585 0.3715 0.4658333333333334 0.43616666666666665 0.3493333333333333 0.37866666666666676 0.7043333333333337 0.6628333333333333 0.6018333333333331 0.47483333333333344 0.43966666666666654 0.423 0.23983333333333345 0.152 0.3096666666666667 0.17099999999999999 0.29800000000000004 0.1293333333333333 0.3683333333333333 0.36833333333333335 0.42566666666666664 0.4133333333333335 0.36133333333333334 0.3656666666666667 0.41566666666666663 0.38199999999999995 0.2901666666666667 0.3775 0.3078333333333334 0.4088333333333333 0.18633333333333332 0.10216666666666667 0.2975000000000001 0.2934999999999999 0.39666666666666667 0.3476666666666667 0.37866666666666654 0.14150000000000001 0.37166666666666665 0.3181666666666666 0.374 0.26233333333333336 0.4428333333333333 0.28966666666666663 0.36033333333333345 0.23716666666666664 0.5359999999999999 0.5508333333333334 0.2603333333333333 0.2368333333333333 0.2906666666666667 0.30733333333333335 0.12016666666666667 0.13983333333333334 0.2953333333333333 0.4036666666666666 0.3626666666666666 0.4309999999999999 0.5035 0.42199999999999993 0.33799999999999997 0.41633333333333333 0.17783333333333334 0.20449999999999996 0.23866666666666664 0.22399999999999995 
0.16 0.05816666666666666 0.9725000000000006 0.5348333333333332 0.8889999999999999 0.5601666666666668 0.9188333333333334 0.4851666666666666 0.8385000000000001 0.6378333333333335 0.5921666666666667 0.4808333333333333 0.5805 0.6148333333333335 0.7708333333333335 0.3078333333333333 0.001 0.3761666666666666 0.2846666666666666 0.022500000000000006 0.6116666666666667 0.48849999999999993 1.0 0.8778333333333336 0.948 0.8009999999999998 0.9576666666666668 0.9198333333333332 0.003 0.033166666666666664 0.42099999999999993 0.3571666666666667 0.3549999999999999 0.1706666666666667 0.9349999999999998 0.9046666666666665 0.5339999999999999 0.268 0.4491666666666667 0.3793333333333333 0.010333333333333335 0.20600000000000002 0.0115 0.015166666666666667 0.04566666666666666 0.048666666666666664 0.014333333333333335 0.021500000000000005 0.043999999999999984 0.009000000000000001 0.6940000000000002 0.04283333333333332 0.07333333333333333 0.3926666666666667 0.19933333333333336 0.23550000000000001 0.0018333333333333335 0.0003333333333333333 0.02666666666666667 0.0045 0.0535 0.1366666666666667 0.022 0.02166666666666667 0.8306666666666664 0.6775 0.8734999999999995 0.3810000000000002 0.037000000000000005 0.055166666666666656 0.20716666666666664 0.5531666666666665 0.014833333333333332 0.1546666666666667 0.2403333333333334 0.22566666666666665 0.2710000000000001 0.21199999999999997 0.02583333333333333 0.021666666666666664 0.003666666666666667 0.041333333333333326 0.13533333333333333 0.05166666666666666 0.6860000000000003 0.8821666666666665 0.47833333333333344 0.48866666666666675 0.5461666666666666 0.6371666666666667 
0.1295 0.09616666666666669 0.8716666666666667 0.6375 0.9081666666666663 0.6745000000000002 0.8161666666666665 0.5880000000000001 0.8571666666666666 0.7225 0.6168333333333333 0.5171666666666664 0.6118333333333333 0.7236666666666669 0.7934999999999998 0.3356666666666665 0.0006666666666666666 0.35983333333333334 0.23733333333333334 0.00016666666666666666 0.5771666666666666 0.4006666666666667 0.8778333333333336 1.0 0.8993333333333332 0.8006666666666666 0.8911666666666668 0.9028333333333332 0.0031666666666666666 0.01866666666666667 0.3081666666666667 0.25183333333333335 0.2911666666666667 0.11683333333333332 0.9186666666666666 0.8863333333333334 0.6136666666666667 0.36249999999999993 0.5183333333333333 0.4928333333333334 0.0013333333333333333 0.28833333333333333 0.006 0.006166666666666668 0.0105 0.013166666666666667 0.02766666666666667 0.024666666666666674 0.013666666666666667 0.0055 0.8055000000000002 0.0515 0.11850000000000001 0.43716666666666676 0.30499999999999994 0.3410000000000001 0.0 0.0003333333333333333 0.0023333333333333335 0.008 0.036833333333333336 0.179 0.0021666666666666666 0.0018333333333333335 0.8668333333333332 0.7801666666666668 0.8521666666666665 0.3496666666666667 0.005833333333333333 0.054833333333333324 0.16316666666666663 0.4685 0.012499999999999997 0.14616666666666675 0.2223333333333333 0.1855 0.37583333333333324 0.30933333333333324 0.0275 0.0008333333333333334 0.0005 0.002 0.14400000000000002 0.013000000000000003 0.8015000000000001 0.8808333333333335 0.5911666666666666 0.6 0.6506666666666667 0.7530000000000004 
