1.0 0.7446666666666666 0.02683333333333333 0.06433333333333331 0.025166666666666657 0.026500000000000003 0.02733333333333333 0.09083333333333334 0.05983333333333335 0.2303333333333334 0.18683333333333332 0.681 0.20883333333333332 0.6486666666666667 0.25183333333333324 0.4091666666666666 0.8324999999999999 0.7808333333333336 0.699166666666667 0.8281666666666667 0.3470000000000002 0.0635 0.031166666666666665 0.0335 0.0005 0.00866666666666667 0.05549999999999998 0.10549999999999998 0.25516666666666665 0.4758333333333332 0.111 0.05750000000000001 0.2975000000000001 0.6403333333333333 0.0005 0.015666666666666666 0.20533333333333334 0.20650000000000002 0.12966666666666662 0.2251666666666666 0.196 0.18366666666666667 0.2876666666666667 0.25 0.00866666666666667 0.2910000000000001 0.616 0.4755000000000001 0.3078333333333333 0.7175 0.5668333333333334 0.5716666666666668 0.7429999999999999 0.7245 0.7186666666666668 0.7025 0.7948333333333334 0.7456666666666665 0.5958333333333335 0.7136666666666664 0.2853333333333333 0.3766666666666666 0.5343333333333332 0.6546666666666668 0.029833333333333326 0.02866666666666666 0.1583333333333333 0.15466666666666662 0.909 0.6704999999999999 0.08283333333333336 0.05799999999999999 0.14483333333333334 0.2108333333333334 0.14716666666666664 0.14250000000000002 0.155 0.019333333333333334 0.6309999999999998 0.6446666666666667 0.8066666666666668 0.7738333333333333 0.6558333333333333 0.7001666666666668 0.6098333333333331 0.7379999999999999 0.5485000000000001 0.8029999999999998 0.4100000000000002 0.6441666666666667 
0.7446666666666666 1.0 0.004999999999999999 0.22816666666666666 0.01616666666666667 0.04116666666666667 0.010333333333333335 0.20550000000000004 0.042333333333333334 0.2256666666666667 0.12333333333333328 0.6656666666666666 0.147 0.6088333333333332 0.1483333333333333 0.39599999999999996 0.6309999999999999 0.7731666666666663 0.5056666666666666 0.6296666666666668 0.2691666666666666 0.013499999999999998 0.002833333333333333 0.006833333333333334 0.008333333333333333 0.007333333333333334 0.13633333333333333 0.0245 0.0385 0.26383333333333336 0.008833333333333334 0.008000000000000002 0.16349999999999995 0.5468333333333333 0.004833333333333333 0.020666666666666663 0.056500000000000015 0.04166666666666666 0.047499999999999994 0.07500000000000001 0.007333333333333335 0.023499999999999997 0.3263333333333333 0.3593333333333334 0.005833333333333334 0.29950000000000004 0.7644999999999998 0.6066666666666669 0.4906666666666667 0.9556666666666671 0.7598333333333334 0.7601666666666667 0.9745000000000005 0.9385000000000001 0.9338333333333338 0.8779999999999998 0.938 0.9855000000000003 0.7848333333333332 0.9411666666666669 0.2260000000000001 0.3643333333333333 0.5054999999999997 0.6046666666666668 0.012166666666666668 0.012333333333333339 0.16349999999999998 0.16083333333333333 0.7854999999999999 0.6563333333333331 0.004 0.004166666666666667 0.006166666666666666 0.06933333333333334 0.006833333333333334 0.006499999999999999 0.005166666666666666 0.05033333333333334 0.4435 0.49566666666666664 0.5976666666666667 0.6519999999999999 0.5279999999999999 0.5631666666666666 0.603 0.786 0.44366666666666676 0.8066666666666669 0.40083333333333326 0.6993333333333335 
0.02683333333333333 0.004999999999999999 1.0 0.6493333333333333 0.8688333333333333 0.8638333333333335 0.9290000000000004 0.6335000000000001 0.8273333333333336 0.6565000000000002 0.5575 0.10883333333333337 0.5358333333333332 0.1395 0.4925 0.27349999999999997 0.00016666666666666666 0.004833333333333333 0.14266666666666666 0.007333333333333334 0.1655 0.5398333333333333 0.8821666666666667 0.8673333333333335 0.6696666666666666 0.6528333333333333 0.5448333333333335 0.7116666666666669 0.36716666666666664 0.21683333333333332 0.564 0.5878333333333335 0.30866666666666664 0.07166666666666668 0.6226666666666666 0.5939999999999998 0.4373333333333334 0.42633333333333334 0.44133333333333313 0.3838333333333333 0.5908333333333333 0.44383333333333325 0.45300000000000007 0.3833333333333334 0.6601666666666668 0.37 0.09049999999999998 0.17383333333333342 0.3760000000000001 0.015333333333333336 0.146 0.1456666666666667 0.012833333333333337 0.04833333333333333 0.03666666666666667 0.05299999999999999 0.006999999999999999 0.0055000000000000005 0.10400000000000001 0.03933333333333334 0.5243333333333333 0.3791666666666666 0.16833333333333336 0.02666666666666667 0.8368333333333332 0.8370000000000001 0.46066666666666684 0.4483333333333332 0.0026666666666666666 0.07916666666666666 0.6001666666666666 0.6190000000000001 0.5733333333333334 0.4386666666666668 0.5618333333333334 0.5724999999999999 0.5913333333333334 0.6153333333333333 0.12466666666666663 0.09116666666666667 0.007000000000000001 0.007333333333333335 0.18333333333333332 0.05116666666666667 0.33233333333333337 0.16350000000000006 0.2838333333333333 0.030500000000000003 0.45099999999999996 0.22816666666666666 
0.06433333333333331 0.22816666666666666 0.6493333333333333 1.0 0.6653333333333334 0.6765000000000002 0.6748333333333335 0.8286666666666668 0.6691666666666666 0.5246666666666667 0.46116666666666667 0.06449999999999999 0.4594999999999999 0.047000000000000014 0.23116666666666666 0.11149999999999997 0.0115 0.09566666666666666 0.060500000000000005 0.022666666666666665 0.10799999999999996 0.39549999999999996 0.5609999999999998 0.5599999999999999 0.5925000000000002 0.48499999999999993 0.5014999999999998 0.4613333333333333 0.2576666666666666 0.1378333333333333 0.43449999999999983 0.4351666666666667 0.18549999999999997 0.08783333333333332 0.6518333333333334 0.6441666666666667 0.3153333333333333 0.30700000000000005 0.39899999999999997 0.26983333333333337 0.42333333333333323 0.321 0.546 0.5393333333333332 0.49233333333333335 0.316 0.36316666666666664 0.3410000000000001 0.6194999999999999 0.2501666666666667 0.4280000000000001 0.39150000000000007 0.23850000000000005 0.2770000000000001 0.26433333333333336 0.24166666666666664 0.21466666666666667 0.23016666666666666 0.35166666666666674 0.2656666666666667 0.4628333333333333 0.3998333333333332 0.09683333333333337 0.07750000000000001 0.7480000000000001 0.7576666666666668 0.5010000000000001 0.5201666666666667 0.07850000000000003 0.06849999999999999 0.4516666666666667 0.4606666666666668 0.5018333333333334 0.3533333333333333 0.4661666666666666 0.5713333333333331 0.5436666666666666 0.7286666666666669 0.10333333333333332 0.07083333333333332 0.015000000000000003 0.043999999999999984 0.049333333333333326 0.03483333333333333 0.18750000000000003 0.11299999999999998 0.17400000000000004 0.14916666666666664 0.3875 0.24966666666666673 
0.025166666666666657 0.01616666666666667 0.8688333333333333 0.6653333333333334 1.0 0.8438333333333331 0.8721666666666669 0.6533333333333334 0.8380000000000001 0.682666666666667 0.5760000000000001 0.109 0.5521666666666667 0.1428333333333333 0.44683333333333336 0.24433333333333324 0.0011666666666666665 0.009500000000000001 0.13449999999999998 0.0125 0.1918333333333333 0.5326666666666668 0.8176666666666665 0.8091666666666665 0.6978333333333336 0.6436666666666667 0.5910000000000001 0.6789999999999996 0.34283333333333327 0.20883333333333337 0.56 0.5563333333333332 0.27133333333333326 0.0836666666666667 0.6291666666666668 0.6123333333333333 0.41150000000000003 0.4108333333333334 0.4348333333333333 0.37433333333333335 0.5489999999999999 0.4116666666666668 0.49849999999999994 0.4428333333333334 0.6403333333333332 0.3393333333333334 0.12683333333333338 0.22599999999999998 0.4165 0.03583333333333333 0.19383333333333336 0.19633333333333333 0.026000000000000002 0.06266666666666668 0.053166666666666675 0.0755 0.013500000000000002 0.016833333333333332 0.1593333333333333 0.047666666666666656 0.5585 0.37833333333333335 0.1865 0.04166666666666666 0.8328333333333333 0.8338333333333331 0.4956666666666667 0.4828333333333334 0.005333333333333333 0.09450000000000003 0.553 0.5654999999999998 0.5121666666666665 0.3688333333333334 0.48766666666666664 0.5316666666666666 0.5513333333333332 0.6571666666666666 0.14550000000000002 0.12200000000000001 0.012666666666666666 0.0125 0.1751666666666666 0.07283333333333335 0.3176666666666667 0.15549999999999994 0.29633333333333334 0.04666666666666667 0.4774999999999999 0.24816666666666673 
0.026500000000000003 0.04116666666666667 0.8638333333333335 0.6765000000000002 0.8438333333333331 1.0 0.8946666666666665 0.6518333333333334 0.8241666666666666 0.6613333333333332 0.5523333333333333 0.1145 0.5336666666666666 0.1415 0.4848333333333334 0.3 0.0003333333333333333 0.027333333333333334 0.13816666666666666 0.009 0.17483333333333337 0.5318333333333333 0.8255000000000003 0.8183333333333335 0.6333333333333334 0.6299999999999999 0.5781666666666667 0.7318333333333332 0.36933333333333346 0.21850000000000003 0.5631666666666666 0.5694999999999999 0.301 0.06116666666666668 0.5883333333333334 0.5599999999999999 0.42716666666666664 0.42550000000000004 0.4398333333333333 0.38533333333333336 0.5758333333333333 0.4320000000000001 0.4741666666666666 0.40850000000000014 0.6235 0.3671666666666667 0.12316666666666669 0.20316666666666663 0.3931666666666666 0.04650000000000001 0.17700000000000002 0.17616666666666664 0.05050000000000001 0.08816666666666664 0.07633333333333332 0.09883333333333333 0.03983333333333333 0.041999999999999996 0.13616666666666669 0.07216666666666667 0.5186666666666667 0.38083333333333336 0.17049999999999998 0.04183333333333332 0.8198333333333335 0.8241666666666667 0.4269999999999999 0.41883333333333334 0.003333333333333333 0.06499999999999997 0.5690000000000002 0.5838333333333333 0.551 0.4303333333333331 0.5571666666666666 0.5486666666666666 0.5806666666666668 0.6436666666666665 0.11500000000000002 0.08349999999999996 0.004999999999999999 0.010166666666666666 0.17700000000000002 0.04633333333333331 0.3320000000000001 0.16666666666666669 0.2673333333333333 0.04083333333333334 0.44816666666666644 0.24883333333333332 
0.02733333333333333 0.010333333333333335 0.9290000000000004 0.6748333333333335 0.8721666666666669 0.8946666666666665 1.0 0.672 0.8766666666666667 0.6995000000000001 0.6055 0.13133333333333336 0.5856666666666664 0.16116666666666668 0.475 0.275 0.0003333333333333333 0.0105 0.13816666666666666 0.007333333333333334 0.15166666666666667 0.5081666666666669 0.83 0.8145 0.6278333333333334 0.6040000000000001 0.5403333333333334 0.7005000000000002 0.3446666666666667 0.1973333333333334 0.5396666666666666 0.5476666666666666 0.27833333333333343 0.056499999999999995 0.6118333333333332 0.5876666666666667 0.4115 0.40466666666666673 0.4258333333333335 0.36116666666666675 0.5658333333333332 0.41850000000000015 0.4713333333333334 0.3961666666666667 0.6091666666666665 0.343 0.10200000000000001 0.18366666666666664 0.3864999999999999 0.022333333333333334 0.16466666666666668 0.16966666666666666 0.019833333333333335 0.05583333333333334 0.04416666666666666 0.06649999999999998 0.011333333333333338 0.011166666666666668 0.12316666666666665 0.04783333333333331 0.5666666666666668 0.42016666666666663 0.19249999999999998 0.02650000000000001 0.8854999999999998 0.8811666666666669 0.45516666666666666 0.44433333333333336 0.003333333333333333 0.06233333333333331 0.56 0.5786666666666666 0.5655 0.41899999999999993 0.5463333333333333 0.5669999999999998 0.5908333333333334 0.6455 0.11316666666666668 0.07966666666666665 0.0031666666666666666 0.008500000000000002 0.1776666666666666 0.04283333333333332 0.35516666666666663 0.18816666666666668 0.2715 0.0305 0.4905 0.2595 
0.09083333333333334 0.20550000000000004 0.6335000000000001 0.8286666666666668 0.6533333333333334 0.6518333333333334 0.672 1.0 0.6721666666666667 0.5953333333333334 0.5565000000000001 0.09416666666666665 0.5511666666666667 0.09733333333333333 0.27416666666666667 0.12733333333333335 0.056333333333333326 0.08500000000000002 0.09583333333333333 0.07116666666666668 0.09316666666666663 0.36166666666666664 0.5348333333333334 0.5315000000000002 0.562 0.45799999999999985 0.45733333333333337 0.4515000000000001 0.21516666666666664 0.09233333333333334 0.3888333333333333 0.40549999999999997 0.2401666666666667 0.09766666666666668 0.6258333333333334 0.6198333333333333 0.28966666666666663 0.26983333333333337 0.3678333333333334 0.24283333333333335 0.39549999999999996 0.2886666666666666 0.5868333333333333 0.5653333333333334 0.4650000000000001 0.37666666666666676 0.32733333333333325 0.3436666666666666 0.6351666666666668 0.23016666666666674 0.405 0.3966666666666667 0.2143333333333334 0.25333333333333324 0.2473333333333334 0.2675 0.18499999999999997 0.2068333333333334 0.35416666666666663 0.24533333333333335 0.5476666666666666 0.3514999999999999 0.13783333333333336 0.07500000000000001 0.7428333333333331 0.7541666666666668 0.5628333333333333 0.5615000000000001 0.12433333333333334 0.1241666666666667 0.4321666666666666 0.43783333333333346 0.4828333333333334 0.32116666666666666 0.44566666666666666 0.5529999999999999 0.5326666666666666 0.7145 0.06683333333333334 0.09000000000000002 0.05683333333333332 0.062 0.08133333333333334 0.09333333333333335 0.20916666666666667 0.15166666666666662 0.13066666666666668 0.1735 0.43566666666666665 0.28733333333333333 
0.05983333333333335 0.042333333333333334 0.8273333333333336 0.6691666666666666 0.8380000000000001 0.8241666666666666 0.8766666666666667 0.6721666666666667 1.0 0.7735000000000001 0.6621666666666667 0.151 0.636 0.1786666666666667 0.44100000000000006 0.24 0.022000000000000006 0.042333333333333334 0.14733333333333332 0.0245 0.12383333333333336 0.4238333333333333 0.7286666666666668 0.7121666666666668 0.581 0.5091666666666668 0.49033333333333345 0.655 0.2721666666666668 0.15250000000000002 0.4434999999999999 0.4533333333333334 0.22450000000000003 0.04183333333333333 0.6075 0.5968333333333333 0.32 0.3073333333333333 0.3701666666666668 0.28283333333333327 0.46783333333333327 0.3216666666666667 0.5356666666666667 0.4625 0.508 0.331 0.1636666666666667 0.24733333333333327 0.4598333333333332 0.06416666666666668 0.2328333333333334 0.23616666666666675 0.05266666666666667 0.08933333333333335 0.07933333333333335 0.10133333333333328 0.0435 0.043500000000000004 0.18733333333333327 0.07016666666666668 0.6355000000000001 0.419 0.21666666666666667 0.03283333333333333 0.8943333333333334 0.8888333333333334 0.509 0.4916666666666666 0.03550000000000001 0.09633333333333333 0.4541666666666665 0.47700000000000004 0.5035000000000001 0.33416666666666667 0.4685 0.5478333333333333 0.535 0.6503333333333332 0.09649999999999995 0.06099999999999998 0.019333333333333334 0.025500000000000002 0.1795 0.03333333333333333 0.38416666666666655 0.22233333333333336 0.2546666666666667 0.061166666666666675 0.5669999999999998 0.3063333333333334 
0.2303333333333334 0.2256666666666667 0.6565000000000002 0.5246666666666667 0.682666666666667 0.6613333333333332 0.6995000000000001 0.5953333333333334 0.7735000000000001 1.0 0.7015 0.2868333333333333 0.6378333333333334 0.28916666666666674 0.49233333333333335 0.32199999999999995 0.16849999999999998 0.21766666666666665 0.22049999999999997 0.14450000000000002 0.13966666666666666 0.275 0.5673333333333332 0.5490000000000002 0.41899999999999993 0.3481666666666667 0.3721666666666667 0.5431666666666666 0.15649999999999997 0.04749999999999998 0.30316666666666664 0.30666666666666664 0.26783333333333337 0.08150000000000004 0.42899999999999994 0.4163333333333333 0.191 0.1905 0.2335 0.15466666666666667 0.3376666666666667 0.18966666666666657 0.6973333333333334 0.6238333333333336 0.34766666666666657 0.4781666666666664 0.34900000000000003 0.41333333333333333 0.629 0.2498333333333334 0.4213333333333333 0.4248333333333333 0.23633333333333326 0.2695 0.26166666666666655 0.28633333333333333 0.22649999999999995 0.22699999999999998 0.37399999999999983 0.24016666666666667 0.8036666666666666 0.2875 0.31066666666666665 0.11716666666666668 0.7211666666666668 0.713666666666667 0.5638333333333331 0.5110000000000001 0.20550000000000004 0.2509999999999999 0.3115000000000001 0.33 0.33349999999999996 0.1761666666666667 0.29883333333333334 0.37983333333333325 0.36866666666666675 0.48533333333333345 0.014333333333333335 0.05366666666666665 0.127 0.1508333333333333 0.24649999999999994 0.0866666666666667 0.47349999999999975 0.4006666666666668 0.1628333333333333 0.228 0.74 0.496 
0.18683333333333332 0.12333333333333328 0.5575 0.46116666666666667 0.5760000000000001 0.5523333333333333 0.6055 0.5565000000000001 0.6621666666666667 0.7015 1.0 0.39599999999999985 0.8841666666666669 0.42650000000000005 0.44066666666666676 0.45599999999999985 0.23316666666666666 0.23216666666666666 0.24100000000000002 0.20333333333333328 0.13149999999999998 0.2515000000000001 0.4645 0.45050000000000007 0.37800000000000006 0.3083333333333333 0.3786666666666666 0.49216666666666653 0.2666666666666668 0.1998333333333334 0.2651666666666667 0.2998333333333333 0.39183333333333326 0.22283333333333327 0.41450000000000004 0.4181666666666668 0.18766666666666665 0.15533333333333332 0.23850000000000013 0.16016666666666665 0.4218333333333333 0.18116666666666675 0.6331666666666668 0.4668333333333332 0.3101666666666667 0.31783333333333336 0.3165 0.2914999999999999 0.4908333333333333 0.14649999999999996 0.3095 0.33 0.13499999999999995 0.16516666666666668 0.15849999999999997 0.1826666666666667 0.16433333333333333 0.12933333333333333 0.2721666666666667 0.15316666666666673 0.8123333333333334 0.45116666666666666 0.48816666666666664 0.2773333333333333 0.6424999999999998 0.6348333333333332 0.4555000000000002 0.4308333333333333 0.12483333333333327 0.14666666666666672 0.29333333333333333 0.38833333333333336 0.4409999999999999 0.29566666666666663 0.403 0.5008333333333334 0.45383333333333326 0.5160000000000001 0.127 0.09533333333333337 0.2198333333333333 0.24950000000000003 0.31016666666666665 0.1276666666666667 0.3238333333333334 0.2826666666666667 0.17666666666666667 0.11583333333333334 0.5573333333333332 0.35816666666666663 
0.681 0.6656666666666666 0.10883333333333337 0.06449999999999999 0.109 0.1145 0.13133333333333336 0.09416666666666665 0.151 0.2868333333333333 0.39599999999999985 1.0 0.39733333333333326 0.9250000000000003 0.3116666666666666 0.6621666666666667 0.7451666666666668 0.797 0.6184999999999998 0.7069999999999999 0.3135 0.022333333333333334 0.09800000000000003 0.08883333333333335 0.005166666666666666 0.006166666666666666 0.13183333333333333 0.15616666666666665 0.1928333333333333 0.4353333333333335 0.009500000000000001 0.05549999999999999 0.34216666666666684 0.7011666666666665 0.003666666666666667 0.017333333333333333 0.021833333333333337 0.044333333333333336 0.023833333333333342 0.05149999999999998 0.16783333333333336 0.02066666666666667 0.31316666666666665 0.19466666666666657 0.0031666666666666666 0.16933333333333336 0.5823333333333331 0.42399999999999993 0.2053333333333333 0.6326666666666666 0.4703333333333333 0.47716666666666663 0.6668333333333331 0.6286666666666666 0.6213333333333333 0.6031666666666666 0.7046666666666666 0.6666666666666665 0.4904999999999998 0.6460000000000001 0.3920000000000002 0.5941666666666666 0.8286666666666668 0.7721666666666667 0.13333333333333336 0.12966666666666668 0.10433333333333335 0.11133333333333333 0.6204999999999999 0.5771666666666667 0.023166666666666672 0.10583333333333336 0.131 0.1923333333333333 0.13016666666666662 0.13 0.10966666666666665 0.0635 0.5651666666666666 0.5246666666666667 0.7096666666666668 0.7876666666666668 0.6558333333333333 0.5706666666666667 0.6618333333333333 0.7846666666666667 0.5365 0.6035 0.45183333333333336 0.6146666666666668 
0.20883333333333332 0.147 0.5358333333333332 0.4594999999999999 0.5521666666666667 0.5336666666666666 0.5856666666666664 0.5511666666666667 0.636 0.6378333333333334 0.8841666666666669 0.39733333333333326 1.0 0.4270000000000001 0.3804999999999999 0.4161666666666665 0.2414999999999999 0.248 0.24266666666666667 0.20733333333333331 0.126 0.2108333333333333 0.4383333333333334 0.42533333333333334 0.36099999999999993 0.2803333333333334 0.34983333333333333 0.4458333333333333 0.22116666666666662 0.2046666666666667 0.23366666666666666 0.26916666666666667 0.3425 0.234 0.4106666666666669 0.4296666666666668 0.16716666666666669 0.13166666666666665 0.22699999999999998 0.14133333333333334 0.3861666666666668 0.15833333333333333 0.5783333333333333 0.42016666666666663 0.2831666666666667 0.2503333333333333 0.34149999999999997 0.3173333333333333 0.43933333333333324 0.1726666666666667 0.3406666666666666 0.3631666666666667 0.15999999999999998 0.19266666666666668 0.18683333333333332 0.20933333333333337 0.18683333333333332 0.15283333333333332 0.30500000000000005 0.1849999999999999 0.7905000000000001 0.5051666666666668 0.4801666666666665 0.27316666666666667 0.6439999999999998 0.6353333333333334 0.43249999999999994 0.4213333333333333 0.14750000000000002 0.17533333333333334 0.2665000000000001 0.36016666666666663 0.4195000000000001 0.3024999999999999 0.38099999999999995 0.4829999999999999 0.4346666666666666 0.5140000000000001 0.15549999999999997 0.12133333333333333 0.2275 0.2555 0.3048333333333333 0.13783333333333336 0.3618333333333334 0.30583333333333323 0.20066666666666677 0.13599999999999998 0.5888333333333334 0.38883333333333325 
0.6486666666666667 0.6088333333333332 0.1395 0.047000000000000014 0.1428333333333333 0.1415 0.16116666666666668 0.09733333333333333 0.1786666666666667 0.28916666666666674 0.42650000000000005 0.9250000000000003 0.4270000000000001 1.0 0.3598333333333334 0.6815000000000002 0.7143333333333337 0.7421666666666665 0.6506666666666667 0.6901666666666668 0.32433333333333336 0.035833333333333356 0.1331666666666667 0.12283333333333335 0.015833333333333338 0.02 0.15400000000000003 0.19633333333333336 0.20566666666666666 0.4528333333333331 0.020166666666666676 0.06499999999999997 0.35683333333333317 0.708 0.008666666666666668 0.0215 0.029500000000000002 0.04950000000000001 0.0305 0.066 0.18166666666666673 0.027333333333333338 0.29766666666666675 0.16033333333333338 0.012166666666666668 0.14333333333333334 0.5276666666666666 0.382 0.1578333333333333 0.5750000000000002 0.41850000000000015 0.43566666666666665 0.6094999999999997 0.5753333333333334 0.5668333333333333 0.5566666666666665 0.6479999999999998 0.6106666666666668 0.4423333333333332 0.5933333333333333 0.4016666666666666 0.5683333333333332 0.8443333333333333 0.7706666666666667 0.16083333333333336 0.15733333333333335 0.09300000000000003 0.10316666666666667 0.5866666666666666 0.5536666666666668 0.029833333333333333 0.11183333333333334 0.13149999999999998 0.19433333333333333 0.13016666666666662 0.12966666666666662 0.11099999999999997 0.07133333333333332 0.5755 0.5370000000000001 0.7094999999999999 0.7766666666666666 0.7010000000000002 0.583 0.6728333333333333 0.7480000000000002 0.5693333333333332 0.5641666666666665 0.4551666666666667 0.5883333333333334 
0.25183333333333324 0.1483333333333333 0.4925 0.23116666666666666 0.44683333333333336 0.4848333333333334 0.475 0.27416666666666667 0.44100000000000006 0.49233333333333335 0.44066666666666676 0.3116666666666666 0.3804999999999999 0.3598333333333334 1.0 0.5884999999999999 0.2686666666666667 0.16599999999999998 0.5059999999999999 0.29950000000000004 0.4975 0.46666666666666656 0.5645 0.5595 0.2768333333333333 0.382 0.4570000000000001 0.7013333333333333 0.43666666666666665 0.3873333333333334 0.4754999999999999 0.37066666666666664 0.5638333333333335 0.23883333333333334 0.19683333333333342 0.17266666666666666 0.4084999999999999 0.4198333333333334 0.38799999999999996 0.42816666666666675 0.4923333333333333 0.40933333333333344 0.3116666666666666 0.2740000000000001 0.368 0.4253333333333334 0.14016666666666663 0.18016666666666667 0.2571666666666666 0.1388333333333333 0.172 0.17249999999999993 0.14566666666666664 0.1468333333333333 0.13933333333333328 0.14749999999999994 0.15816666666666665 0.1486666666666666 0.1465 0.14866666666666667 0.36316666666666664 0.142 0.40766666666666673 0.30100000000000005 0.38199999999999995 0.38099999999999995 0.24299999999999997 0.2136666666666667 0.2273333333333333 0.15516666666666665 0.3549999999999999 0.3221666666666667 0.28800000000000003 0.24849999999999997 0.32600000000000007 0.21816666666666668 0.26149999999999995 0.1738333333333334 0.24683333333333324 0.278 0.3126666666666666 0.25616666666666676 0.5528333333333335 0.33733333333333326 0.3665 0.30416666666666664 0.4278333333333332 0.2818333333333333 0.3986666666666665 0.28300000000000003 
0.4091666666666666 0.39599999999999996 0.27349999999999997 0.11149999999999997 0.24433333333333324 0.3 0.275 0.12733333333333335 0.24 0.32199999999999995 0.45599999999999985 0.6621666666666667 0.4161666666666665 0.6815000000000002 0.5884999999999999 1.0 0.46449999999999997 0.505 0.5119999999999999 0.44683333333333336 0.3586666666666667 0.24533333333333335 0.32266666666666666 0.314 0.132 0.2108333333333333 0.35316666666666663 0.39799999999999996 0.41283333333333333 0.5661666666666667 0.22466666666666668 0.251 0.5668333333333332 0.5331666666666668 0.05716666666666667 0.04449999999999999 0.23999999999999996 0.2535 0.19099999999999998 0.2821666666666667 0.3636666666666666 0.23850000000000005 0.30499999999999994 0.1781666666666667 0.19933333333333336 0.28500000000000003 0.3803333333333332 0.25583333333333336 0.2021666666666667 0.3848333333333334 0.30699999999999994 0.3046666666666666 0.397 0.3606666666666667 0.35466666666666674 0.3396666666666667 0.4355 0.39849999999999997 0.3078333333333334 0.3888333333333334 0.38083333333333336 0.45400000000000007 0.7234999999999999 0.6386666666666667 0.18733333333333338 0.18550000000000008 0.10583333333333333 0.11033333333333337 0.34516666666666673 0.29749999999999993 0.20716666666666664 0.2799999999999999 0.24999999999999992 0.28733333333333333 0.285 0.19649999999999998 0.2078333333333333 0.09633333333333333 0.3871666666666666 0.3553333333333334 0.4911666666666666 0.546 0.6246666666666666 0.4159999999999999 0.43066666666666675 0.5166666666666665 0.4425 0.3431666666666667 0.36833333333333323 0.39483333333333337 
0.8324999999999999 0.6309999999999999 0.00016666666666666666 0.0115 0.0011666666666666665 0.0003333333333333333 0.0003333333333333333 0.056333333333333326 0.022000000000000006 0.16849999999999998 0.23316666666666666 0.7451666666666668 0.2414999999999999 0.7143333333333337 0.2686666666666667 0.46449999999999997 1.0 0.8325000000000005 0.7256666666666665 0.8801666666666668 0.38783333333333325 0.0695 0.002833333333333333 0.006166666666666667 0.001 0.007833333333333335 0.078 0.11050000000000004 0.37233333333333335 0.6023333333333333 0.1138333333333334 0.11550000000000002 0.4061666666666666 0.7328333333333332 0.0013333333333333333 0.014499999999999999 0.21299999999999997 0.2508333333333334 0.14633333333333332 0.25049999999999994 0.27516666666666667 0.2288333333333333 0.2779999999999999 0.20533333333333334 0.008166666666666668 0.23483333333333334 0.5624999999999999 0.4281666666666666 0.20483333333333334 0.6006666666666667 0.44783333333333347 0.452 0.6244999999999999 0.6040000000000001 0.6051666666666666 0.6071666666666666 0.6791666666666667 0.6311666666666668 0.479 0.5954999999999998 0.26283333333333336 0.4161666666666666 0.6016666666666668 0.7656666666666666 0.0011666666666666668 0.00016666666666666666 0.12266666666666667 0.11733333333333329 0.8091666666666667 0.6646666666666665 0.1413333333333333 0.11049999999999999 0.22950000000000004 0.2991666666666667 0.2323333333333333 0.22799999999999992 0.24683333333333338 0.04616666666666666 0.7613333333333331 0.720333333333333 0.9144999999999999 0.8738333333333337 0.6408333333333333 0.7615000000000001 0.5516666666666666 0.6249999999999999 0.5418333333333333 0.7198333333333333 0.33949999999999997 0.5218333333333333 
0.7808333333333336 0.7731666666666663 0.004833333333333333 0.09566666666666666 0.009500000000000001 0.027333333333333334 0.0105 0.08500000000000002 0.042333333333333334 0.21766666666666665 0.23216666666666666 0.797 0.248 0.7421666666666665 0.16599999999999998 0.505 0.8325000000000005 1.0 0.5840000000000001 0.7488333333333331 0.2806666666666667 0.010833333333333335 0.003833333333333333 0.0055 0.003833333333333333 0.003833333333333333 0.10199999999999998 0.03416666666666667 0.24516666666666664 0.47783333333333333 0.01933333333333334 0.10899999999999999 0.3776666666666667 0.7525 0.0018333333333333333 0.016833333333333332 0.08350000000000002 0.12216666666666667 0.03616666666666666 0.12000000000000002 0.16349999999999998 0.09849999999999999 0.3543333333333334 0.2843333333333333 0.0045 0.263 0.6858333333333333 0.5255000000000001 0.30666666666666664 0.7391666666666664 0.5628333333333334 0.5531666666666665 0.7661666666666666 0.7266666666666667 0.7236666666666666 0.6981666666666665 0.8096666666666665 0.7741666666666664 0.5839999999999999 0.7311666666666667 0.3120000000000001 0.49733333333333335 0.6413333333333334 0.8216666666666665 0.012500000000000002 0.011333333333333336 0.14833333333333332 0.14749999999999996 0.7526666666666668 0.6831666666666668 0.09883333333333333 0.11483333333333336 0.2065 0.2713333333333332 0.20766666666666658 0.20683333333333326 0.18966666666666665 0.06516666666666665 0.6110000000000001 0.5768333333333334 0.7718333333333334 0.8563333333333334 0.5231666666666667 0.6141666666666667 0.5928333333333334 0.713166666666667 0.4220000000000001 0.6668333333333333 0.3858333333333333 0.5906666666666668 
0.699166666666667 0.5056666666666666 0.14266666666666666 0.060500000000000005 0.13449999999999998 0.13816666666666666 0.13816666666666666 0.09583333333333333 0.14733333333333332 0.22049999999999997 0.24100000000000002 0.6184999999999998 0.24266666666666667 0.6506666666666667 0.5059999999999999 0.5119999999999999 0.7256666666666665 0.5840000000000001 1.0 0.7713333333333334 0.4439999999999998 0.14383333333333334 0.16116666666666668 0.16033333333333338 0.03516666666666666 0.05383333333333334 0.15899999999999997 0.2986666666666666 0.31933333333333336 0.556 0.1698333333333334 0.0888333333333333 0.369 0.6524999999999999 0.008666666666666668 0.018666666666666668 0.2725 0.2756666666666667 0.18883333333333333 0.3085 0.22566666666666665 0.26466666666666666 0.13616666666666669 0.11516666666666668 0.04516666666666666 0.15199999999999997 0.38566666666666677 0.3226666666666667 0.11683333333333332 0.4736666666666667 0.3476666666666667 0.3448333333333333 0.49683333333333346 0.48899999999999993 0.4868333333333334 0.49116666666666653 0.5300000000000001 0.5044999999999998 0.3688333333333334 0.49283333333333323 0.19700000000000004 0.32216666666666677 0.6174999999999999 0.7071666666666665 0.1313333333333333 0.12600000000000003 0.07933333333333333 0.08099999999999996 0.6771666666666667 0.5193333333333333 0.117 0.05516666666666665 0.11483333333333333 0.20050000000000004 0.12 0.11333333333333336 0.132 0.016333333333333335 0.6891666666666667 0.7056666666666669 0.7710000000000002 0.6978333333333332 0.7999999999999997 0.7708333333333335 0.5890000000000001 0.5785000000000001 0.6916666666666668 0.63 0.3759999999999999 0.47816666666666663 
0.8281666666666667 0.6296666666666668 0.007333333333333334 0.022666666666666665 0.0125 0.009 0.007333333333333334 0.07116666666666668 0.0245 0.14450000000000002 0.20333333333333328 0.7069999999999999 0.20733333333333331 0.6901666666666668 0.29950000000000004 0.44683333333333336 0.8801666666666668 0.7488333333333331 0.7713333333333334 1.0 0.41300000000000003 0.09633333333333331 0.014500000000000002 0.018333333333333337 0.010333333333333335 0.020500000000000008 0.1035 0.136 0.3288333333333334 0.5605 0.12583333333333332 0.09683333333333335 0.37166666666666665 0.7041666666666667 0.005833333333333334 0.01966666666666667 0.26983333333333337 0.2818333333333334 0.16749999999999995 0.3106666666666667 0.22933333333333333 0.2665 0.21199999999999997 0.17800000000000002 0.019666666666666673 0.20750000000000005 0.5049999999999999 0.40033333333333326 0.19883333333333336 0.5986666666666669 0.4454999999999999 0.4525 0.6196666666666668 0.6035000000000001 0.6074999999999998 0.622 0.6708333333333332 0.6301666666666668 0.4783333333333333 0.5978333333333334 0.20199999999999993 0.36316666666666686 0.5766666666666667 0.7381666666666665 0.007499999999999999 0.005833333333333334 0.10483333333333336 0.10816666666666666 0.8296666666666668 0.6588333333333333 0.14566666666666672 0.0645 0.1753333333333333 0.24600000000000008 0.17883333333333332 0.175 0.2048333333333333 0.022666666666666665 0.7448333333333332 0.7500000000000001 0.8906666666666667 0.8305 0.6938333333333333 0.8211666666666663 0.5306666666666667 0.6214999999999999 0.5951666666666666 0.7088333333333334 0.31916666666666677 0.5205 
0.3470000000000002 0.2691666666666666 0.1655 0.10799999999999996 0.1918333333333333 0.17483333333333337 0.15166666666666667 0.09316666666666663 0.12383333333333336 0.13966666666666666 0.13149999999999998 0.3135 0.126 0.32433333333333336 0.4975 0.3586666666666667 0.38783333333333325 0.2806666666666667 0.4439999999999998 0.41300000000000003 1.0 0.5158333333333334 0.2383333333333333 0.2533333333333332 0.35683333333333317 0.4348333333333333 0.4656666666666666 0.35233333333333333 0.44866666666666666 0.48383333333333334 0.5361666666666668 0.33099999999999996 0.3870000000000001 0.341 0.2943333333333334 0.2981666666666667 0.4381666666666667 0.5011666666666664 0.4873333333333332 0.4685 0.3196666666666666 0.46299999999999997 0.15649999999999997 0.2833333333333334 0.4268333333333333 0.3468333333333333 0.215 0.3510000000000001 0.12616666666666668 0.24283333333333332 0.2076666666666666 0.20349999999999993 0.2583333333333333 0.2551666666666666 0.25199999999999995 0.26166666666666666 0.275 0.2685 0.2371666666666666 0.2481666666666667 0.09949999999999999 0.15749999999999997 0.31483333333333335 0.3536666666666667 0.09783333333333333 0.09766666666666668 0.3001666666666666 0.2875 0.3501666666666667 0.36916666666666664 0.29666666666666663 0.2841666666666666 0.1728333333333334 0.27266666666666667 0.1978333333333334 0.12000000000000004 0.15566666666666662 0.21616666666666667 0.44149999999999984 0.4903333333333333 0.4148333333333331 0.3578333333333334 0.45366666666666666 0.4603333333333333 0.2576666666666666 0.2591666666666667 0.4573333333333334 0.42283333333333334 0.17433333333333334 0.23266666666666672 
0.0635 0.013499999999999998 0.5398333333333333 0.39549999999999996 0.5326666666666668 0.5318333333333333 0.5081666666666669 0.36166666666666664 0.4238333333333333 0.275 0.2515000000000001 0.022333333333333334 0.2108333333333333 0.035833333333333356 0.46666666666666656 0.24533333333333335 0.0695 0.010833333333333335 0.14383333333333334 0.09633333333333331 0.5158333333333334 1.0 0.6343333333333333 0.6446666666666665 0.7358333333333331 0.8469999999999998 0.6066666666666667 0.6033333333333333 0.5663333333333332 0.37733333333333335 0.8630000000000001 0.7434999999999999 0.4316666666666668 0.1251666666666667 0.6478333333333332 0.6151666666666668 0.6140000000000001 0.6444999999999999 0.6325 0.6101666666666667 0.6551666666666667 0.655 0.2740000000000001 0.3721666666666666 0.8378333333333333 0.5443333333333333 0.011000000000000001 0.18600000000000003 0.24966666666666668 0.013833333333333333 0.015666666666666666 0.02383333333333334 0.009833333333333335 0.010166666666666666 0.015666666666666666 0.03383333333333334 0.011500000000000003 0.0125 0.03616666666666667 0.015500000000000003 0.19783333333333336 0.20900000000000002 0.07633333333333331 0.07683333333333332 0.4025000000000001 0.40633333333333327 0.5005 0.4973333333333333 0.07233333333333335 0.18099999999999997 0.715333333333333 0.7129999999999999 0.5581666666666668 0.5006666666666668 0.5961666666666667 0.482 0.5219999999999998 0.5448333333333333 0.2553333333333334 0.2868333333333334 0.09183333333333334 0.04449999999999999 0.15583333333333338 0.19016666666666673 0.04483333333333332 0.007166666666666666 0.28166666666666657 0.10400000000000001 0.07133333333333333 0.012500000000000002 
0.031166666666666665 0.002833333333333333 0.8821666666666667 0.5609999999999998 0.8176666666666665 0.8255000000000003 0.83 0.5348333333333334 0.7286666666666668 0.5673333333333332 0.4645 0.09800000000000003 0.4383333333333334 0.1331666666666667 0.5645 0.32266666666666666 0.002833333333333333 0.003833333333333333 0.16116666666666668 0.014500000000000002 0.2383333333333333 0.6343333333333333 1.0 0.9603333333333333 0.6858333333333333 0.7553333333333334 0.5565 0.7824999999999998 0.44433333333333347 0.27449999999999997 0.6543333333333333 0.6786666666666669 0.38833333333333336 0.096 0.5786666666666668 0.5446666666666666 0.5185000000000001 0.5111666666666665 0.48933333333333345 0.4685000000000001 0.6671666666666667 0.5213333333333332 0.3806666666666668 0.32449999999999996 0.7531666666666667 0.4415000000000001 0.04766666666666666 0.13533333333333336 0.32483333333333336 0.003333333333333333 0.08533333333333337 0.08116666666666669 0.010166666666666666 0.035 0.024166666666666673 0.033666666666666664 0.005500000000000001 0.002833333333333333 0.051333333333333314 0.03100000000000001 0.43366666666666676 0.31249999999999994 0.1598333333333333 0.04249999999999999 0.7275000000000001 0.7305000000000001 0.4218333333333332 0.4055 0.006166666666666667 0.08833333333333336 0.6713333333333334 0.6856666666666669 0.5781666666666667 0.4876666666666666 0.6084999999999999 0.5373333333333333 0.5713333333333332 0.5316666666666666 0.15250000000000002 0.11966666666666669 0.017833333333333333 0.013333333333333332 0.2065 0.07866666666666668 0.29966666666666675 0.1486666666666667 0.31433333333333324 0.043 0.36233333333333334 0.17566666666666664 
0.0335 0.006833333333333334 0.8673333333333335 0.5599999999999999 0.8091666666666665 0.8183333333333335 0.8145 0.5315000000000002 0.7121666666666668 0.5490000000000002 0.45050000000000007 0.08883333333333335 0.42533333333333334 0.12283333333333335 0.5595 0.314 0.006166666666666667 0.0055 0.16033333333333338 0.018333333333333337 0.2533333333333332 0.6446666666666665 0.9603333333333333 1.0 0.6894999999999999 0.7648333333333334 0.56 0.7858333333333333 0.4490000000000001 0.2768333333333332 0.667 0.6818333333333335 0.387 0.09333333333333334 0.5810000000000002 0.5465 0.5243333333333332 0.5213333333333332 0.5021666666666669 0.4766666666666668 0.6720000000000002 0.5273333333333333 0.3778333333333334 0.3248333333333334 0.7673333333333332 0.4501666666666668 0.04666666666666667 0.13566666666666669 0.3238333333333333 0.007166666666666666 0.08333333333333334 0.07983333333333333 0.01416666666666667 0.03600000000000001 0.026000000000000006 0.03516666666666666 0.008333333333333333 0.006833333333333334 0.053166666666666654 0.03566666666666667 0.41900000000000004 0.30649999999999994 0.14850000000000002 0.04100000000000001 0.7115 0.7141666666666668 0.4215 0.4056666666666666 0.010000000000000002 0.09050000000000001 0.6766666666666665 0.6849999999999998 0.5796666666666668 0.48766666666666664 0.6104999999999999 0.5363333333333333 0.5743333333333331 0.5335 0.15466666666666667 0.12350000000000001 0.020500000000000004 0.013666666666666667 0.20133333333333334 0.08250000000000002 0.28266666666666673 0.1365 0.31299999999999994 0.052333333333333336 0.3451666666666667 0.165 
