1.0 0.6105 0.021333333333333333 0.2571666666666667 0.042166666666666665 0.11499999999999998 0.602166666666667 0.5463333333333333 0.2096666666666666 0.31349999999999995 0.5843333333333335 0.5693333333333335 0.5746666666666669 0.5236666666666667 0.14433333333333334 0.19549999999999992 0.19266666666666662 0.23916666666666664 0.6320000000000001 0.6588333333333333 0.06066666666666665 0.0305 0.0034999999999999996 0.015 0.002 0.0105 0.036500000000000005 0.05849999999999999 0.19716666666666666 0.19416666666666665 0.18766666666666662 0.18716666666666665 0.5535000000000001 0.5436666666666667 0.06799999999999999 0.041333333333333326 0.42166666666666663 0.297 0.41850000000000004 0.42016666666666674 0.4206666666666667 0.2809999999999999 0.4414999999999999 0.48350000000000004 0.14616666666666667 0.3869999999999999 0.42166666666666663 0.6241666666666668 0.34600000000000003 0.45883333333333326 0.3078333333333333 0.19366666666666663 0.13716666666666666 0.5365000000000001 0.38916666666666666 0.4936666666666666 0.6166666666666667 0.6244999999999999 0.5973333333333336 0.6275 0.5773333333333335 0.5761666666666668 0.5751666666666668 0.5713333333333335 0.16766666666666666 0.23533333333333326 0.2225 0.2321666666666666 0.7673333333333332 0.6263333333333333 0.18316666666666667 0.22116666666666662 0.5201666666666668 0.7935 0.4855 0.7080000000000001 0.7701666666666663 0.7533333333333333 0.18816666666666662 0.19666666666666666 0.1935 0.19633333333333333 0.41766666666666674 0.41916666666666663 0.19099999999999998 0.2438333333333333 0.35650000000000004 0.39149999999999996 0.3686666666666668 0.41850000000000004 
0.6105 1.0 0.02383333333333334 0.07516666666666665 0.04533333333333333 0.12850000000000003 0.6746666666666669 0.9339999999999999 0.2645 0.6016666666666667 0.9660000000000004 0.9576666666666671 0.9635000000000002 0.9096666666666665 0.06449999999999999 0.13016666666666665 0.001 0.4241666666666665 0.9548333333333335 0.9460000000000002 0.02900000000000001 0.0 0.0031666666666666666 0.001 0.0006666666666666666 0.0 0.029500000000000005 0.066 0.0015 0.0008333333333333333 0.0 0.0 0.9425 0.9325000000000001 0.2001666666666667 0.11883333333333336 0.03400000000000001 0.36116666666666675 0.03316666666666668 0.03383333333333334 0.03400000000000001 0.09000000000000002 0.1801666666666667 0.14849999999999994 0.06316666666666668 0.5844999999999999 0.03383333333333334 0.30516666666666675 0.38100000000000006 0.6443333333333334 0.2798333333333333 0.0 0.05883333333333335 0.3546666666666665 0.06816666666666667 0.113 0.9848333333333334 0.9803333333333337 0.9761666666666668 0.9505000000000003 0.9665000000000004 0.9651666666666671 0.964166666666667 0.9600000000000004 0.22033333333333333 0.3976666666666667 0.4406666666666667 0.5006666666666666 0.8253333333333339 0.9531666666666667 0.19766666666666666 0.21316666666666662 0.16750000000000004 0.4999999999999998 0.8068333333333338 0.7561666666666669 0.8066666666666668 0.8365000000000002 0.0006666666666666666 0.0013333333333333333 0.0003333333333333333 0.00016666666666666666 0.03283333333333334 0.03316666666666668 0.0 0.0015 0.11633333333333336 0.03466666666666668 0.5776666666666666 0.21566666666666667 
0.021333333333333333 0.02383333333333334 1.0 0.6875000000000003 0.9205 0.8519999999999998 0.22916666666666663 0.05933333333333332 0.6753333333333331 0.37799999999999995 0.024333333333333335 0.030166666666666675 0.025333333333333336 0.07816666666666663 0.6458333333333335 0.6673333333333333 0.29 0.18499999999999994 0.023666666666666673 0.02383333333333334 0.838833333333333 0.8741666666666665 0.9626666666666667 0.915 0.9395 0.894833333333333 0.8698333333333333 0.8476666666666668 0.29833333333333334 0.32616666666666666 0.31383333333333335 0.31833333333333336 0.046833333333333324 0.05783333333333332 0.765 0.7916666666666669 0.12399999999999999 0.3468333333333334 0.12216666666666667 0.2531666666666666 0.0925 0.4940000000000001 0.3075 0.05999999999999996 0.3341666666666667 0.3295 0.12966666666666668 0.1885 0.3303333333333333 0.3753333333333334 0.48649999999999993 0.316 0.7174999999999998 0.2378333333333333 0.39233333333333337 0.29150000000000004 0.024000000000000004 0.024000000000000004 0.024333333333333335 0.041333333333333326 0.024333333333333335 0.025000000000000005 0.023500000000000007 0.028666666666666667 0.7661666666666666 0.5899999999999996 0.5390000000000003 0.48666666666666664 0.025166666666666667 0.03483333333333333 0.48033333333333333 0.2668333333333333 0.09416666666666665 0.02116666666666667 0.1433333333333333 0.02416666666666667 0.02383333333333334 0.024000000000000004 0.30349999999999994 0.3041666666666667 0.29516666666666674 0.29116666666666663 0.11899999999999995 0.1316666666666667 0.31183333333333335 0.36749999999999994 0.4421666666666666 0.3371666666666666 0.39583333333333337 0.43999999999999995 
0.2571666666666667 0.07516666666666665 0.6875000000000003 1.0 0.6594999999999999 0.616 0.26366666666666666 0.08449999999999998 0.4443333333333333 0.3588333333333334 0.05733333333333332 0.05099999999999999 0.04633333333333334 0.09366666666666665 0.386 0.4433333333333333 0.09550000000000003 0.06249999999999999 0.09516666666666668 0.12383333333333331 0.6151666666666668 0.6495000000000002 0.7040000000000002 0.7076666666666668 0.7075000000000001 0.6701666666666668 0.6454999999999999 0.6283333333333334 0.10800000000000001 0.11849999999999997 0.09866666666666665 0.10216666666666666 0.0673333333333333 0.07799999999999997 0.6483333333333333 0.7318333333333336 0.35999999999999993 0.3436666666666665 0.3543333333333332 0.4873333333333332 0.331 0.7015 0.5349999999999998 0.2926666666666667 0.10116666666666667 0.12716666666666665 0.36783333333333323 0.39783333333333337 0.13016666666666665 0.171 0.2565 0.10666666666666666 0.5061666666666667 0.4831666666666667 0.6291666666666668 0.5249999999999999 0.08049999999999997 0.08916666666666664 0.06249999999999998 0.10066666666666667 0.045500000000000006 0.04650000000000001 0.04466666666666667 0.0495 0.5053333333333333 0.5333333333333333 0.36016666666666675 0.30966666666666665 0.23850000000000002 0.10483333333333332 0.42849999999999994 0.2548333333333333 0.2830000000000001 0.23066666666666666 0.15633333333333335 0.245 0.24900000000000003 0.22366666666666668 0.09433333333333335 0.1125 0.09600000000000002 0.09783333333333336 0.35233333333333333 0.36833333333333335 0.098 0.2671666666666667 0.6656666666666666 0.5781666666666667 0.30900000000000005 0.6586666666666668 
0.042166666666666665 0.04533333333333333 0.9205 0.6594999999999999 1.0 0.9048333333333334 0.24349999999999997 0.02583333333333333 0.6973333333333332 0.4036666666666667 0.04516666666666667 0.044333333333333357 0.04633333333333333 0.04050000000000001 0.6920000000000001 0.6288333333333334 0.25616666666666665 0.21866666666666665 0.045 0.04366666666666668 0.8820000000000003 0.8594999999999999 0.9485000000000003 0.9015000000000001 0.9288333333333333 0.8831666666666671 0.9154999999999996 0.9196666666666666 0.26616666666666666 0.29966666666666664 0.2758333333333334 0.28099999999999997 0.035833333333333335 0.027833333333333325 0.7228333333333332 0.7748333333333332 0.13766666666666666 0.4095 0.135 0.2719999999999999 0.10500000000000002 0.5205000000000002 0.30216666666666664 0.0718333333333333 0.28550000000000003 0.26983333333333337 0.14533333333333337 0.24683333333333327 0.27266666666666667 0.3153333333333333 0.4243333333333334 0.28116666666666673 0.7856666666666667 0.2791666666666666 0.4385 0.3475 0.044666666666666674 0.04516666666666667 0.0455 0.059000000000000004 0.04716666666666666 0.047333333333333324 0.047333333333333324 0.04433333333333334 0.7010000000000001 0.5334999999999998 0.4774999999999999 0.4375 0.045500000000000006 0.05500000000000001 0.5095 0.23349999999999993 0.05466666666666666 0.004333333333333333 0.1663333333333333 0.004333333333333333 0.04116666666666668 0.04316666666666668 0.26799999999999985 0.2736666666666666 0.2606666666666667 0.2573333333333334 0.13333333333333333 0.1475 0.27216666666666667 0.3411666666666667 0.5041666666666669 0.3600000000000001 0.41250000000000014 0.4986666666666666 
0.11499999999999998 0.12850000000000003 0.8519999999999998 0.616 0.9048333333333334 1.0 0.3170000000000001 0.09533333333333333 0.7533333333333333 0.48433333333333317 0.12066666666666666 0.12266666666666669 0.12750000000000003 0.08466666666666665 0.6796666666666669 0.6284999999999998 0.22366666666666662 0.2323333333333333 0.12650000000000003 0.12450000000000001 0.8251666666666665 0.8021666666666666 0.8616666666666666 0.8271666666666668 0.8563333333333334 0.8230000000000001 0.8611666666666671 0.9008333333333334 0.23299999999999993 0.2643333333333334 0.2396666666666666 0.24066666666666664 0.10683333333333334 0.09616666666666665 0.6575000000000003 0.6988333333333333 0.13099999999999998 0.4183333333333333 0.12866666666666673 0.25066666666666665 0.09849999999999999 0.49200000000000005 0.2658333333333332 0.06299999999999999 0.24799999999999994 0.2915 0.13516666666666668 0.2476666666666667 0.2941666666666667 0.33716666666666684 0.43783333333333346 0.24566666666666662 0.7551666666666663 0.2615 0.42066666666666663 0.344 0.12733333333333335 0.12800000000000003 0.12816666666666668 0.13949999999999999 0.13066666666666668 0.12883333333333336 0.13050000000000003 0.1241666666666667 0.6818333333333334 0.5403333333333333 0.42933333333333346 0.3806666666666667 0.12400000000000003 0.12866666666666665 0.5406666666666667 0.2183333333333333 0.08716666666666667 0.053000000000000005 0.24966666666666668 0.05749999999999999 0.11449999999999999 0.11933333333333335 0.23433333333333325 0.23916666666666667 0.2268333333333333 0.2238333333333333 0.12533333333333335 0.13899999999999998 0.2373333333333333 0.3035000000000001 0.49000000000000005 0.3325000000000001 0.45500000000000007 0.49349999999999994 
0.602166666666667 0.6746666666666669 0.22916666666666663 0.26366666666666666 0.24349999999999997 0.3170000000000001 1.0 0.6539999999999998 0.4793333333333332 0.5353333333333334 0.6753333333333335 0.685 0.6911666666666666 0.6413333333333333 0.23033333333333336 0.27066666666666667 0.045 0.2553333333333334 0.6935000000000001 0.6721666666666666 0.20766666666666667 0.17933333333333334 0.20049999999999998 0.18599999999999997 0.19616666666666663 0.18666666666666665 0.21816666666666673 0.25883333333333325 0.04049999999999999 0.04483333333333334 0.050666666666666665 0.05083333333333332 0.6693333333333332 0.6593333333333331 0.3081666666666667 0.23950000000000002 0.08216666666666668 0.36400000000000005 0.08216666666666671 0.08233333333333336 0.0826666666666667 0.19816666666666674 0.15800000000000003 0.15533333333333332 0.10433333333333332 0.4565000000000001 0.08233333333333336 0.2946666666666667 0.34766666666666657 0.534 0.4211666666666667 0.046500000000000014 0.1721666666666667 0.36016666666666663 0.14799999999999996 0.1635 0.6698333333333335 0.6695000000000002 0.6890000000000002 0.6706666666666666 0.6931666666666668 0.6921666666666668 0.6916666666666668 0.6876666666666666 0.4394999999999999 0.4518333333333333 0.4521666666666666 0.3271666666666666 0.6595 0.6661666666666666 0.40883333333333316 0.1811666666666667 0.22416666666666665 0.4621666666666666 0.6726666666666666 0.5855 0.6441666666666666 0.652 0.05133333333333333 0.039666666666666656 0.045666666666666675 0.043166666666666666 0.08200000000000003 0.08150000000000004 0.05266666666666667 0.04416666666666667 0.2286666666666667 0.09666666666666668 0.6945 0.33116666666666666 
0.5463333333333333 0.9339999999999999 0.05933333333333332 0.08449999999999998 0.02583333333333333 0.09533333333333333 0.6539999999999998 1.0 0.23583333333333337 0.5945000000000001 0.9306666666666668 0.9643333333333339 0.9601666666666673 0.9681666666666671 0.03933333333333334 0.1655 0.03416666666666667 0.3906666666666668 0.9134999999999998 0.8828333333333329 0.024666666666666663 0.03533333333333335 0.03850000000000002 0.03633333333333335 0.03616666666666669 0.03533333333333335 0.025666666666666664 0.033999999999999996 0.03466666666666667 0.03433333333333335 0.03533333333333335 0.03533333333333335 0.9770000000000006 0.9843333333333336 0.2551666666666667 0.16816666666666666 0.004666666666666667 0.3458333333333334 0.004 0.004166666666666667 0.004833333333333334 0.06166666666666669 0.1753333333333333 0.1186666666666666 0.09816666666666667 0.6201666666666666 0.0045000000000000005 0.24166666666666667 0.4160000000000002 0.6798333333333333 0.31516666666666665 0.03533333333333335 0.02283333333333333 0.30566666666666664 0.015500000000000003 0.04949999999999998 0.9266666666666665 0.9198333333333332 0.9413333333333334 0.8966666666666663 0.9588333333333339 0.9600000000000005 0.956833333333334 0.9625000000000006 0.2631666666666667 0.45266666666666694 0.48983333333333334 0.5486666666666666 0.7615000000000002 0.8981666666666668 0.17650000000000002 0.23650000000000002 0.171 0.4706666666666667 0.7994999999999997 0.7278333333333332 0.7428333333333335 0.772 0.03466666666666667 0.03450000000000001 0.033500000000000016 0.03333333333333335 0.003833333333333333 0.004166666666666667 0.03550000000000002 0.03550000000000002 0.05466666666666667 0.004833333333333334 0.5613333333333332 0.15200000000000002 
0.2096666666666666 0.2645 0.6753333333333331 0.4443333333333333 0.6973333333333332 0.7533333333333333 0.4793333333333332 0.23583333333333337 1.0 0.63 0.25866666666666666 0.26450000000000007 0.2703333333333334 0.22433333333333338 0.6941666666666667 0.6251666666666665 0.2285 0.22750000000000006 0.2566666666666667 0.24666666666666667 0.6381666666666667 0.6128333333333333 0.6511666666666666 0.6123333333333335 0.6396666666666667 0.6263333333333333 0.6601666666666666 0.7046666666666666 0.21783333333333332 0.2373333333333333 0.24249999999999994 0.24249999999999994 0.24866666666666656 0.2385 0.5793333333333335 0.5244999999999999 0.15366666666666665 0.41816666666666663 0.15066666666666664 0.2246666666666667 0.12516666666666665 0.3723333333333333 0.1836666666666667 0.08016666666666668 0.28400000000000003 0.3326666666666665 0.148 0.18583333333333335 0.33733333333333326 0.37799999999999995 0.5105 0.23466666666666666 0.5503333333333336 0.1455 0.29166666666666663 0.2718333333333333 0.26266666666666666 0.26350000000000007 0.2693333333333334 0.2515 0.273 0.27133333333333337 0.27266666666666667 0.26650000000000007 0.7906666666666665 0.5728333333333334 0.5258333333333334 0.401 0.22216666666666668 0.25383333333333336 0.6633333333333333 0.3381666666666666 0.15249999999999994 0.13983333333333337 0.39166666666666655 0.14950000000000002 0.20783333333333334 0.21416666666666676 0.23999999999999994 0.2205 0.23016666666666658 0.22599999999999995 0.14033333333333334 0.14766666666666672 0.23933333333333334 0.26866666666666666 0.3545 0.2223333333333333 0.6271666666666667 0.3781666666666667 
0.31349999999999995 0.6016666666666667 0.37799999999999995 0.3588333333333334 0.4036666666666667 0.48433333333333317 0.5353333333333334 0.5945000000000001 0.63 1.0 0.6038333333333333 0.6268333333333335 0.6313333333333335 0.586 0.4281666666666667 0.43066666666666653 0.018166666666666668 0.234 0.5805000000000001 0.5504999999999999 0.3838333333333333 0.355 0.35833333333333334 0.3423333333333333 0.355 0.35383333333333333 0.3856666666666667 0.42316666666666686 0.019000000000000003 0.03266666666666667 0.021333333333333333 0.020833333333333336 0.6104999999999998 0.6004999999999998 0.5778333333333332 0.48666666666666664 0.11483333333333333 0.5301666666666667 0.11049999999999999 0.17566666666666667 0.08666666666666666 0.3441666666666666 0.1548333333333333 0.04849999999999999 0.07333333333333332 0.34166666666666656 0.11000000000000004 0.17533333333333334 0.33233333333333326 0.38283333333333336 0.35850000000000004 0.024500000000000008 0.27733333333333343 0.09649999999999999 0.22749999999999995 0.23883333333333337 0.595 0.5878333333333332 0.6138333333333332 0.5646666666666667 0.6336666666666668 0.6335000000000001 0.6316666666666668 0.6283333333333335 0.5859999999999999 0.7063333333333334 0.5541666666666667 0.5016666666666666 0.43066666666666686 0.5665 0.5585 0.4036666666666667 0.145 0.2601666666666667 0.7408333333333331 0.3623333333333334 0.4111666666666666 0.442 0.020999999999999998 0.020500000000000004 0.0185 0.017666666666666667 0.10166666666666663 0.11066666666666668 0.021166666666666667 0.10616666666666667 0.30399999999999994 0.1728333333333333 0.6788333333333334 0.32216666666666655 
0.5843333333333335 0.9660000000000004 0.024333333333333335 0.05733333333333332 0.04516666666666667 0.12066666666666666 0.6753333333333335 0.9306666666666668 0.25866666666666666 0.6038333333333333 1.0 0.9610000000000002 0.9670000000000004 0.9129999999999999 0.076 0.12533333333333332 0.012500000000000002 0.42633333333333334 0.9388333333333336 0.9193333333333337 0.029666666666666668 0.001 0.0031666666666666666 0.0011666666666666668 0.0008333333333333333 0.0008333333333333333 0.02966666666666667 0.06683333333333334 0.012833333333333337 0.012000000000000002 0.011500000000000002 0.011000000000000001 0.9455 0.9358333333333335 0.21316666666666667 0.12999999999999998 0.029833333333333337 0.3786666666666668 0.028999999999999998 0.021333333333333333 0.030000000000000006 0.07700000000000001 0.1681666666666667 0.1435 0.07483333333333332 0.573 0.027999999999999997 0.2925 0.3698333333333334 0.6325 0.269 0.011500000000000002 0.05966666666666667 0.3411666666666667 0.054000000000000006 0.0991666666666667 0.9595000000000001 0.9523333333333336 0.9743333333333336 0.9253333333333336 0.969666666666667 0.9685000000000004 0.9680000000000005 0.9638333333333337 0.22000000000000003 0.4001666666666668 0.4495 0.5115000000000001 0.7988333333333338 0.9271666666666668 0.21966666666666662 0.23416666666666672 0.14449999999999996 0.47383333333333316 0.81 0.73 0.7803333333333335 0.8095 0.012166666666666668 0.011833333333333336 0.011833333333333336 0.011666666666666667 0.028333333333333332 0.028166666666666663 0.011500000000000002 0.011166666666666668 0.10283333333333335 0.02083333333333333 0.5773333333333334 0.20249999999999996 
0.5693333333333335 0.9576666666666671 0.030166666666666675 0.05099999999999999 0.044333333333333357 0.12266666666666669 0.685 0.9643333333333339 0.26450000000000007 0.6268333333333335 0.9610000000000002 1.0 0.9935000000000003 0.9508333333333338 0.06466666666666665 0.136 0.007833333333333333 0.4155 0.9365000000000002 0.9063333333333334 0.028166666666666677 0.006166666666666666 0.009 0.006666666666666666 0.006666666666666666 0.005833333333333333 0.029166666666666678 0.06116666666666666 0.008333333333333333 0.007833333333333333 0.005833333333333333 0.005833333333333333 0.9815 0.9705000000000004 0.22966666666666669 0.14266666666666666 0.00016666666666666666 0.3778333333333334 0.0 0.0 0.0003333333333333333 0.05750000000000002 0.15450000000000003 0.11416666666666661 0.0686666666666667 0.5903333333333332 0.00016666666666666666 0.2646666666666667 0.38666666666666677 0.650666666666667 0.28583333333333344 0.005833333333333333 0.049333333333333326 0.31349999999999995 0.027999999999999997 0.07250000000000001 0.9513333333333336 0.9435000000000002 0.9711666666666668 0.9201666666666667 0.991166666666667 0.9910000000000003 0.9890000000000002 0.9943333333333335 0.2361666666666666 0.4275 0.46399999999999986 0.5231666666666668 0.7844999999999999 0.922 0.20750000000000005 0.22100000000000006 0.14716666666666664 0.46766666666666673 0.8320000000000001 0.7238333333333331 0.7653333333333332 0.7959999999999998 0.007333333333333333 0.008 0.006999999999999999 0.006999999999999999 0.0 0.0 0.005833333333333333 0.005833333333333333 0.07583333333333336 0.0003333333333333333 0.5916666666666667 0.175 
0.5746666666666669 0.9635000000000002 0.025333333333333336 0.04633333333333334 0.04633333333333333 0.12750000000000003 0.6911666666666666 0.9601666666666673 0.2703333333333334 0.6313333333333335 0.9670000000000004 0.9935000000000003 1.0 0.9450000000000004 0.06966666666666667 0.13049999999999998 0.002833333333333333 0.41699999999999987 0.941666666666667 0.912166666666667 0.029166666666666678 0.001 0.003833333333333333 0.0015 0.0015 0.0006666666666666666 0.030500000000000006 0.06600000000000002 0.0031666666666666666 0.0025 0.001 0.001 0.9773333333333335 0.9660000000000004 0.2243333333333333 0.13733333333333334 0.0006666666666666666 0.3826666666666667 0.0 0.0005 0.001 0.05766666666666669 0.15200000000000005 0.11466666666666661 0.06416666666666666 0.5853333333333333 0.0005 0.2703333333333334 0.3821666666666667 0.6451666666666667 0.2813333333333333 0.001 0.05449999999999999 0.3188333333333333 0.0325 0.07816666666666668 0.9570000000000003 0.9488333333333334 0.9770000000000003 0.9258333333333336 0.9963333333333334 0.9955000000000002 0.9943333333333335 0.9945 0.23166666666666663 0.4216666666666667 0.4594999999999999 0.5176666666666666 0.7898333333333335 0.9276666666666666 0.21333333333333335 0.21866666666666665 0.14416666666666664 0.46733333333333343 0.8366666666666666 0.723333333333333 0.7708333333333331 0.8013333333333331 0.0023333333333333335 0.0026666666666666666 0.002 0.0021666666666666666 0.0 0.00016666666666666666 0.001 0.0006666666666666666 0.08116666666666669 0.0008333333333333333 0.5973333333333333 0.1808333333333333 
0.5236666666666667 0.9096666666666665 0.07816666666666663 0.09366666666666665 0.04050000000000001 0.08466666666666665 0.6413333333333333 0.9681666666666671 0.22433333333333338 0.586 0.9129999999999999 0.9508333333333338 0.9450000000000004 1.0 0.044499999999999984 0.18233333333333338 0.05149999999999998 0.3801666666666667 0.8881666666666663 0.8588333333333331 0.041999999999999996 0.05333333333333332 0.05649999999999999 0.05366666666666666 0.054333333333333324 0.053166666666666654 0.04383333333333332 0.030999999999999996 0.05183333333333333 0.05216666666666666 0.05083333333333333 0.05083333333333333 0.9660000000000004 0.9740000000000003 0.2763333333333333 0.1886666666666668 0.0 0.3364999999999999 0.0 0.0 0.0 0.05766666666666669 0.1745 0.11099999999999995 0.11400000000000002 0.6315000000000002 0.0 0.22016666666666662 0.4316666666666667 0.6951666666666667 0.3331666666666668 0.05083333333333333 0.017000000000000005 0.2951666666666667 0.006666666666666666 0.031166666666666676 0.9035000000000001 0.8955000000000001 0.9228333333333336 0.8728333333333333 0.9431666666666669 0.9435000000000002 0.9410000000000004 0.9483333333333336 0.2841666666666665 0.4724999999999999 0.5093333333333334 0.5636666666666666 0.7375000000000003 0.8743333333333332 0.16699999999999995 0.2451666666666667 0.1715 0.46616666666666673 0.7899999999999996 0.7199999999999998 0.7226666666666668 0.7511666666666664 0.05133333333333333 0.051833333333333315 0.05099999999999999 0.05033333333333332 0.0 0.0 0.05083333333333333 0.04983333333333331 0.040999999999999995 0.0 0.5483333333333331 0.1306666666666667 
0.14433333333333334 0.06449999999999999 0.6458333333333335 0.386 0.6920000000000001 0.6796666666666669 0.23033333333333336 0.03933333333333334 0.6941666666666667 0.4281666666666667 0.076 0.06466666666666665 0.06966666666666667 0.044499999999999984 1.0 0.6758333333333334 0.5020000000000001 0.35883333333333334 0.06333333333333332 0.061166666666666654 0.722833333333333 0.6939999999999997 0.6491666666666669 0.6216666666666668 0.6445000000000002 0.6763333333333335 0.6976666666666667 0.7108333333333335 0.4903333333333334 0.5096666666666665 0.5121666666666668 0.5038333333333332 0.05033333333333332 0.040333333333333325 0.48583333333333334 0.4883333333333335 0.3679999999999999 0.5048333333333335 0.3641666666666666 0.37866666666666665 0.3404999999999998 0.4255 0.3226666666666666 0.28766666666666657 0.47199999999999986 0.24966666666666673 0.3514999999999999 0.30333333333333345 0.25633333333333325 0.29533333333333334 0.38999999999999985 0.5113333333333333 0.5476666666666666 0.19200000000000003 0.3231666666666665 0.3795 0.06333333333333332 0.06416666666666665 0.06516666666666665 0.07300000000000001 0.06749999999999999 0.06666666666666667 0.06899999999999999 0.06649999999999998 0.6275000000000002 0.41783333333333317 0.4130000000000001 0.3506666666666667 0.05933333333333332 0.06833333333333334 0.7038333333333333 0.457 0.22033333333333333 0.11899999999999998 0.18666666666666668 0.008666666666666666 0.05366666666666666 0.05699999999999998 0.5119999999999998 0.4880000000000001 0.5056666666666666 0.5021666666666668 0.3493333333333333 0.3509999999999999 0.5123333333333334 0.5171666666666664 0.37083333333333335 0.2918333333333334 0.37549999999999994 0.4095 
0.19549999999999992 0.13016666666666665 0.6673333333333333 0.4433333333333333 0.6288333333333334 0.6284999999999998 0.27066666666666667 0.1655 0.6251666666666665 0.43066666666666653 0.12533333333333332 0.136 0.13049999999999998 0.18233333333333338 0.6758333333333334 1.0 0.4766666666666666 0.26066666666666666 0.13 0.13016666666666665 0.6741666666666666 0.7049999999999998 0.671 0.6841666666666665 0.6718333333333334 0.6883333333333331 0.6501666666666668 0.6045000000000001 0.4829999999999999 0.5045000000000001 0.4868333333333334 0.48583333333333334 0.15250000000000002 0.16333333333333333 0.5446666666666665 0.5211666666666666 0.3001666666666667 0.31349999999999995 0.30150000000000005 0.36183333333333345 0.2711666666666666 0.42566666666666675 0.29900000000000004 0.17 0.4734999999999999 0.42450000000000004 0.2933333333333334 0.18483333333333327 0.503 0.4485000000000002 0.5088333333333331 0.5028333333333334 0.5475000000000001 0.177 0.33333333333333337 0.31216666666666665 0.13016666666666665 0.13016666666666665 0.13016666666666665 0.14583333333333334 0.13016666666666665 0.13083333333333333 0.12916666666666665 0.13366666666666668 0.7090000000000001 0.5518333333333334 0.5068333333333332 0.4646666666666669 0.12999999999999998 0.12966666666666668 0.4768333333333334 0.37799999999999995 0.3339999999999999 0.22933333333333328 0.25999999999999995 0.1323333333333333 0.13183333333333333 0.13016666666666668 0.48533333333333323 0.4836666666666666 0.4818333333333333 0.48166666666666663 0.29216666666666663 0.2986666666666666 0.48816666666666675 0.5334999999999998 0.3951666666666667 0.3396666666666666 0.39166666666666666 0.36616666666666686 
0.19266666666666662 0.001 0.29 0.09550000000000003 0.25616666666666665 0.22366666666666662 0.045 0.03416666666666667 0.2285 0.018166666666666668 0.012500000000000002 0.007833333333333333 0.002833333333333333 0.05149999999999998 0.5020000000000001 0.4766666666666666 1.0 0.5505 0.00016666666666666666 0.0003333333333333333 0.34366666666666673 0.36683333333333323 0.2966666666666666 0.3151666666666666 0.31266666666666665 0.3509999999999999 0.31400000000000006 0.2686666666666666 0.9655000000000001 0.9368333333333332 0.9713333333333335 0.9651666666666671 0.023333333333333334 0.03233333333333333 0.134 0.15316666666666667 0.5475000000000001 0.2365 0.5589999999999999 0.41583333333333344 0.581 0.13716666666666663 0.29416666666666663 0.5046666666666667 0.8861666666666665 0.38433333333333336 0.5404999999999999 0.2871666666666665 0.594333333333333 0.2806666666666666 0.5269999999999999 0.9526666666666668 0.4003333333333336 0.12916666666666665 0.2621666666666666 0.3466666666666666 0.0011666666666666668 0.0013333333333333333 0.0015000000000000002 0.014333333333333335 0.0006666666666666666 0.0008333333333333333 0.0026666666666666666 0.006666666666666666 0.2671666666666666 0.12450000000000001 0.18116666666666667 0.19150000000000003 0.0026666666666666666 0.0036666666666666666 0.31916666666666665 0.4998333333333334 0.6236666666666667 0.2720000000000001 0.049166666666666664 0.004999999999999999 0.003833333333333333 0.0013333333333333333 0.983166666666667 0.9626666666666671 0.9840000000000002 0.9818333333333336 0.5623333333333331 0.5405 0.9680000000000003 0.7815000000000002 0.19199999999999995 0.31800000000000006 0.042166666666666665 0.10766666666666667 
0.23916666666666664 0.4241666666666665 0.18499999999999994 0.06249999999999999 0.21866666666666665 0.2323333333333333 0.2553333333333334 0.3906666666666668 0.22750000000000006 0.234 0.42633333333333334 0.4155 0.41699999999999987 0.3801666666666667 0.35883333333333334 0.26066666666666666 0.5505 1.0 0.41766666666666663 0.42849999999999994 0.243 0.2183333333333333 0.18699999999999992 0.18783333333333332 0.2008333333333333 0.22016666666666665 0.23883333333333334 0.25433333333333336 0.5360000000000001 0.5128333333333334 0.5326666666666668 0.5283333333333333 0.4001666666666667 0.38933333333333336 0.08200000000000003 0.09266666666666666 0.2553333333333334 0.15316666666666667 0.2636666666666666 0.1258333333333333 0.2883333333333333 0.09283333333333334 0.29166666666666663 0.4251666666666665 0.5608333333333333 0.6253333333333334 0.24833333333333335 0.24866666666666665 0.483 0.48233333333333334 0.4039999999999999 0.5250000000000001 0.25133333333333335 0.2735 0.11083333333333328 0.16099999999999995 0.4238333333333333 0.4313333333333332 0.4163333333333333 0.4378333333333334 0.4141666666666666 0.4143333333333333 0.4163333333333333 0.419 0.24066666666666664 0.12500000000000003 0.3525000000000001 0.4650000000000001 0.43766666666666654 0.4323333333333333 0.2778333333333333 0.21283333333333335 0.3041666666666667 0.1273333333333333 0.26633333333333326 0.38350000000000006 0.4328333333333332 0.42933333333333323 0.5420000000000001 0.5318333333333334 0.5448333333333334 0.5436666666666669 0.2691666666666666 0.2515 0.5328333333333334 0.38366666666666677 0.12666666666666665 0.08716666666666667 0.27599999999999997 0.22866666666666657 
0.6320000000000001 0.9548333333333335 0.023666666666666673 0.09516666666666668 0.045 0.12650000000000003 0.6935000000000001 0.9134999999999998 0.2566666666666667 0.5805000000000001 0.9388333333333336 0.9365000000000002 0.941666666666667 0.8881666666666663 0.06333333333333332 0.13 0.00016666666666666666 0.41766666666666663 1.0 0.9545000000000003 0.02900000000000001 0.0 0.0033333333333333335 0.0018333333333333335 0.001 0.0 0.029500000000000005 0.06416666666666666 0.0 0.0 0.0 0.0 0.9203333333333334 0.9106666666666663 0.18899999999999997 0.12200000000000003 0.05549999999999998 0.349 0.054499999999999986 0.05533333333333332 0.05549999999999998 0.1105 0.2025 0.17 0.06283333333333334 0.5841666666666666 0.05533333333333332 0.3276666666666666 0.38033333333333347 0.6438333333333334 0.27916666666666673 0.0 0.05966666666666669 0.37616666666666654 0.08966666666666667 0.13516666666666668 0.9476666666666668 0.9478333333333333 0.9540000000000001 0.9553333333333336 0.944666666666667 0.9440000000000004 0.9423333333333338 0.9385000000000002 0.22299999999999995 0.38533333333333347 0.43716666666666676 0.5006666666666667 0.8475000000000005 0.9526666666666671 0.21166666666666667 0.2033333333333333 0.18583333333333332 0.5178333333333333 0.7856666666666666 0.7766666666666667 0.8275000000000001 0.8543333333333336 0.0 0.0 0.0 0.0 0.054166666666666655 0.05433333333333332 0.00016666666666666666 0.004666666666666666 0.1381666666666667 0.056166666666666656 0.5691666666666668 0.23766666666666666 
0.6588333333333333 0.9460000000000002 0.02383333333333334 0.12383333333333331 0.04366666666666668 0.12450000000000001 0.6721666666666666 0.8828333333333329 0.24666666666666667 0.5504999999999999 0.9193333333333337 0.9063333333333334 0.912166666666667 0.8588333333333331 0.061166666666666654 0.13016666666666665 0.0003333333333333333 0.42849999999999994 0.9545000000000003 1.0 0.0275 0.0 0.0031666666666666666 0.0023333333333333335 0.0008333333333333333 0.0 0.027833333333333335 0.06183333333333334 0.0005 0.0 0.0 0.0 0.8910000000000001 0.8811666666666664 0.16400000000000003 0.10116666666666667 0.08566666666666667 0.3201666666666666 0.08466666666666667 0.08549999999999999 0.08566666666666667 0.1406666666666667 0.22999999999999995 0.20016666666666671 0.06316666666666668 0.5846666666666666 0.08549999999999999 0.35516666666666663 0.38100000000000006 0.6441666666666667 0.2798333333333333 0.0 0.059666666666666666 0.40600000000000014 0.11983333333333336 0.16233333333333333 0.9468333333333337 0.9493333333333334 0.9295000000000004 0.9373333333333336 0.9148333333333336 0.9135000000000004 0.9121666666666671 0.9083333333333334 0.21133333333333332 0.36249999999999993 0.4136666666666666 0.4843333333333333 0.8739999999999999 0.9415000000000003 0.1855 0.18266666666666673 0.21483333333333327 0.55 0.7560000000000001 0.8074999999999999 0.8576666666666665 0.8821666666666667 0.0 0.0003333333333333333 0.0003333333333333333 0.0003333333333333333 0.08449999999999999 0.08483333333333333 0.00016666666666666666 0.010333333333333337 0.1656666666666667 0.08633333333333333 0.5385000000000002 0.2633333333333333 
0.06066666666666665 0.02900000000000001 0.838833333333333 0.6151666666666668 0.8820000000000003 0.8251666666666665 0.20766666666666667 0.024666666666666663 0.6381666666666667 0.3838333333333333 0.029666666666666668 0.028166666666666677 0.029166666666666678 0.041999999999999996 0.722833333333333 0.6741666666666666 0.34366666666666673 0.243 0.02900000000000001 0.0275 1.0 0.9481666666666669 0.8668333333333331 0.8614999999999999 0.8901666666666663 0.9306666666666666 0.9491666666666668 0.9038333333333332 0.36816666666666653 0.4018333333333334 0.35833333333333345 0.3581666666666667 0.02383333333333333 0.026666666666666675 0.6430000000000001 0.7190000000000003 0.22749999999999995 0.4911666666666668 0.22566666666666663 0.3641666666666667 0.19566666666666666 0.6051666666666666 0.3998333333333333 0.166 0.33033333333333337 0.2768333333333334 0.23883333333333337 0.3314999999999999 0.2801666666666667 0.32233333333333336 0.42133333333333334 0.3813333333333333 0.7491666666666664 0.3686666666666667 0.5144999999999998 0.43116666666666653 0.02816666666666667 0.028500000000000004 0.02933333333333334 0.04433333333333333 0.03000000000000001 0.030500000000000006 0.030500000000000013 0.02766666666666667 0.6585 0.4893333333333334 0.44183333333333324 0.4154999999999999 0.029166666666666674 0.03600000000000002 0.5171666666666667 0.26783333333333337 0.09983333333333334 0.03233333333333333 0.14883333333333332 0.0 0.025666666666666664 0.027500000000000004 0.35416666666666663 0.3756666666666667 0.3511666666666667 0.3504999999999999 0.22533333333333339 0.2411666666666666 0.36316666666666664 0.44766666666666666 0.5773333333333333 0.44733333333333325 0.3481666666666667 0.5734999999999999 
0.0305 0.0 0.8741666666666665 0.6495000000000002 0.8594999999999999 0.8021666666666666 0.17933333333333334 0.03533333333333335 0.6128333333333333 0.355 0.001 0.006166666666666666 0.001 0.05333333333333332 0.6939999999999997 0.7049999999999998 0.36683333333333323 0.2183333333333333 0.0 0.0 0.9481666666666669 1.0 0.9035 0.899166666666667 0.9238333333333335 0.9651666666666666 0.9246666666666665 0.8765 0.391 0.42533333333333323 0.3848333333333334 0.3851666666666667 0.022666666666666665 0.03333333333333334 0.6798333333333336 0.7558333333333335 0.22400000000000003 0.45649999999999996 0.22216666666666668 0.36199999999999993 0.19116666666666662 0.6068333333333336 0.41233333333333333 0.15933333333333333 0.3586666666666666 0.30666666666666675 0.234 0.29733333333333334 0.3108333333333333 0.3521666666666667 0.4498333333333334 0.406 0.7255000000000003 0.3441666666666666 0.49349999999999994 0.39966666666666667 0.0 0.0 0.0003333333333333333 0.01616666666666667 0.0003333333333333333 0.001 0.0005 0.003833333333333333 0.6923333333333332 0.5246666666666666 0.4735000000000001 0.45050000000000007 0.0013333333333333335 0.006166666666666667 0.48833333333333323 0.2883333333333333 0.12416666666666668 0.03133333333333333 0.1188333333333333 0.0011666666666666668 0.0003333333333333333 0.00016666666666666666 0.37849999999999995 0.3988333333333333 0.3755000000000001 0.37366666666666665 0.22116666666666662 0.2371666666666667 0.38750000000000007 0.4739999999999999 0.5505000000000001 0.44600000000000006 0.32249999999999995 0.5443333333333333 
0.0034999999999999996 0.0031666666666666666 0.9626666666666667 0.7040000000000002 0.9485000000000003 0.8616666666666666 0.20049999999999998 0.03850000000000002 0.6511666666666666 0.35833333333333334 0.0031666666666666666 0.009 0.003833333333333333 0.05649999999999999 0.6491666666666669 0.671 0.2966666666666666 0.18699999999999992 0.0033333333333333335 0.0031666666666666666 0.8668333333333331 0.9035 1.0 0.9468333333333336 0.9728333333333335 0.9275000000000001 0.9000000000000002 0.8766666666666668 0.30683333333333346 0.34066666666666684 0.32050000000000006 0.32550000000000007 0.02550000000000001 0.036333333333333336 0.7651666666666667 0.8198333333333336 0.13866666666666663 0.3685 0.13633333333333336 0.2731666666666665 0.10566666666666669 0.5216666666666668 0.32966666666666666 0.07233333333333332 0.32866666666666666 0.3116666666666667 0.1466666666666667 0.20900000000000005 0.31483333333333335 0.35666666666666663 0.4658333333333334 0.3248333333333334 0.7484999999999999 0.26049999999999995 0.41700000000000026 0.30950000000000005 0.0031666666666666666 0.0031666666666666666 0.0031666666666666666 0.020000000000000004 0.0031666666666666666 0.0041666666666666675 0.0031666666666666666 0.007000000000000001 0.7414999999999999 0.5764999999999998 0.5176666666666668 0.4795000000000001 0.004666666666666667 0.013333333333333338 0.46666666666666656 0.26116666666666666 0.08933333333333332 0.004333333333333333 0.12249999999999998 0.004166666666666667 0.0033333333333333335 0.0033333333333333335 0.30983333333333335 0.3146666666666667 0.30233333333333334 0.29783333333333334 0.13399999999999998 0.14883333333333332 0.31683333333333347 0.3861666666666666 0.4704999999999999 0.3605 0.368 0.46116666666666667 
0.015 0.001 0.915 0.7076666666666668 0.9015000000000001 0.8271666666666668 0.18599999999999997 0.03633333333333335 0.6123333333333335 0.3423333333333333 0.0011666666666666668 0.006666666666666666 0.0015 0.05366666666666666 0.6216666666666668 0.6841666666666665 0.3151666666666666 0.18783333333333332 0.0018333333333333335 0.0023333333333333335 0.8614999999999999 0.899166666666667 0.9468333333333336 1.0 0.9538333333333336 0.9191666666666669 0.8926666666666666 0.8605000000000002 0.331 0.3643333333333333 0.33466666666666656 0.33866666666666667 0.02316666666666667 0.034 0.7298333333333333 0.8126666666666664 0.17899999999999994 0.3743333333333333 0.1783333333333333 0.3176666666666666 0.14566666666666667 0.5551666666666667 0.3593333333333332 0.09949999999999999 0.33649999999999997 0.29616666666666674 0.1885 0.2383333333333334 0.3178333333333333 0.3388333333333334 0.43833333333333335 0.3468333333333333 0.7541666666666668 0.2906666666666667 0.4561666666666666 0.3503333333333334 0.001 0.0011666666666666668 0.0013333333333333333 0.018833333333333337 0.0008333333333333333 0.0018333333333333333 0.0008333333333333333 0.004666666666666667 0.7023333333333335 0.5533333333333333 0.49083333333333334 0.4675000000000001 0.009666666666666667 0.01216666666666667 0.44833333333333336 0.2590000000000001 0.11733333333333329 0.018333333333333333 0.11433333333333334 0.009333333333333334 0.008833333333333334 0.008166666666666668 0.32766666666666666 0.3391666666666666 0.31950000000000006 0.32033333333333336 0.17683333333333334 0.19283333333333327 0.33333333333333326 0.4311666666666666 0.513 0.40550000000000014 0.3446666666666666 0.4896666666666667 
