1.0 0.6093333333333332 0.2498333333333333 0.2870000000000001 0.2623333333333333 0.3439999999999999 0.14300000000000002 0.2256666666666667 0.1996666666666667 0.24983333333333335 0.2746666666666667 0.41000000000000014 0.2145 0.39549999999999996 0.3845 0.2546666666666666 0.7938333333333333 0.5646666666666668 0.08583333333333334 0.45949999999999996 0.5806666666666667 0.512 0.24999999999999997 0.24933333333333327 0.3391666666666667 0.40883333333333327 0.24999999999999997 0.26183333333333336 0.6953333333333331 0.6995000000000001 0.3376666666666665 0.3483333333333333 0.6775000000000001 0.6773333333333335 0.2856666666666668 0.2880000000000001 0.4623333333333333 0.3238333333333335 0.5621666666666667 0.5395 0.4823333333333333 0.4021666666666667 0.18799999999999997 0.20366666666666666 0.20766666666666667 0.19766666666666668 0.23400000000000007 0.2358333333333333 0.25816666666666666 0.14800000000000002 0.4953333333333332 0.24100000000000005 0.4390000000000001 0.07650000000000003 0.33699999999999997 0.30683333333333346 0.8793333333333334 0.7273333333333335 0.7183333333333334 0.6733333333333333 0.6888333333333335 0.6738333333333335 0.6885000000000002 0.6805000000000001 0.22549999999999998 0.20866666666666667 0.37266666666666665 0.19366666666666668 0.5638333333333333 0.5136666666666666 0.013000000000000006 0.18600000000000003 0.3958333333333334 0.486 0.3653333333333333 0.41416666666666674 0.5088333333333332 0.3985000000000001 0.5788333333333332 0.4858333333333333 0.7083333333333335 0.7193333333333333 0.7679999999999998 0.49616666666666664 0.25750000000000006 0.25049999999999994 0.3025 0.24966666666666662 0.11633333333333334 0.214 
0.6093333333333332 1.0 0.465 0.5025000000000001 0.41700000000000004 0.326 0.16933333333333334 0.019500000000000003 0.022000000000000002 0.025 0.09383333333333332 0.25066666666666665 0.02183333333333333 0.1928333333333333 0.2968333333333334 0.09883333333333334 0.7133333333333333 0.47550000000000003 0.42599999999999993 0.5883333333333333 0.27349999999999997 0.185 0.4668333333333333 0.4724999999999999 0.32049999999999995 0.2836666666666667 0.46549999999999997 0.39416666666666667 0.45366666666666666 0.4633333333333335 0.32250000000000006 0.3123333333333333 0.43749999999999994 0.4351666666666666 0.5019999999999998 0.49833333333333313 0.5561666666666667 0.5638333333333333 0.4956666666666664 0.7343333333333334 0.42016666666666663 0.5419999999999998 0.48566666666666664 0.5011666666666668 0.4953333333333334 0.4860000000000001 0.5371666666666666 0.5376666666666668 0.3728333333333334 0.26100000000000007 0.3616666666666668 0.03716666666666667 0.718 0.37583333333333335 0.5743333333333334 0.541333333333333 0.6373333333333333 0.5164999999999998 0.47699999999999987 0.4323333333333332 0.4641666666666667 0.45733333333333337 0.46000000000000013 0.46266666666666667 0.02583333333333334 0.022333333333333337 0.4463333333333333 0.3216666666666667 0.5608333333333332 0.6008333333333336 0.28800000000000003 0.4868333333333333 0.45066666666666655 0.5194999999999999 0.3951666666666666 0.5044999999999998 0.4303333333333334 0.5233333333333333 0.5133333333333332 0.5303333333333333 0.46599999999999997 0.47550000000000003 0.6283333333333333 0.6426666666666666 0.4414999999999999 0.4168333333333333 0.3885 0.4696666666666666 0.3156666666666667 0.13083333333333333 
0.2498333333333333 0.465 1.0 0.9513333333333338 0.9238333333333333 0.8089999999999997 0.6115 0.36883333333333335 0.3406666666666666 0.33616666666666667 0.46633333333333327 0.17583333333333326 0.34633333333333327 0.1685 0.7800000000000001 0.3600000000000001 0.3351666666666666 0.016666666666666666 0.6258333333333332 0.12400000000000003 0.6489999999999999 0.6081666666666665 0.9888333333333336 0.9855000000000003 0.7904999999999999 0.7901666666666667 0.974666666666667 0.9005000000000003 0.0 0.0 0.8301666666666668 0.8033333333333332 0.0034999999999999996 0.0034999999999999996 0.9326666666666666 0.9218333333333334 0.08899999999999998 0.22266666666666665 0.36983333333333335 0.38383333333333325 0.09383333333333332 0.691833333333333 0.2938333333333334 0.2773333333333333 0.2675 0.27033333333333326 0.28150000000000014 0.29433333333333334 0.16833333333333336 0.27149999999999996 0.028999999999999998 0.21716666666666665 0.23399999999999999 0.42099999999999993 0.195 0.19366666666666668 0.15533333333333332 0.018166666666666668 0.0003333333333333333 0.010000000000000002 0.0 0.00016666666666666666 0.0 0.002833333333333333 0.3681666666666667 0.3398333333333333 0.7605000000000001 0.4556666666666667 0.14116666666666663 0.15533333333333338 0.6601666666666663 0.3315000000000001 0.7035000000000001 0.14550000000000002 0.7169999999999999 0.16683333333333342 0.25033333333333324 0.19249999999999998 0.04300000000000001 0.07633333333333332 0.0 0.0 0.25200000000000006 0.16449999999999998 0.9343333333333332 0.9381666666666665 0.8979999999999997 0.9781666666666667 0.44683333333333325 0.29950000000000004 
0.2870000000000001 0.5025000000000001 0.9513333333333338 1.0 0.8818333333333331 0.7685 0.5713333333333334 0.32899999999999996 0.30133333333333345 0.2981666666666668 0.4273333333333334 0.1363333333333334 0.3070000000000001 0.12933333333333333 0.7400000000000001 0.3208333333333333 0.35350000000000004 0.03583333333333334 0.6588333333333334 0.16266666666666668 0.6103333333333333 0.5686666666666667 0.9468333333333335 0.9441666666666672 0.7471666666666665 0.7490000000000001 0.9323333333333333 0.8591666666666663 0.0175 0.02083333333333333 0.7884999999999998 0.7625000000000002 0.023333333333333338 0.022666666666666672 0.9570000000000003 0.9488333333333335 0.12466666666666669 0.25683333333333336 0.4056666666666666 0.41933333333333317 0.11083333333333334 0.697333333333333 0.31849999999999995 0.30933333333333335 0.29916666666666664 0.30199999999999994 0.3141666666666666 0.33016666666666666 0.18749999999999997 0.23483333333333334 0.05033333333333334 0.17733333333333334 0.2735000000000001 0.38500000000000023 0.231 0.22899999999999995 0.1911666666666667 0.055666666666666656 0.03400000000000001 0.037666666666666675 0.019666666666666666 0.018166666666666664 0.01883333333333333 0.023666666666666673 0.3286666666666667 0.3003333333333334 0.7893333333333333 0.4859999999999998 0.17716666666666664 0.19200000000000003 0.6238333333333334 0.364 0.7353333333333332 0.17833333333333332 0.7463333333333334 0.20066666666666655 0.2858333333333334 0.22733333333333328 0.07683333333333334 0.09733333333333336 0.018166666666666664 0.030833333333333338 0.27766666666666673 0.1826666666666666 0.9215000000000001 0.9003333333333334 0.858 0.9375000000000004 0.4835000000000001 0.26 
0.2623333333333333 0.41700000000000004 0.9238333333333333 0.8818333333333331 1.0 0.865 0.5678333333333333 0.3845 0.3653333333333333 0.3523333333333333 0.48833333333333345 0.1945 0.37 0.18416666666666665 0.8376666666666669 0.3880000000000001 0.37800000000000017 0.0295 0.5829999999999999 0.08116666666666665 0.664 0.6305000000000001 0.9273333333333333 0.9313333333333333 0.8355000000000002 0.8313333333333334 0.9435000000000002 0.9533333333333336 0.015333333333333334 0.014166666666666668 0.8738333333333334 0.8448333333333333 0.0185 0.017666666666666667 0.8938333333333336 0.8996666666666668 0.059833333333333336 0.15216666666666667 0.3636666666666668 0.32066666666666654 0.08933333333333333 0.7426666666666668 0.2756666666666667 0.26266666666666666 0.26966666666666667 0.27166666666666667 0.25833333333333336 0.2296666666666667 0.2111666666666667 0.3139999999999999 0.042666666666666665 0.2323333333333333 0.165 0.3665 0.12516666666666668 0.12399999999999999 0.16949999999999998 0.029666666666666664 0.014666666666666668 0.02383333333333333 0.013666666666666666 0.013999999999999999 0.014333333333333332 0.017166666666666667 0.391 0.36050000000000004 0.7090000000000001 0.4096666666666667 0.11300000000000003 0.1185 0.5911666666666666 0.2690000000000001 0.6339999999999999 0.10633333333333336 0.6531666666666667 0.11683333333333336 0.24883333333333332 0.172 0.06649999999999998 0.046 0.014499999999999999 0.014499999999999999 0.28650000000000003 0.19516666666666665 0.8714999999999999 0.8746666666666667 0.9116666666666664 0.9383333333333332 0.3783333333333332 0.3115000000000001 
0.3439999999999999 0.326 0.8089999999999997 0.7685 0.865 1.0 0.5203333333333334 0.461 0.4236666666666667 0.4321666666666667 0.5253333333333332 0.256 0.42900000000000005 0.25999999999999984 0.9289999999999999 0.49816666666666665 0.4706666666666666 0.07033333333333332 0.49449999999999983 0.03233333333333334 0.7396666666666666 0.7146666666666666 0.8121666666666664 0.8175 0.8843333333333334 0.9038333333333332 0.8258333333333333 0.8888333333333336 0.09783333333333333 0.09816666666666667 0.9258333333333333 0.9445000000000001 0.10433333333333335 0.10333333333333336 0.7771666666666666 0.7824999999999999 0.019666666666666666 0.04966666666666666 0.3283333333333333 0.22016666666666665 0.09416666666666672 0.6658333333333333 0.1851666666666667 0.17233333333333337 0.18233333333333335 0.185 0.16599999999999998 0.14166666666666664 0.25716666666666677 0.36400000000000005 0.12533333333333332 0.3020000000000001 0.068 0.27033333333333326 0.03016666666666667 0.0295 0.2545 0.11466666666666665 0.0995 0.10916666666666668 0.09583333333333334 0.09733333333333333 0.098 0.09966666666666668 0.4536666666666666 0.4241666666666666 0.5996666666666668 0.31116666666666665 0.1158333333333333 0.03783333333333334 0.4875 0.17916666666666664 0.5395 0.046 0.5608333333333334 0.032499999999999994 0.2688333333333332 0.14066666666666663 0.09700000000000002 0.038333333333333344 0.09916666666666668 0.09850000000000002 0.3623333333333333 0.24416666666666675 0.755 0.7581666666666668 0.8208333333333333 0.8226666666666667 0.28366666666666673 0.3270000000000001 
0.14300000000000002 0.16933333333333334 0.6115 0.5713333333333334 0.5678333333333333 0.5203333333333334 1.0 0.6695 0.654 0.5866666666666664 0.7198333333333333 0.45499999999999985 0.6331666666666669 0.44916666666666655 0.5150000000000001 0.4740000000000002 0.07816666666666666 0.2368333333333334 0.5586666666666666 0.33799999999999997 0.4835000000000001 0.4668333333333334 0.6103333333333335 0.6093333333333334 0.4759999999999998 0.503 0.6053333333333333 0.5471666666666666 0.1075 0.12983333333333336 0.5216666666666665 0.5165000000000001 0.1065 0.11600000000000002 0.5609999999999999 0.5551666666666666 0.2828333333333334 0.2901666666666667 0.3744999999999999 0.2305 0.3475 0.33649999999999997 0.14500000000000005 0.13 0.12083333333333338 0.12333333333333338 0.13100000000000003 0.1436666666666667 0.05999999999999999 0.16333333333333333 0.161 0.41850000000000004 0.2736666666666667 0.35416666666666663 0.29233333333333333 0.29100000000000004 0.1215 0.09716666666666665 0.099 0.10833333333333334 0.1505 0.16200000000000003 0.15216666666666667 0.17250000000000004 0.7168333333333333 0.6478333333333335 0.5018333333333331 0.4451666666666665 0.15333333333333335 0.2735 0.6878333333333334 0.1855 0.49383333333333335 0.2093333333333334 0.5366666666666667 0.21849999999999997 0.2445 0.15966666666666668 0.2645 0.3146666666666667 0.11 0.10700000000000003 0.17600000000000002 0.09899999999999999 0.5943333333333334 0.6208333333333331 0.5311666666666666 0.6056666666666667 0.6026666666666666 0.5676666666666665 
0.2256666666666667 0.019500000000000003 0.36883333333333335 0.32899999999999996 0.3845 0.461 0.6695 1.0 0.9243333333333332 0.8966666666666667 0.819666666666667 0.6971666666666668 0.9068333333333333 0.7616666666666666 0.514 0.740833333333333 0.16549999999999992 0.3880000000000001 0.4528333333333333 0.3261666666666667 0.5325000000000001 0.5130000000000001 0.3686666666666667 0.3686666666666667 0.41016666666666657 0.5316666666666667 0.36900000000000005 0.3808333333333333 0.3491666666666668 0.3826666666666667 0.4395000000000001 0.4601666666666667 0.3574999999999999 0.36999999999999994 0.32350000000000007 0.3214999999999999 0.301 0.17649999999999996 0.252 0.08033333333333331 0.3644999999999999 0.16249999999999992 0.07300000000000001 0.05949999999999999 0.059 0.06316666666666666 0.0635 0.06483333333333335 0.11800000000000001 0.22533333333333336 0.3785 0.6548333333333334 0.17733333333333323 0.25616666666666665 0.24150000000000002 0.23483333333333334 0.23200000000000007 0.2934999999999999 0.3443333333333333 0.35216666666666663 0.4021666666666666 0.41600000000000004 0.4045000000000001 0.4263333333333332 0.8791666666666669 0.9321666666666666 0.26466666666666666 0.33299999999999996 0.17416666666666658 0.2523333333333333 0.5783333333333333 0.10516666666666666 0.2556666666666667 0.19533333333333336 0.3018333333333333 0.19699999999999995 0.3120000000000001 0.22316666666666665 0.32500000000000007 0.3413333333333334 0.36266666666666664 0.3548333333333334 0.2555 0.19400000000000003 0.35233333333333333 0.37933333333333336 0.4306666666666667 0.36833333333333335 0.561 0.7694999999999999 
0.1996666666666667 0.022000000000000002 0.3406666666666666 0.30133333333333345 0.3653333333333333 0.4236666666666667 0.654 0.9243333333333332 1.0 0.9010000000000001 0.8235000000000002 0.7106666666666668 0.9388333333333334 0.7621666666666667 0.48400000000000004 0.7408333333333332 0.14550000000000002 0.3939999999999999 0.42533333333333345 0.33766666666666656 0.49300000000000005 0.46766666666666656 0.3411666666666667 0.3405 0.3643333333333333 0.48350000000000015 0.34149999999999997 0.35666666666666663 0.3288333333333333 0.3611666666666667 0.39416666666666655 0.4111666666666666 0.33366666666666667 0.3455 0.2956666666666668 0.2936666666666668 0.321 0.17733333333333323 0.2489999999999999 0.08516666666666664 0.3898333333333334 0.13916666666666666 0.075 0.061833333333333323 0.06133333333333333 0.06516666666666666 0.06583333333333334 0.06733333333333336 0.09966666666666668 0.20750000000000005 0.3666666666666666 0.6468333333333334 0.17766666666666667 0.2598333333333333 0.24650000000000002 0.24166666666666664 0.20916666666666678 0.2683333333333333 0.3221666666666667 0.3311666666666666 0.3821666666666666 0.39599999999999996 0.3838333333333333 0.4048333333333333 0.9028333333333333 0.9675000000000001 0.23583333333333326 0.3158333333333334 0.15666666666666665 0.2578333333333333 0.5576666666666665 0.10749999999999994 0.22650000000000003 0.1956666666666667 0.27283333333333337 0.19950000000000004 0.33166666666666655 0.2168333333333333 0.34900000000000003 0.3646666666666667 0.33866666666666667 0.3338333333333333 0.24850000000000003 0.1778333333333334 0.3253333333333335 0.352 0.41083333333333344 0.3411666666666666 0.5435 0.8133333333333335 
0.24983333333333335 0.025 0.33616666666666667 0.2981666666666668 0.3523333333333333 0.4321666666666667 0.5866666666666664 0.8966666666666667 0.9010000000000001 1.0 0.7606666666666666 0.6475 0.9201666666666665 0.7609999999999999 0.48450000000000004 0.8151666666666664 0.16949999999999996 0.3378333333333334 0.39299999999999985 0.27899999999999997 0.5323333333333333 0.5208333333333333 0.3363333333333334 0.3371666666666668 0.3845 0.4996666666666667 0.3368333333333334 0.34883333333333333 0.4081666666666666 0.4428333333333334 0.41433333333333344 0.4401666666666668 0.41633333333333333 0.4263333333333334 0.29200000000000015 0.2905000000000001 0.24916666666666668 0.133 0.18450000000000005 0.06666666666666667 0.31833333333333336 0.13016666666666668 0.10383333333333333 0.08950000000000005 0.08866666666666669 0.09333333333333335 0.09416666666666672 0.09383333333333335 0.1545 0.26083333333333325 0.3811666666666666 0.6955 0.13516666666666663 0.23200000000000007 0.20733333333333331 0.20483333333333337 0.27516666666666656 0.3453333333333333 0.406 0.4151666666666667 0.461 0.4743333333333333 0.46183333333333315 0.48183333333333345 0.8423333333333335 0.9114999999999999 0.24633333333333346 0.3611666666666667 0.20433333333333334 0.2721666666666667 0.5169999999999998 0.13416666666666668 0.23799999999999996 0.2523333333333333 0.29383333333333345 0.25066666666666665 0.28900000000000003 0.20450000000000002 0.27266666666666667 0.2971666666666667 0.4211666666666666 0.4171666666666665 0.24850000000000008 0.23600000000000002 0.31900000000000006 0.3436666666666667 0.3966666666666667 0.3361666666666666 0.494 0.7476666666666667 
0.2746666666666667 0.09383333333333332 0.46633333333333327 0.4273333333333334 0.48833333333333345 0.5253333333333332 0.7198333333333333 0.819666666666667 0.8235000000000002 0.7606666666666666 1.0 0.614 0.8151666666666665 0.6193333333333332 0.5843333333333334 0.6085000000000002 0.21716666666666667 0.3155 0.36650000000000005 0.24516666666666662 0.5821666666666666 0.5473333333333334 0.4663333333333334 0.46666666666666656 0.47483333333333333 0.5851666666666667 0.4661666666666666 0.4773333333333333 0.22483333333333338 0.24850000000000005 0.5048333333333334 0.5031666666666665 0.225 0.2351666666666667 0.42133333333333334 0.41899999999999993 0.2505 0.13433333333333333 0.3773333333333332 0.14516666666666667 0.4458333333333332 0.2605 0.024999999999999994 0.011333333333333336 0.010500000000000002 0.013000000000000001 0.011833333333333333 0.014333333333333333 0.03833333333333332 0.14166666666666666 0.26033333333333336 0.5395000000000001 0.11849999999999994 0.204 0.1505 0.14816666666666664 0.2533333333333333 0.207 0.2133333333333333 0.22416666666666665 0.2698333333333333 0.2826666666666667 0.2705 0.29266666666666663 0.8680000000000001 0.8210000000000001 0.36266666666666664 0.2853333333333334 0.12316666666666666 0.16583333333333328 0.4918333333333333 0.05683333333333331 0.35216666666666674 0.11316666666666665 0.38933333333333336 0.11449999999999999 0.4335 0.15350000000000003 0.3448333333333333 0.27733333333333343 0.22866666666666668 0.22283333333333333 0.32299999999999995 0.07666666666666665 0.4514999999999999 0.478 0.5379999999999999 0.46549999999999997 0.48933333333333323 0.7008333333333333 
0.41000000000000014 0.25066666666666665 0.17583333333333326 0.1363333333333334 0.1945 0.256 0.45499999999999985 0.6971666666666668 0.7106666666666668 0.6475 0.614 1.0 0.6815000000000001 0.8513333333333335 0.31183333333333335 0.5285000000000001 0.37866666666666676 0.6446666666666667 0.26383333333333325 0.5516666666666667 0.41350000000000003 0.3416666666666666 0.17566666666666664 0.17483333333333329 0.23849999999999993 0.32299999999999995 0.1748333333333333 0.18899999999999995 0.5105000000000001 0.5431666666666665 0.22966666666666666 0.2436666666666667 0.5225000000000001 0.534 0.12983333333333336 0.12750000000000003 0.5576666666666664 0.31316666666666665 0.4055 0.26433333333333325 0.6048333333333332 0.06799999999999998 0.06949999999999999 0.07333333333333332 0.07683333333333332 0.07449999999999998 0.10749999999999997 0.11116666666666669 0.10899999999999999 0.20983333333333326 0.478 0.555 0.42999999999999977 0.2975 0.38216666666666677 0.34900000000000003 0.42416666666666664 0.4898333333333335 0.4935000000000001 0.5091666666666667 0.5634999999999999 0.5781666666666665 0.5668333333333332 0.5893333333333333 0.6621666666666668 0.7131666666666666 0.11466666666666671 0.21166666666666673 0.30783333333333335 0.4046666666666667 0.3856666666666666 0.10300000000000002 0.08383333333333333 0.2853333333333333 0.09849999999999998 0.24900000000000005 0.40516666666666656 0.3276666666666667 0.593333333333333 0.5841666666666666 0.5268333333333333 0.5155000000000001 0.4665000000000001 0.381 0.16549999999999998 0.19699999999999998 0.24100000000000002 0.17533333333333329 0.4023333333333333 0.7028333333333333 
0.2145 0.02183333333333333 0.34633333333333327 0.3070000000000001 0.37 0.42900000000000005 0.6331666666666669 0.9068333333333333 0.9388333333333334 0.9201666666666665 0.8151666666666665 0.6815000000000001 1.0 0.7511666666666666 0.48716666666666675 0.7636666666666667 0.147 0.36416666666666664 0.4106666666666666 0.30783333333333335 0.5043333333333335 0.4873333333333333 0.3461666666666666 0.3461666666666666 0.36966666666666653 0.4903333333333333 0.3464999999999999 0.3618333333333333 0.36150000000000004 0.3924999999999999 0.4003333333333334 0.4186666666666669 0.3661666666666667 0.3781666666666667 0.30116666666666675 0.2993333333333334 0.2868333333333333 0.14799999999999996 0.23000000000000004 0.07 0.3635000000000001 0.14416666666666664 0.08650000000000004 0.07216666666666668 0.07116666666666668 0.07566666666666669 0.07666666666666669 0.07766666666666669 0.11000000000000001 0.21799999999999997 0.3548333333333333 0.6681666666666665 0.14916666666666664 0.24150000000000005 0.21550000000000005 0.21133333333333326 0.2318333333333333 0.29833333333333334 0.3539999999999999 0.36200000000000004 0.41300000000000003 0.42483333333333334 0.4139999999999999 0.4364999999999999 0.8881666666666668 0.9366666666666671 0.2526666666666666 0.3465 0.16950000000000004 0.26983333333333326 0.5363333333333334 0.11666666666666664 0.24333333333333335 0.22516666666666668 0.29766666666666663 0.23083333333333336 0.31850000000000006 0.19433333333333333 0.3195 0.32966666666666666 0.37099999999999994 0.36516666666666664 0.23833333333333337 0.19333333333333336 0.32866666666666666 0.3543333333333334 0.41650000000000004 0.3459999999999999 0.517 0.7803333333333333 
0.39549999999999996 0.1928333333333333 0.1685 0.12933333333333333 0.18416666666666665 0.25999999999999984 0.44916666666666655 0.7616666666666666 0.7621666666666667 0.7609999999999999 0.6193333333333332 0.8513333333333335 0.7511666666666666 1.0 0.31266666666666665 0.6421666666666667 0.3349999999999999 0.5525000000000001 0.2591666666666667 0.4803333333333332 0.40933333333333344 0.37933333333333336 0.16883333333333334 0.1681666666666667 0.24849999999999994 0.3313333333333333 0.16833333333333336 0.18083333333333332 0.5363333333333334 0.5738333333333334 0.23950000000000002 0.2613333333333334 0.5493333333333331 0.5606666666666666 0.12350000000000001 0.12133333333333333 0.4658333333333334 0.2723333333333333 0.3458333333333334 0.20249999999999996 0.5183333333333333 0.06499999999999997 0.1035 0.10750000000000004 0.10999999999999996 0.10866666666666669 0.14166666666666666 0.1438333333333333 0.1625 0.2611666666666667 0.4994999999999999 0.6163333333333333 0.34149999999999997 0.301 0.34550000000000014 0.33116666666666666 0.4145 0.48350000000000004 0.5255 0.5376666666666668 0.5920000000000001 0.6053333333333334 0.5940000000000001 0.6153333333333334 0.6993333333333333 0.773 0.11883333333333333 0.2536666666666666 0.30633333333333324 0.40066666666666656 0.3783333333333335 0.13033333333333336 0.07966666666666666 0.3296666666666666 0.11216666666666664 0.3051666666666667 0.38699999999999996 0.32150000000000006 0.48616666666666675 0.5065 0.5543333333333333 0.5458333333333334 0.41566666666666663 0.3790000000000001 0.1515 0.1781666666666667 0.23016666666666663 0.16866666666666666 0.382 0.7131666666666667 
0.3845 0.2968333333333334 0.7800000000000001 0.7400000000000001 0.8376666666666669 0.9289999999999999 0.5150000000000001 0.514 0.48400000000000004 0.48450000000000004 0.5843333333333334 0.31183333333333335 0.48716666666666675 0.31266666666666665 1.0 0.5073333333333334 0.5123333333333333 0.12566666666666668 0.46416666666666656 0.02433333333333334 0.7835 0.753 0.7835000000000002 0.7883333333333334 0.8540000000000002 0.9486666666666665 0.7963333333333331 0.8358333333333331 0.15 0.14716666666666667 0.8849999999999999 0.8994999999999999 0.15099999999999997 0.15016666666666667 0.747 0.7518333333333334 0.04983333333333334 0.03316666666666667 0.3685 0.20249999999999996 0.14633333333333332 0.6131666666666666 0.15283333333333332 0.13949999999999999 0.1456666666666667 0.14900000000000002 0.13349999999999998 0.11183333333333331 0.2056666666666667 0.31183333333333335 0.1715 0.3538333333333333 0.04649999999999999 0.2436666666666667 0.012833333333333334 0.012333333333333337 0.2886666666666667 0.15616666666666665 0.14333333333333337 0.15416666666666662 0.14666666666666664 0.149 0.14766666666666667 0.15199999999999997 0.5100000000000001 0.4806666666666668 0.5748333333333333 0.29083333333333333 0.11800000000000001 0.023500000000000007 0.4676666666666668 0.15200000000000005 0.5213333333333332 0.03316666666666667 0.5428333333333334 0.01916666666666667 0.32249999999999984 0.15483333333333332 0.15566666666666673 0.056166666666666656 0.1461666666666667 0.1436666666666667 0.41350000000000003 0.1951666666666666 0.7265000000000001 0.7303333333333332 0.846 0.7929999999999999 0.26666666666666666 0.38566666666666677 
0.2546666666666666 0.09883333333333334 0.3600000000000001 0.3208333333333333 0.3880000000000001 0.49816666666666665 0.4740000000000002 0.740833333333333 0.7408333333333332 0.8151666666666664 0.6085000000000002 0.5285000000000001 0.7636666666666667 0.6421666666666667 0.5073333333333334 1.0 0.19816666666666666 0.23216666666666655 0.4025 0.20066666666666666 0.5304999999999999 0.5145 0.3601666666666668 0.3605000000000001 0.433 0.49016666666666636 0.36250000000000016 0.3978333333333333 0.413 0.4383333333333333 0.4695000000000001 0.5125000000000001 0.4403333333333333 0.45066666666666677 0.3158333333333334 0.3158333333333334 0.1545 0.08816666666666663 0.08783333333333335 0.06483333333333333 0.20016666666666671 0.17749999999999996 0.19049999999999997 0.17800000000000002 0.18533333333333338 0.19099999999999995 0.18249999999999997 0.17666666666666672 0.2706666666666667 0.3789999999999999 0.36333333333333345 0.5824999999999999 0.12183333333333339 0.23783333333333323 0.13600000000000004 0.13549999999999998 0.3041666666666667 0.36983333333333335 0.4333333333333333 0.43866666666666665 0.4301666666666666 0.4286666666666666 0.43333333333333324 0.43233333333333335 0.6831666666666669 0.7486666666666667 0.24533333333333332 0.38499999999999995 0.23966666666666672 0.234 0.4564999999999999 0.21333333333333335 0.2303333333333334 0.2975 0.30600000000000005 0.2913333333333334 0.24316666666666667 0.1806666666666667 0.1691666666666667 0.2046666666666666 0.4428333333333334 0.43333333333333335 0.18666666666666662 0.3776666666666668 0.3374999999999999 0.3545000000000001 0.38566666666666655 0.36250000000000004 0.40033333333333326 0.6000000000000001 
0.7938333333333333 0.7133333333333333 0.3351666666666666 0.35350000000000004 0.37800000000000017 0.4706666666666666 0.07816666666666666 0.16549999999999992 0.14550000000000002 0.16949999999999996 0.21716666666666667 0.37866666666666676 0.147 0.3349999999999999 0.5123333333333333 0.19816666666666666 1.0 0.58 0.18966666666666657 0.4186666666666666 0.5023333333333333 0.40650000000000014 0.3386666666666666 0.3431666666666667 0.44883333333333325 0.5285000000000001 0.35016666666666657 0.37683333333333346 0.6113333333333335 0.5980000000000001 0.43966666666666676 0.4536666666666666 0.5848333333333332 0.5841666666666666 0.36316666666666647 0.3711666666666666 0.45350000000000007 0.3141666666666667 0.5193333333333333 0.5390000000000001 0.5083333333333333 0.5316666666666666 0.2958333333333333 0.30016666666666675 0.3070000000000001 0.2985 0.32933333333333337 0.30766666666666675 0.38050000000000006 0.2696666666666667 0.4866666666666666 0.161 0.46066666666666656 0.17666666666666667 0.3271666666666666 0.2971666666666666 0.7288333333333332 0.6001666666666666 0.566333333333333 0.5475 0.6038333333333333 0.61 0.6108333333333333 0.6018333333333333 0.16716666666666669 0.15066666666666662 0.291 0.0815 0.4606666666666667 0.3908333333333332 0.06416666666666666 0.25516666666666665 0.31499999999999995 0.3443333333333333 0.26183333333333336 0.2841666666666667 0.5281666666666667 0.46149999999999997 0.5711666666666667 0.4808333333333333 0.6099999999999999 0.5906666666666667 0.8248333333333335 0.6255 0.3238333333333333 0.28750000000000003 0.4093333333333333 0.3458333333333332 0.09033333333333333 0.18983333333333335 
0.5646666666666668 0.47550000000000003 0.016666666666666666 0.03583333333333334 0.0295 0.07033333333333332 0.2368333333333334 0.3880000000000001 0.3939999999999999 0.3378333333333334 0.3155 0.6446666666666667 0.36416666666666664 0.5525000000000001 0.12566666666666668 0.23216666666666655 0.58 1.0 0.279 0.7514999999999996 0.23 0.14866666666666664 0.0165 0.014500000000000002 0.07899999999999997 0.14416666666666664 0.01466666666666667 0.025666666666666667 0.6963333333333332 0.7015 0.06916666666666667 0.06583333333333335 0.6736666666666666 0.6751666666666668 0.03300000000000001 0.03400000000000001 0.7983333333333335 0.5763333333333334 0.5388333333333334 0.4895000000000001 0.6931666666666666 0.17866666666666664 0.20183333333333334 0.2101666666666666 0.21533333333333332 0.20633333333333337 0.24716666666666665 0.25133333333333335 0.25600000000000006 0.1518333333333333 0.645 0.33833333333333343 0.7043333333333334 0.20950000000000002 0.6000000000000001 0.5628333333333334 0.6061666666666666 0.6936666666666667 0.6561666666666665 0.6341666666666665 0.7303333333333333 0.7406666666666668 0.7336666666666667 0.7425 0.35 0.3938333333333333 0.06283333333333332 0.17266666666666666 0.5328333333333334 0.5965 0.2595 0.19583333333333328 0.13899999999999993 0.4394999999999999 0.086 0.40399999999999997 0.4903333333333334 0.5876666666666668 0.8629999999999997 0.8324999999999999 0.7040000000000002 0.6873333333333334 0.6083333333333336 0.5736666666666667 0.05316666666666668 0.049499999999999975 0.07600000000000001 0.015000000000000003 0.3556666666666667 0.5021666666666668 
0.08583333333333334 0.42599999999999993 0.6258333333333332 0.6588333333333334 0.5829999999999999 0.49449999999999983 0.5586666666666666 0.4528333333333333 0.42533333333333345 0.39299999999999985 0.36650000000000005 0.26383333333333325 0.4106666666666666 0.2591666666666667 0.46416666666666656 0.4025 0.18966666666666657 0.279 1.0 0.4016666666666667 0.3036666666666666 0.2956666666666667 0.6281666666666667 0.6323333333333333 0.45199999999999996 0.4481666666666667 0.6261666666666668 0.5603333333333331 0.1673333333333333 0.18766666666666665 0.4908333333333333 0.48983333333333334 0.19733333333333325 0.20299999999999993 0.6535 0.6551666666666667 0.3666666666666666 0.42816666666666675 0.28483333333333316 0.30950000000000005 0.1875 0.47816666666666663 0.4153333333333334 0.406 0.3923333333333334 0.397 0.41333333333333344 0.40766666666666673 0.28283333333333344 0.2781666666666667 0.23033333333333336 0.256 0.4891666666666666 0.4673333333333333 0.45216666666666677 0.4376666666666667 0.12233333333333335 0.18716666666666673 0.19116666666666668 0.17983333333333332 0.20099999999999996 0.2031666666666666 0.2053333333333333 0.21333333333333332 0.3823333333333332 0.42633333333333334 0.5375000000000001 0.5511666666666669 0.276 0.39699999999999996 0.7588333333333332 0.4425000000000001 0.5293333333333334 0.30750000000000005 0.5515000000000001 0.3411666666666666 0.1856666666666667 0.408 0.23733333333333323 0.33166666666666655 0.1928333333333333 0.18416666666666667 0.17116666666666672 0.3786666666666668 0.596 0.574 0.5503333333333333 0.6310000000000001 0.6728333333333331 0.4088333333333331 
0.45949999999999996 0.5883333333333333 0.12400000000000003 0.16266666666666668 0.08116666666666665 0.03233333333333334 0.33799999999999997 0.3261666666666667 0.33766666666666656 0.27899999999999997 0.24516666666666662 0.5516666666666667 0.30783333333333335 0.4803333333333332 0.02433333333333334 0.20066666666666666 0.4186666666666666 0.7514999999999996 0.4016666666666667 1.0 0.09849999999999999 0.03816666666666666 0.12366666666666667 0.12333333333333334 0.027500000000000004 0.014333333333333335 0.11866666666666667 0.06066666666666665 0.574 0.6165000000000002 0.03483333333333333 0.03216666666666667 0.5529999999999999 0.5643333333333334 0.15666666666666665 0.15683333333333338 0.8448333333333333 0.686 0.5565000000000001 0.6388333333333333 0.5985 0.21083333333333332 0.3548333333333332 0.37499999999999994 0.37033333333333324 0.363 0.412 0.4256666666666667 0.28116666666666673 0.17266666666666666 0.5248333333333334 0.2763333333333333 0.7865000000000001 0.34333333333333327 0.7878333333333332 0.7508333333333335 0.5023333333333333 0.5656666666666665 0.6004999999999999 0.5449999999999998 0.6369999999999999 0.6394999999999998 0.6309999999999999 0.6523333333333333 0.2731666666666667 0.3365000000000001 0.20049999999999998 0.32049999999999995 0.5616666666666668 0.7753333333333332 0.4046666666666666 0.3671666666666667 0.2778333333333333 0.6160000000000002 0.22650000000000003 0.5925000000000002 0.4103333333333334 0.5273333333333334 0.7164999999999999 0.8586666666666667 0.5931666666666667 0.6023333333333335 0.5074999999999998 0.6064999999999999 0.15250000000000002 0.15766666666666665 0.04633333333333334 0.12050000000000002 0.5210000000000001 0.47700000000000004 
0.5806666666666667 0.27349999999999997 0.6489999999999999 0.6103333333333333 0.664 0.7396666666666666 0.4835000000000001 0.5325000000000001 0.49300000000000005 0.5323333333333333 0.5821666666666666 0.41350000000000003 0.5043333333333335 0.40933333333333344 0.7835 0.5304999999999999 0.5023333333333333 0.23 0.3036666666666666 0.09849999999999999 1.0 0.8258333333333335 0.6498333333333332 0.6489999999999999 0.7123333333333335 0.8156666666666669 0.6506666666666667 0.6639999999999999 0.32800000000000007 0.32800000000000007 0.7390000000000002 0.7456666666666666 0.33849999999999986 0.33949999999999997 0.6061666666666666 0.6045 0.11000000000000004 0.045666666666666675 0.3558333333333332 0.2501666666666667 0.20883333333333337 0.45433333333333326 0.04999999999999998 0.03949999999999999 0.04049999999999999 0.04233333333333333 0.0395 0.03866666666666667 0.1105 0.21516666666666664 0.24733333333333338 0.4311666666666667 0.08766666666666664 0.16150000000000003 0.03966666666666667 0.020000000000000004 0.4825 0.33466666666666667 0.3321666666666666 0.3453333333333333 0.3226666666666667 0.31566666666666665 0.3276666666666666 0.3216666666666667 0.5233333333333333 0.5000000000000002 0.5276666666666666 0.2908333333333334 0.21683333333333332 0.14966666666666664 0.3588333333333333 0.07150000000000001 0.4866666666666666 0.14916666666666667 0.5186666666666667 0.10650000000000004 0.322 0.14483333333333331 0.2338333333333332 0.14183333333333337 0.33483333333333326 0.3331666666666666 0.4398333333333332 0.18383333333333327 0.6251666666666665 0.6418333333333333 0.7090000000000001 0.6495000000000001 0.20783333333333345 0.41466666666666674 
0.512 0.185 0.6081666666666665 0.5686666666666667 0.6305000000000001 0.7146666666666666 0.4668333333333334 0.5130000000000001 0.46766666666666656 0.5208333333333333 0.5473333333333334 0.3416666666666666 0.4873333333333333 0.37933333333333336 0.753 0.5145 0.40650000000000014 0.14866666666666664 0.2956666666666667 0.03816666666666666 0.8258333333333335 1.0 0.6091666666666665 0.6113333333333332 0.6926666666666665 0.7769999999999999 0.6148333333333332 0.6315 0.29283333333333345 0.2935 0.7068333333333334 0.7271666666666667 0.30366666666666664 0.30350000000000005 0.5684999999999999 0.5678333333333332 0.04516666666666667 0.07333333333333333 0.32400000000000007 0.19783333333333328 0.14766666666666667 0.42550000000000004 0.12366666666666663 0.11366666666666665 0.11383333333333333 0.11599999999999999 0.10766666666666666 0.09899999999999999 0.18783333333333327 0.2938333333333333 0.24850000000000003 0.49166666666666664 0.021833333333333337 0.21849999999999997 0.039999999999999994 0.05766666666666666 0.4388333333333334 0.31166666666666676 0.3095000000000001 0.3146666666666667 0.27850000000000014 0.269 0.27933333333333343 0.27049999999999996 0.4983333333333333 0.4751666666666667 0.5583333333333332 0.34733333333333327 0.2475 0.13299999999999998 0.3608333333333335 0.1455 0.5056666666666669 0.1971666666666666 0.5531666666666666 0.18416666666666665 0.30816666666666676 0.17050000000000004 0.15533333333333335 0.06966666666666667 0.3015000000000001 0.30100000000000016 0.3733333333333333 0.13499999999999998 0.5806666666666664 0.6004999999999999 0.6695 0.6133333333333333 0.2003333333333333 0.37099999999999994 
0.24999999999999997 0.4668333333333333 0.9888333333333336 0.9468333333333335 0.9273333333333333 0.8121666666666664 0.6103333333333335 0.3686666666666667 0.3411666666666667 0.3363333333333334 0.4663333333333334 0.17566666666666664 0.3461666666666666 0.16883333333333334 0.7835000000000002 0.3601666666666668 0.3386666666666666 0.0165 0.6281666666666667 0.12366666666666667 0.6498333333333332 0.6091666666666665 1.0 0.986666666666667 0.7935 0.7935 0.9788333333333338 0.9043333333333335 0.0 0.0 0.8338333333333334 0.8068333333333332 0.0036666666666666666 0.003333333333333333 0.9344999999999998 0.9249999999999998 0.08650000000000001 0.2181666666666667 0.36800000000000005 0.3804999999999999 0.09133333333333332 0.6956666666666664 0.2975 0.2816666666666667 0.27133333333333337 0.2738333333333334 0.28600000000000003 0.29266666666666674 0.17233333333333342 0.275 0.028666666666666667 0.21683333333333332 0.2306666666666667 0.42499999999999993 0.191 0.18933333333333333 0.15600000000000003 0.017666666666666667 0.00016666666666666666 0.009666666666666667 0.0 0.00016666666666666666 0.0 0.002833333333333333 0.36766666666666675 0.34 0.7576666666666668 0.45416666666666666 0.13949999999999999 0.15533333333333338 0.6561666666666666 0.3288333333333333 0.6991666666666666 0.145 0.7116666666666667 0.16533333333333342 0.2479999999999999 0.1885 0.04283333333333334 0.07633333333333332 0.0 0.0 0.25383333333333336 0.16766666666666669 0.9315000000000003 0.9358333333333333 0.8994999999999996 0.9806666666666669 0.44316666666666665 0.29833333333333334 
0.24933333333333327 0.4724999999999999 0.9855000000000003 0.9441666666666672 0.9313333333333333 0.8175 0.6093333333333334 0.3686666666666667 0.3405 0.3371666666666668 0.46666666666666656 0.17483333333333329 0.3461666666666666 0.1681666666666667 0.7883333333333334 0.3605000000000001 0.3431666666666667 0.014500000000000002 0.6323333333333333 0.12333333333333334 0.6489999999999999 0.6113333333333332 0.986666666666667 1.0 0.7963333333333332 0.7988333333333334 0.9818333333333337 0.9079999999999999 0.0 0.0 0.8366666666666667 0.8116666666666665 0.003333333333333333 0.0034999999999999996 0.9368333333333334 0.9283333333333332 0.08383333333333333 0.21449999999999997 0.3663333333333334 0.3775 0.08883333333333333 0.6978333333333332 0.301 0.2848333333333334 0.27466666666666667 0.27716666666666673 0.28833333333333344 0.2913333333333334 0.17566666666666675 0.2789999999999999 0.028666666666666667 0.21749999999999997 0.2271666666666667 0.4266666666666666 0.188 0.18600000000000003 0.1551666666666667 0.017666666666666664 0.00016666666666666666 0.010000000000000002 0.0 0.0 0.0 0.002833333333333333 0.36800000000000005 0.3396666666666667 0.7556666666666668 0.4518333333333334 0.1398333333333333 0.15350000000000008 0.6533333333333333 0.3268333333333333 0.6971666666666665 0.14333333333333334 0.7111666666666667 0.16416666666666674 0.24466666666666662 0.18566666666666667 0.04183333333333335 0.0745 0.0 0.0 0.25666666666666677 0.17133333333333334 0.9268333333333336 0.9303333333333335 0.9058333333333327 0.9843333333333336 0.4404999999999999 0.29916666666666675 
