1.0 0.05466666666666665 0.4016666666666668 0.23299999999999993 0.4446666666666667 0.2175000000000001 0.5479999999999998 0.20566666666666666 0.4563333333333332 0.04666666666666667 0.6681666666666668 0.24283333333333343 0.5941666666666666 0.3638333333333334 0.7396666666666667 0.26350000000000007 0.0625 0.06216666666666665 0.050333333333333334 0.057333333333333326 0.27983333333333327 0.2613333333333333 0.29233333333333333 0.18749999999999997 0.31799999999999995 0.3323333333333332 0.25583333333333325 0.23099999999999998 0.32166666666666666 0.23799999999999996 0.3859999999999999 0.2503333333333333 0.5553333333333331 0.5388333333333333 0.26299999999999996 0.28383333333333327 0.12450000000000001 0.13033333333333336 0.2889999999999999 0.27283333333333337 0.26916666666666667 0.458 0.42133333333333334 0.5178333333333334 0.5316666666666666 0.5033333333333334 0.054166666666666655 0.5173333333333333 0.5096666666666666 0.5483333333333335 0.5391666666666668 0.5848333333333333 0.2855000000000001 0.13116666666666668 0.14483333333333331 0.40866666666666673 0.06449999999999999 0.05666666666666667 0.14633333333333332 0.36633333333333334 0.45783333333333326 0.3755000000000001 0.33983333333333327 0.3094999999999999 0.5738333333333334 0.2738333333333334 0.3723333333333333 0.49299999999999977 0.06499999999999999 0.06599999999999998 0.06516666666666665 0.248 0.14166666666666672 0.04383333333333333 0.3186666666666667 0.10033333333333333 0.2955 0.29233333333333333 0.2041666666666666 0.07216666666666663 0.19216666666666657 0.13283333333333333 0.3686666666666666 0.13700000000000004 0.16949999999999998 0.15316666666666665 0.39516666666666667 0.4378333333333332 0.2858333333333334 0.2651666666666668 
0.05466666666666665 1.0 0.19699999999999998 0.6348333333333334 0.39833333333333326 0.31783333333333336 0.21066666666666667 0.7033333333333331 0.25316666666666654 0.7603333333333332 0.00016666666666666666 0.26283333333333325 0.13383333333333333 0.1606666666666667 0.0021666666666666666 0.3048333333333334 0.2756666666666667 0.5896666666666667 0.7378333333333333 0.892666666666667 0.2509999999999999 0.4068333333333333 0.29000000000000004 0.5790000000000001 0.16516666666666666 0.17266666666666666 0.22066666666666673 0.41066666666666685 0.40733333333333327 0.36650000000000005 0.19066666666666665 0.35950000000000004 0.06233333333333333 0.08383333333333332 0.08466666666666665 0.096 0.6346666666666668 0.568 0.08283333333333337 0.28050000000000014 0.13633333333333333 0.07150000000000001 0.11483333333333333 0.30683333333333335 0.0008333333333333333 0.0 0.7171666666666668 0.31483333333333335 0.02450000000000001 0.1863333333333332 0.0315 0.0016666666666666668 0.5320000000000001 0.6300000000000001 0.44483333333333336 0.3603333333333334 0.7496666666666667 0.9106666666666666 0.745 0.3833333333333332 0.2931666666666667 0.5180000000000002 0.37050000000000005 0.5586666666666666 0.03683333333333333 0.2015 0.0235 0.05599999999999999 0.8626666666666667 0.8549999999999995 0.4731666666666666 0.33149999999999996 0.6213333333333333 0.5061666666666667 0.4848333333333334 0.7500000000000001 0.4398333333333336 0.46833333333333327 0.28750000000000003 0.7695000000000002 0.5545000000000001 0.5605 0.22349999999999992 0.5573333333333333 0.2888333333333333 0.3373333333333333 0.33016666666666666 0.28950000000000004 0.4451666666666667 0.40016666666666656 
0.4016666666666668 0.19699999999999998 1.0 0.33199999999999996 0.3133333333333334 0.23433333333333334 0.3918333333333333 0.20850000000000002 0.4463333333333333 0.18816666666666662 0.4491666666666665 0.2736666666666666 0.5606666666666666 0.31516666666666665 0.5084999999999998 0.36083333333333323 0.2525 0.1961666666666666 0.31633333333333336 0.2493333333333333 0.3268333333333334 0.297 0.29699999999999993 0.32549999999999996 0.24566666666666667 0.3018333333333334 0.1486666666666667 0.3115000000000001 0.21416666666666662 0.433 0.4925 0.48816666666666664 0.26849999999999996 0.2565 0.21483333333333335 0.24400000000000002 0.3023333333333334 0.2586666666666666 0.20800000000000002 0.26899999999999996 0.48533333333333323 0.6571666666666667 0.32733333333333337 0.4333333333333333 0.36116666666666647 0.33416666666666667 0.12883333333333333 0.131 0.3389999999999999 0.17916666666666664 0.3975000000000001 0.3839999999999999 0.26799999999999996 0.3401666666666667 0.18933333333333333 0.2273333333333334 0.11883333333333335 0.16766666666666666 0.16699999999999998 0.16233333333333333 0.47433333333333344 0.2608333333333333 0.42083333333333317 0.25633333333333325 0.40950000000000003 0.247 0.3498333333333333 0.2558333333333334 0.26166666666666666 0.25816666666666666 0.35733333333333334 0.23600000000000002 0.2998333333333333 0.19466666666666663 0.26566666666666666 0.1145 0.16933333333333336 0.19066666666666673 0.2898333333333334 0.16333333333333339 0.2961666666666667 0.2888333333333333 0.40850000000000003 0.2536666666666667 0.25183333333333335 0.2748333333333333 0.39399999999999996 0.272 0.15533333333333335 0.1671666666666666 
0.23299999999999993 0.6348333333333334 0.33199999999999996 1.0 0.4778333333333331 0.41483333333333333 0.41966666666666674 0.7658333333333331 0.3779999999999999 0.6041666666666666 0.14166666666666672 0.3483333333333333 0.22016666666666665 0.26999999999999996 0.1756666666666667 0.4386666666666666 0.07333333333333333 0.2768333333333334 0.5406666666666667 0.6743333333333333 0.40849999999999986 0.5845000000000001 0.44366666666666665 0.7863333333333337 0.327 0.33666666666666667 0.39033333333333337 0.4619999999999998 0.20333333333333337 0.10816666666666665 0.3503333333333334 0.4628333333333331 0.31816666666666665 0.3338333333333334 0.1916666666666666 0.23666666666666664 0.3605 0.34800000000000003 0.2503333333333334 0.3796666666666668 0.2664999999999999 0.21600000000000003 0.058833333333333335 0.11833333333333335 0.1625 0.1348333333333333 0.4145 0.2908333333333334 0.16433333333333341 0.276 0.09816666666666667 0.1606666666666667 0.36816666666666664 0.384 0.23266666666666663 0.2786666666666666 0.4465 0.5835000000000001 0.5075 0.4571666666666666 0.18316666666666667 0.6083333333333332 0.17183333333333337 0.5890000000000001 0.13983333333333337 0.30383333333333334 0.10866666666666663 0.1906666666666667 0.6548333333333335 0.6518333333333333 0.2848333333333333 0.15866666666666665 0.42149999999999993 0.2980000000000001 0.28250000000000003 0.5025000000000001 0.5486666666666665 0.21866666666666665 0.05383333333333333 0.46783333333333355 0.2528333333333333 0.27933333333333327 0.3481666666666668 0.3561666666666665 0.30966666666666676 0.45000000000000007 0.46783333333333316 0.24316666666666678 0.6188333333333335 0.6026666666666667 
0.4446666666666667 0.39833333333333326 0.3133333333333334 0.4778333333333331 1.0 0.2558333333333334 0.3101666666666666 0.4026666666666667 0.7169999999999999 0.3895 0.16149999999999998 0.2969999999999999 0.07833333333333331 0.2986666666666667 0.2363333333333334 0.6326666666666667 0.024499999999999997 0.10983333333333337 0.35266666666666674 0.42216666666666663 0.45616666666666666 0.654 0.39599999999999996 0.4996666666666667 0.257 0.32083333333333336 0.32900000000000007 0.1461666666666667 0.35783333333333334 0.022666666666666665 0.4661666666666666 0.34916666666666674 0.15733333333333335 0.14083333333333334 0.051166666666666645 0.09449999999999999 0.15033333333333332 0.1691666666666666 0.05350000000000001 0.4665000000000001 0.40850000000000003 0.4713333333333334 0.02383333333333334 0.15399999999999994 0.07433333333333335 0.0385 0.18666666666666665 0.4563333333333335 0.0535 0.19833333333333328 0.06933333333333332 0.0898333333333333 0.1595 0.1753333333333334 0.14633333333333334 0.19533333333333336 0.23716666666666675 0.3945000000000001 0.5498333333333334 0.30816666666666676 0.1723333333333333 0.3565 0.1041666666666666 0.35833333333333334 0.20666666666666664 0.2834999999999999 0.08266666666666665 0.05749999999999999 0.37900000000000006 0.38583333333333336 0.0705 0.24616666666666664 0.30416666666666675 0.09583333333333333 0.20116666666666674 0.3363333333333333 0.31750000000000006 0.3011666666666667 0.11183333333333334 0.2793333333333333 0.16633333333333336 0.12899999999999998 0.488 0.1481666666666667 0.2091666666666666 0.3013333333333333 0.6816666666666669 0.4679999999999999 0.5173333333333333 0.5138333333333333 
0.2175000000000001 0.31783333333333336 0.23433333333333334 0.41483333333333333 0.2558333333333334 1.0 0.21216666666666675 0.5178333333333334 0.40533333333333327 0.2813333333333334 0.43000000000000005 0.7121666666666667 0.4113333333333334 0.66 0.3570000000000001 0.40866666666666673 0.3559999999999999 0.07916666666666665 0.5053333333333332 0.37383333333333335 0.05933333333333332 0.19599999999999998 0.6648333333333332 0.4805 0.6283333333333334 0.6056666666666666 0.7330000000000001 0.6331666666666667 0.016666666666666666 0.19216666666666662 0.36849999999999994 0.3956666666666666 0.3028333333333334 0.3108333333333333 0.5638333333333333 0.5346666666666665 0.0645 0.024000000000000004 0.35133333333333333 0.07716666666666666 0.17983333333333335 0.102 0.45600000000000007 0.15666666666666668 0.5358333333333332 0.5589999999999999 0.11116666666666668 0.33233333333333337 0.5415 0.4595 0.4708333333333334 0.4425 0.10533333333333336 0.06449999999999999 0.15333333333333338 0.131 0.144 0.2783333333333334 0.2713333333333333 0.45949999999999996 0.3423333333333333 0.4018333333333334 0.09733333333333338 0.3999999999999999 0.5028333333333334 0.7838333333333333 0.42149999999999993 0.5023333333333333 0.2968333333333333 0.2996666666666666 0.3655 0.12616666666666668 0.2606666666666667 0.22033333333333333 0.14816666666666667 0.1911666666666667 0.4631666666666668 0.025333333333333333 0.19400000000000003 0.15500000000000005 0.04533333333333332 0.036166666666666666 0.04083333333333333 0.025666666666666678 0.6241666666666665 0.769 0.11716666666666667 0.020833333333333336 0.4426666666666666 0.48916666666666664 
0.5479999999999998 0.21066666666666667 0.3918333333333333 0.41966666666666674 0.3101666666666666 0.21216666666666675 1.0 0.3740000000000001 0.2255 0.19183333333333344 0.49200000000000005 0.21216666666666664 0.4116666666666666 0.31000000000000005 0.5245000000000001 0.1698333333333334 0.17133333333333337 0.25316666666666665 0.08166666666666667 0.20933333333333334 0.4573333333333332 0.3559999999999999 0.2668333333333333 0.29833333333333334 0.3573333333333333 0.28666666666666674 0.30600000000000005 0.2018333333333333 0.3646666666666668 0.19266666666666662 0.2633333333333334 0.17900000000000002 0.6396666666666668 0.643 0.33199999999999996 0.36449999999999994 0.38216666666666677 0.3906666666666666 0.5308333333333333 0.38416666666666655 0.3711666666666666 0.38516666666666666 0.37116666666666664 0.3145 0.49133333333333334 0.4633333333333334 0.24200000000000002 0.38233333333333336 0.46649999999999986 0.5578333333333334 0.46699999999999986 0.5283333333333332 0.44866666666666666 0.39600000000000013 0.4875 0.5056666666666667 0.23750000000000004 0.21166666666666664 0.19516666666666665 0.5316666666666666 0.2535 0.4478333333333333 0.24466666666666664 0.38316666666666677 0.3873333333333334 0.256 0.4688333333333335 0.4711666666666667 0.23849999999999993 0.2396666666666666 0.0705 0.327 0.10166666666666666 0.08200000000000003 0.26099999999999995 0.21483333333333338 0.5556666666666669 0.3081666666666667 0.17649999999999996 0.2515 0.30433333333333346 0.3584999999999999 0.48766666666666647 0.36649999999999994 0.18883333333333333 0.20666666666666664 0.4453333333333333 0.4409999999999999 0.35333333333333317 0.4686666666666667 
0.20566666666666666 0.7033333333333331 0.20850000000000002 0.7658333333333331 0.4026666666666667 0.5178333333333334 0.3740000000000001 1.0 0.3055000000000001 0.5796666666666667 0.1998333333333333 0.47699999999999987 0.29233333333333333 0.37933333333333324 0.17733333333333332 0.32716666666666677 0.07066666666666664 0.349 0.5921666666666666 0.7411666666666668 0.24250000000000005 0.4059999999999999 0.4216666666666668 0.6988333333333334 0.31833333333333336 0.3175 0.4071666666666667 0.5333333333333332 0.19766666666666674 0.16366666666666663 0.24183333333333334 0.41966666666666674 0.2475 0.2746666666666667 0.2598333333333333 0.23516666666666663 0.4396666666666665 0.3658333333333333 0.26349999999999996 0.23849999999999993 0.12516666666666665 0.049 0.10483333333333332 0.17049999999999998 0.18533333333333327 0.21183333333333335 0.4825000000000001 0.3893333333333333 0.221 0.3751666666666667 0.17333333333333337 0.20066666666666666 0.46800000000000014 0.44299999999999995 0.26600000000000007 0.23383333333333337 0.5121666666666668 0.6526666666666666 0.5516666666666665 0.6054999999999999 0.28483333333333344 0.742 0.18216666666666673 0.7201666666666671 0.2515 0.41933333333333317 0.15383333333333332 0.26016666666666666 0.6871666666666667 0.6864999999999999 0.29716666666666663 0.1443333333333334 0.37533333333333346 0.28650000000000003 0.3423333333333333 0.5286666666666667 0.6460000000000001 0.25366666666666665 0.07366666666666667 0.5286666666666665 0.324 0.34983333333333333 0.19633333333333333 0.35949999999999993 0.349 0.5043333333333333 0.3283333333333332 0.16950000000000007 0.5876666666666668 0.5589999999999999 
0.4563333333333332 0.25316666666666654 0.4463333333333333 0.3779999999999999 0.7169999999999999 0.40533333333333327 0.2255 0.3055000000000001 1.0 0.2668333333333333 0.4013333333333333 0.4981666666666667 0.30299999999999994 0.5303333333333334 0.4528333333333333 0.6616666666666668 0.18916666666666665 0.03516666666666667 0.35633333333333334 0.2891666666666666 0.27833333333333327 0.4738333333333334 0.6033333333333334 0.4481666666666667 0.4429999999999999 0.5385 0.43266666666666675 0.279 0.16483333333333333 0.17633333333333334 0.7025 0.5306666666666665 0.16800000000000004 0.14833333333333332 0.26966666666666667 0.30766666666666664 0.020166666666666666 0.020499999999999997 0.09583333333333333 0.28966666666666663 0.4261666666666668 0.5246666666666667 0.20299999999999987 0.2600000000000001 0.2913333333333333 0.255 0.047333333333333324 0.33766666666666667 0.2658333333333335 0.16449999999999998 0.2895 0.2633333333333334 0.02183333333333333 0.039166666666666676 0.029833333333333337 0.06850000000000002 0.07800000000000001 0.24650000000000002 0.36733333333333335 0.22716666666666666 0.3378333333333333 0.2725 0.15683333333333335 0.26483333333333337 0.4491666666666667 0.48800000000000004 0.23983333333333334 0.1978333333333334 0.22983333333333328 0.23533333333333328 0.1868333333333334 0.1716666666666667 0.3258333333333333 0.11600000000000002 0.1703333333333333 0.15833333333333333 0.24049999999999994 0.12300000000000003 0.2218333333333333 0.13183333333333333 0.07266666666666667 0.02716666666666667 0.29816666666666675 0.0085 0.40183333333333343 0.5009999999999999 0.4608333333333334 0.25699999999999995 0.4406666666666667 0.4233333333333333 
0.04666666666666667 0.7603333333333332 0.18816666666666662 0.6041666666666666 0.3895 0.2813333333333334 0.19183333333333344 0.5796666666666667 0.2668333333333333 1.0 0.0018333333333333335 0.2598333333333333 0.12033333333333333 0.166 0.0036666666666666666 0.39266666666666666 0.30800000000000005 0.5454999999999999 0.6163333333333333 0.7256666666666668 0.3378333333333334 0.4636666666666666 0.2773333333333332 0.5900000000000001 0.15866666666666668 0.16616666666666668 0.26866666666666666 0.3176666666666667 0.412 0.37283333333333324 0.18849999999999997 0.31099999999999994 0.17466666666666664 0.19066666666666662 0.06499999999999999 0.08016666666666666 0.5081666666666665 0.5908333333333333 0.17983333333333332 0.34299999999999997 0.22166666666666665 0.1668333333333333 0.12149999999999998 0.32033333333333325 0.008000000000000002 0.007666666666666667 0.6379999999999999 0.2833333333333334 0.030666666666666682 0.11750000000000003 0.03216666666666667 0.024833333333333332 0.4853333333333334 0.5451666666666667 0.3631666666666667 0.4108333333333332 0.6673333333333333 0.8028333333333335 0.7281666666666666 0.32533333333333336 0.32116666666666666 0.44133333333333324 0.4425000000000001 0.49500000000000005 0.03666666666666667 0.20033333333333342 0.05533333333333333 0.08816666666666664 0.7316666666666667 0.7414999999999998 0.3985 0.3381666666666667 0.6769999999999999 0.5784999999999999 0.43566666666666665 0.7303333333333333 0.37949999999999995 0.4378333333333333 0.3161666666666666 0.6953333333333335 0.5193333333333334 0.5693333333333331 0.2895 0.6058333333333333 0.265 0.3141666666666667 0.3435 0.288 0.44466666666666654 0.4494999999999999 
0.6681666666666668 0.00016666666666666666 0.4491666666666665 0.14166666666666672 0.16149999999999998 0.43000000000000005 0.49200000000000005 0.1998333333333333 0.4013333333333333 0.0018333333333333335 1.0 0.5231666666666667 0.7956666666666666 0.657666666666667 0.872 0.21549999999999997 0.27466666666666667 0.028833333333333332 0.06116666666666666 0.014500000000000002 0.09949999999999998 0.07800000000000003 0.439 0.11233333333333334 0.5175000000000001 0.5103333333333332 0.4124999999999999 0.3456666666666667 0.14966666666666667 0.3781666666666667 0.46999999999999986 0.26483333333333337 0.5888333333333331 0.5863333333333332 0.5589999999999998 0.523 0.08333333333333334 0.07516666666666666 0.42083333333333345 0.08666666666666666 0.2771666666666667 0.36500000000000005 0.6859999999999999 0.5225 0.7913333333333332 0.809 0.0025 0.38516666666666666 0.7925 0.6416666666666666 0.8353333333333333 0.817333333333333 0.2551666666666666 0.08883333333333336 0.1776666666666667 0.3635000000000001 0.0008333333333333334 0.0033333333333333335 0.031166666666666662 0.4461666666666666 0.5885 0.34466666666666645 0.3688333333333332 0.286 0.8394999999999999 0.5626666666666668 0.6273333333333333 0.7246666666666667 0.0011666666666666668 0.0026666666666666666 0.168 0.19099999999999998 0.12900000000000003 0.06349999999999999 0.23933333333333337 0.0016666666666666666 0.38833333333333336 0.15633333333333338 0.2715000000000001 0.009333333333333334 0.12599999999999997 0.10166666666666668 0.1748333333333333 0.09550000000000004 0.3974999999999999 0.4196666666666667 0.16133333333333333 0.1865 0.23883333333333337 0.26550000000000007 
0.24283333333333343 0.26283333333333325 0.2736666666666666 0.3483333333333333 0.2969999999999999 0.7121666666666667 0.21216666666666664 0.47699999999999987 0.4981666666666667 0.2598333333333333 0.5231666666666667 1.0 0.4453333333333333 0.794833333333333 0.43283333333333324 0.4565000000000001 0.3506666666666667 0.10733333333333336 0.3901666666666668 0.2955000000000001 0.02416666666666667 0.15733333333333333 0.6855 0.4545000000000001 0.6609999999999999 0.6846666666666664 0.7115000000000002 0.5088333333333335 0.009333333333333334 0.30833333333333335 0.4176666666666668 0.4613333333333334 0.3174999999999999 0.3198333333333333 0.6138333333333332 0.5623333333333334 0.07050000000000002 0.05333333333333332 0.3343333333333332 0.029666666666666664 0.21749999999999997 0.14683333333333332 0.5249999999999999 0.24950000000000003 0.6173333333333335 0.6468333333333334 0.09816666666666668 0.3751666666666666 0.6124999999999998 0.4311666666666667 0.5459999999999999 0.4798333333333334 0.15700000000000003 0.0735 0.10616666666666667 0.11183333333333331 0.12916666666666665 0.25750000000000006 0.3443333333333333 0.5178333333333334 0.45733333333333337 0.46300000000000013 0.16366666666666663 0.4495 0.6038333333333334 0.867166666666667 0.4781666666666667 0.5474999999999998 0.22450000000000003 0.22983333333333333 0.2943333333333333 0.1273333333333333 0.24383333333333337 0.213 0.1533333333333333 0.17200000000000007 0.43199999999999983 0.05250000000000001 0.2808333333333334 0.13666666666666671 0.07433333333333335 0.06649999999999998 0.01966666666666667 0.059333333333333335 0.6125 0.7523333333333333 0.12316666666666666 0.018500000000000003 0.4211666666666667 0.4988333333333335 
0.5941666666666666 0.13383333333333333 0.5606666666666666 0.22016666666666665 0.07833333333333331 0.4113333333333334 0.4116666666666666 0.29233333333333333 0.30299999999999994 0.12033333333333333 0.7956666666666666 0.4453333333333333 1.0 0.5374999999999999 0.7585000000000001 0.13083333333333333 0.2553333333333333 0.154 0.19566666666666674 0.15116666666666667 0.049833333333333334 0.016333333333333335 0.35283333333333333 0.18950000000000003 0.4038333333333333 0.4006666666666665 0.29483333333333334 0.47033333333333355 0.15466666666666667 0.49699999999999994 0.3656666666666667 0.33383333333333326 0.4933333333333333 0.49316666666666664 0.45566666666666655 0.4175 0.2201666666666667 0.20799999999999993 0.34483333333333327 0.04466666666666665 0.20766666666666667 0.3196666666666666 0.6161666666666666 0.6456666666666667 0.6761666666666669 0.6976666666666663 0.12716666666666662 0.32516666666666666 0.6926666666666667 0.5373333333333333 0.736 0.7225000000000001 0.3691666666666668 0.22766666666666663 0.14283333333333334 0.38116666666666676 0.1193333333333333 0.12316666666666663 0.13633333333333333 0.34650000000000003 0.7020000000000001 0.42200000000000004 0.4931666666666665 0.41450000000000004 0.7181666666666665 0.45299999999999996 0.5284999999999999 0.6148333333333332 0.14166666666666664 0.13583333333333333 0.30766666666666675 0.15533333333333335 0.25733333333333336 0.18733333333333338 0.3765000000000002 0.1213333333333333 0.2973333333333333 0.1918333333333333 0.30016666666666664 0.13066666666666665 0.2584999999999999 0.23533333333333334 0.12333333333333331 0.22150000000000003 0.343 0.36033333333333334 0.09316666666666666 0.13299999999999998 0.15216666666666667 0.16133333333333333 
0.3638333333333334 0.1606666666666667 0.31516666666666665 0.26999999999999996 0.2986666666666667 0.66 0.31000000000000005 0.37933333333333324 0.5303333333333334 0.166 0.657666666666667 0.794833333333333 0.5374999999999999 1.0 0.5595 0.36166666666666664 0.36849999999999994 0.028000000000000008 0.2406666666666667 0.18950000000000003 0.0315 0.1443333333333333 0.633 0.2938333333333334 0.6581666666666667 0.6375000000000001 0.6743333333333332 0.3526666666666667 0.007666666666666667 0.23266666666666666 0.4756666666666666 0.32599999999999996 0.4073333333333333 0.4063333333333334 0.6091666666666664 0.5585 0.006666666666666666 0.0045000000000000005 0.3758333333333333 0.05216666666666664 0.31299999999999994 0.2201666666666667 0.5636666666666666 0.29399999999999993 0.6568333333333334 0.6891666666666666 0.021166666666666663 0.4138333333333331 0.6745 0.5315 0.7080000000000001 0.6631666666666667 0.12583333333333335 0.011833333333333333 0.16966666666666666 0.1885 0.04799999999999999 0.16366666666666668 0.23266666666666663 0.5533333333333332 0.5040000000000001 0.42683333333333323 0.21183333333333326 0.4098333333333333 0.7336666666666666 0.8145 0.5909999999999997 0.6386666666666667 0.12399999999999999 0.13183333333333336 0.17400000000000002 0.16849999999999998 0.2275 0.08116666666666665 0.15999999999999998 0.08599999999999998 0.5005 0.04666666666666666 0.23349999999999999 0.06516666666666668 0.06583333333333333 0.025666666666666664 0.031166666666666662 0.019 0.5843333333333331 0.6976666666666668 0.10583333333333336 0.021833333333333337 0.3990000000000001 0.4991666666666667 
0.7396666666666667 0.0021666666666666666 0.5084999999999998 0.1756666666666667 0.2363333333333334 0.3570000000000001 0.5245000000000001 0.17733333333333332 0.4528333333333333 0.0036666666666666666 0.872 0.43283333333333324 0.7585000000000001 0.5595 1.0 0.24616666666666667 0.22033333333333327 0.029000000000000005 0.053 0.012166666666666668 0.1698333333333333 0.1446666666666667 0.4370000000000001 0.14116666666666666 0.4951666666666664 0.5073333333333332 0.36700000000000005 0.32433333333333336 0.2018333333333333 0.3579999999999999 0.5103333333333332 0.30316666666666675 0.6024999999999999 0.5930000000000001 0.4676666666666665 0.48100000000000004 0.09283333333333334 0.08700000000000001 0.37549999999999994 0.1515 0.3133333333333334 0.4595000000000002 0.5986666666666669 0.5266666666666666 0.7380000000000001 0.7108333333333334 0.006 0.4003333333333334 0.7049999999999998 0.5601666666666667 0.747 0.7604999999999998 0.2461666666666666 0.0955 0.15933333333333335 0.3696666666666667 0.0013333333333333333 0.006833333333333334 0.03150000000000001 0.38233333333333325 0.5713333333333334 0.3288333333333335 0.3706666666666667 0.2596666666666666 0.7621666666666669 0.4709999999999998 0.5494999999999999 0.6328333333333334 0.006499999999999999 0.006666666666666667 0.16566666666666666 0.21416666666666662 0.14983333333333332 0.06433333333333331 0.24833333333333332 0.004166666666666667 0.33599999999999997 0.17333333333333337 0.25516666666666665 0.012666666666666666 0.14516666666666667 0.11316666666666667 0.25800000000000006 0.10433333333333335 0.3393333333333333 0.3365000000000001 0.236 0.25800000000000006 0.2505 0.26716666666666666 
0.26350000000000007 0.3048333333333334 0.36083333333333323 0.4386666666666666 0.6326666666666667 0.40866666666666673 0.1698333333333334 0.32716666666666677 0.6616666666666668 0.39266666666666666 0.21549999999999997 0.4565000000000001 0.13083333333333333 0.36166666666666664 0.24616666666666667 1.0 0.23483333333333334 0.07283333333333332 0.4334999999999999 0.34099999999999997 0.41616666666666674 0.6296666666666667 0.6136666666666669 0.5640000000000002 0.40516666666666673 0.5051666666666668 0.4195 0.3026666666666666 0.13283333333333333 0.17316666666666664 0.5609999999999998 0.4651666666666667 0.2028333333333333 0.17649999999999996 0.28266666666666673 0.31416666666666654 0.009500000000000001 0.050666666666666665 0.14383333333333334 0.4341666666666666 0.4873333333333335 0.5375 0.2078333333333333 0.13266666666666663 0.24350000000000002 0.22649999999999995 0.09433333333333334 0.24133333333333337 0.2064999999999999 0.04983333333333331 0.16233333333333338 0.13016666666666665 0.013499999999999998 0.03416666666666667 0.034833333333333334 0.13133333333333327 0.1343333333333333 0.2956666666666667 0.33416666666666667 0.15366666666666667 0.18666666666666665 0.18383333333333338 0.10766666666666669 0.19150000000000003 0.2525 0.40666666666666673 0.19 0.16050000000000003 0.2831666666666667 0.2855 0.24266666666666661 0.1283333333333333 0.389 0.26599999999999996 0.09983333333333334 0.21316666666666662 0.23300000000000004 0.06283333333333334 0.2639999999999999 0.16183333333333338 0.03783333333333333 0.025666666666666664 0.41733333333333333 0.055500000000000015 0.4620000000000001 0.5631666666666666 0.5288333333333332 0.2708333333333334 0.5535 0.4389999999999999 
0.0625 0.2756666666666667 0.2525 0.07333333333333333 0.024499999999999997 0.3559999999999999 0.17133333333333337 0.07066666666666664 0.18916666666666665 0.30800000000000005 0.27466666666666667 0.3506666666666667 0.2553333333333333 0.36849999999999994 0.22033333333333327 0.23483333333333334 1.0 0.564 0.2781666666666667 0.20650000000000002 0.33049999999999996 0.10466666666666667 0.3939999999999999 0.10216666666666667 0.39699999999999996 0.4061666666666667 0.27533333333333326 0.2675 0.4918333333333332 0.5765 0.30200000000000005 0.24649999999999994 0.1585 0.1623333333333333 0.5050000000000001 0.5185 0.4693333333333335 0.49916666666666676 0.3881666666666667 0.289 0.26700000000000007 0.26999999999999996 0.5491666666666669 0.341 0.41483333333333333 0.41833333333333345 0.4513333333333335 0.19133333333333324 0.43233333333333335 0.22 0.41 0.2921666666666666 0.32166666666666666 0.4199999999999999 0.5895 0.3208333333333334 0.4425 0.3053333333333334 0.252 0.1328333333333333 0.3098333333333334 0.03466666666666668 0.4014999999999999 0.059 0.2901666666666667 0.37199999999999983 0.5374999999999999 0.36199999999999993 0.2568333333333333 0.2695 0.5593333333333332 0.5755 0.3353333333333333 0.5121666666666667 0.2678333333333333 0.39649999999999996 0.17300000000000004 0.46616666666666673 0.7176666666666668 0.4248333333333332 0.4991666666666667 0.4988333333333332 0.24149999999999994 0.48383333333333334 0.54 0.42833333333333334 0.06649999999999999 0.3593333333333333 0.12133333333333333 0.1325 
0.06216666666666665 0.5896666666666667 0.1961666666666666 0.2768333333333334 0.10983333333333337 0.07916666666666665 0.25316666666666665 0.349 0.03516666666666667 0.5454999999999999 0.028833333333333332 0.10733333333333336 0.154 0.028000000000000008 0.029000000000000005 0.07283333333333332 0.564 1.0 0.42133333333333334 0.5063333333333333 0.3983333333333334 0.21833333333333332 0.07649999999999997 0.259 0.1025 0.11750000000000003 0.04383333333333333 0.2795000000000001 0.6301666666666668 0.5843333333333331 0.1235 0.2728333333333333 0.08833333333333332 0.10966666666666666 0.19199999999999995 0.19866666666666663 0.7916666666666665 0.7938333333333333 0.2775000000000001 0.38933333333333336 0.21033333333333337 0.17749999999999996 0.19049999999999997 0.3973333333333334 0.05816666666666667 0.06000000000000001 0.8086666666666668 0.19783333333333336 0.07983333333333333 0.13699999999999998 0.0723333333333333 0.02616666666666667 0.6533333333333335 0.7450000000000001 0.6375000000000002 0.39366666666666666 0.7741666666666669 0.622 0.496 0.25166666666666665 0.2995000000000001 0.3396666666666668 0.5241666666666667 0.3838333333333334 0.02533333333333334 0.03950000000000001 0.2096666666666667 0.10066666666666668 0.5595 0.5618333333333332 0.5518333333333335 0.5055 0.43766666666666687 0.6258333333333334 0.5573333333333335 0.6655000000000001 0.23699999999999996 0.659166666666667 0.5798333333333333 0.7495000000000003 0.767833333333333 0.8230000000000003 0.32666666666666666 0.7633333333333334 0.1916666666666667 0.07816666666666665 0.2036666666666666 0.44849999999999995 0.1425 0.13833333333333328 
0.050333333333333334 0.7378333333333333 0.31633333333333336 0.5406666666666667 0.35266666666666674 0.5053333333333332 0.08166666666666667 0.5921666666666666 0.35633333333333334 0.6163333333333333 0.06116666666666666 0.3901666666666668 0.19566666666666674 0.2406666666666667 0.053 0.4334999999999999 0.2781666666666667 0.42133333333333334 1.0 0.8071666666666667 0.1446666666666667 0.3256666666666666 0.4126666666666667 0.6046666666666666 0.2708333333333333 0.2941666666666667 0.35133333333333333 0.5840000000000001 0.20433333333333334 0.37433333333333335 0.28583333333333333 0.4901666666666668 0.04016666666666666 0.045 0.18749999999999997 0.19400000000000003 0.41466666666666685 0.32966666666666666 0.07249999999999997 0.16183333333333333 0.18433333333333335 0.14400000000000004 0.18700000000000006 0.27666666666666667 0.1136666666666667 0.11166666666666673 0.4738333333333333 0.20433333333333334 0.12450000000000001 0.12683333333333333 0.09083333333333332 0.03583333333333333 0.3229999999999999 0.4346666666666667 0.22216666666666665 0.163 0.49949999999999994 0.6841666666666665 0.5581666666666666 0.25183333333333335 0.30616666666666664 0.4026666666666667 0.2998333333333333 0.436 0.10633333333333336 0.3375000000000001 0.09066666666666665 0.08966666666666667 0.7343333333333334 0.7253333333333332 0.5928333333333332 0.20233333333333334 0.5391666666666667 0.47616666666666674 0.39716666666666645 0.5148333333333334 0.309 0.2663333333333334 0.2835000000000001 0.5314999999999999 0.37249999999999983 0.36383333333333334 0.13 0.3285 0.38266666666666665 0.47550000000000003 0.24099999999999994 0.14416666666666667 0.36483333333333334 0.29699999999999993 
0.057333333333333326 0.892666666666667 0.2493333333333333 0.6743333333333333 0.42216666666666663 0.37383333333333335 0.20933333333333334 0.7411666666666668 0.2891666666666666 0.7256666666666668 0.014500000000000002 0.2955000000000001 0.15116666666666667 0.18950000000000003 0.012166666666666668 0.34099999999999997 0.20650000000000002 0.5063333333333333 0.8071666666666667 1.0 0.25466666666666676 0.42849999999999994 0.308 0.6288333333333332 0.17916666666666667 0.1918333333333333 0.2528333333333333 0.4485 0.32116666666666666 0.2906666666666667 0.21716666666666667 0.39350000000000007 0.06999999999999999 0.09316666666666663 0.09166666666666666 0.09783333333333336 0.5723333333333332 0.479 0.09833333333333334 0.26533333333333337 0.1575 0.08900000000000001 0.09100000000000003 0.24683333333333327 0.011333333333333332 0.015333333333333334 0.6291666666666668 0.2943333333333334 0.03900000000000001 0.20199999999999993 0.035666666666666666 0.013500000000000002 0.4893333333333334 0.5861666666666668 0.3726666666666667 0.2853333333333333 0.6541666666666665 0.8340000000000001 0.6735000000000002 0.4068333333333333 0.27183333333333326 0.5493333333333335 0.29383333333333345 0.5899999999999999 0.05916666666666665 0.23366666666666663 0.032000000000000015 0.07066666666666667 0.8716666666666663 0.8671666666666665 0.4613333333333334 0.2738333333333333 0.5356666666666667 0.4246666666666667 0.4268333333333333 0.6543333333333333 0.4611666666666666 0.38199999999999995 0.2111666666666667 0.6818333333333331 0.46933333333333344 0.4813333333333333 0.22549999999999998 0.4713333333333335 0.28683333333333333 0.37783333333333324 0.341 0.24166666666666672 0.4668333333333332 0.42683333333333345 
0.27983333333333327 0.2509999999999999 0.3268333333333334 0.40849999999999986 0.45616666666666666 0.05933333333333332 0.4573333333333332 0.24250000000000005 0.27833333333333327 0.3378333333333334 0.09949999999999998 0.02416666666666667 0.049833333333333334 0.0315 0.1698333333333333 0.41616666666666674 0.33049999999999996 0.3983333333333334 0.1446666666666667 0.25466666666666676 1.0 0.7080000000000001 0.1703333333333333 0.3313333333333333 0.1295 0.17533333333333334 0.14483333333333334 0.08133333333333333 0.5236666666666667 0.17249999999999996 0.3231666666666666 0.2131666666666667 0.3125 0.31533333333333335 0.10733333333333332 0.1746666666666667 0.4576666666666666 0.5073333333333335 0.39899999999999985 0.7945 0.4998333333333332 0.6061666666666667 0.04883333333333331 0.06816666666666665 0.08266666666666668 0.05183333333333333 0.3866666666666667 0.22716666666666663 0.07783333333333331 0.16700000000000004 0.050666666666666665 0.09966666666666667 0.3424999999999999 0.4796666666666667 0.4851666666666665 0.3804999999999999 0.3713333333333334 0.26099999999999995 0.21016666666666667 0.2325 0.01983333333333333 0.24683333333333338 0.21500000000000002 0.22966666666666669 0.08183333333333334 0.028666666666666667 0.22066666666666668 0.11216666666666664 0.3345 0.34150000000000014 0.23633333333333326 0.46833333333333355 0.2041666666666667 0.29150000000000004 0.14183333333333334 0.34900000000000003 0.2781666666666667 0.41383333333333333 0.2818333333333333 0.3768333333333333 0.36766666666666675 0.4171666666666665 0.8243333333333334 0.48666666666666686 0.13500000000000004 0.07400000000000001 0.618 0.6485000000000001 0.3926666666666667 0.4136666666666666 
0.2613333333333333 0.4068333333333333 0.297 0.5845000000000001 0.654 0.19599999999999998 0.3559999999999999 0.4059999999999999 0.4738333333333334 0.4636666666666666 0.07800000000000003 0.15733333333333333 0.016333333333333335 0.1443333333333333 0.1446666666666667 0.6296666666666667 0.10466666666666667 0.21833333333333332 0.3256666666666666 0.42849999999999994 0.7080000000000001 1.0 0.37816666666666654 0.5351666666666666 0.29283333333333333 0.36300000000000004 0.2765 0.1751666666666666 0.29033333333333333 0.010166666666666668 0.527833333333333 0.41300000000000003 0.2858333333333334 0.28699999999999987 0.16150000000000006 0.2150000000000001 0.214 0.26466666666666666 0.22899999999999998 0.7081666666666664 0.5516666666666667 0.5005000000000001 0.011166666666666668 0.03266666666666666 0.0545 0.021833333333333337 0.3029999999999999 0.25733333333333336 0.04949999999999998 0.1401666666666666 0.016 0.06866666666666667 0.19683333333333336 0.2406666666666667 0.2415 0.32233333333333325 0.29183333333333333 0.3955 0.3701666666666666 0.2856666666666666 0.044000000000000004 0.3071666666666666 0.09116666666666666 0.3065 0.10016666666666664 0.15316666666666667 0.05049999999999999 0.0898333333333333 0.41116666666666674 0.40233333333333327 0.1725 0.2426666666666667 0.36783333333333346 0.25383333333333324 0.22333333333333336 0.3368333333333332 0.3851666666666667 0.19516666666666665 0.05183333333333333 0.35216666666666674 0.12966666666666668 0.17633333333333334 0.6098333333333332 0.24450000000000005 0.2723333333333333 0.2788333333333334 0.741 0.4078333333333334 0.6176666666666665 0.5605000000000002 
0.29233333333333333 0.29000000000000004 0.29699999999999993 0.44366666666666665 0.39599999999999996 0.6648333333333332 0.2668333333333333 0.4216666666666668 0.6033333333333334 0.2773333333333332 0.439 0.6855 0.35283333333333333 0.633 0.4370000000000001 0.6136666666666669 0.3939999999999999 0.07649999999999997 0.4126666666666667 0.308 0.1703333333333333 0.37816666666666654 1.0 0.5331666666666667 0.7365 0.8291666666666664 0.6255000000000001 0.5251666666666664 0.04016666666666666 0.22766666666666668 0.6456666666666665 0.5568333333333334 0.2831666666666667 0.2796666666666667 0.6263333333333333 0.6594999999999999 0.0011666666666666668 0.0011666666666666668 0.276 0.20016666666666666 0.279 0.2851666666666667 0.45183333333333325 0.14733333333333332 0.5818333333333333 0.5501666666666665 0.10933333333333335 0.27649999999999997 0.5308333333333333 0.30800000000000005 0.44666666666666677 0.40083333333333326 0.056499999999999995 0.008833333333333334 0.08866666666666666 0.04316666666666667 0.13666666666666666 0.2725000000000001 0.27449999999999997 0.30649999999999994 0.29866666666666664 0.2846666666666666 0.05866666666666667 0.24566666666666662 0.5236666666666666 0.7035000000000001 0.44483333333333336 0.4328333333333333 0.2511666666666667 0.24650000000000002 0.32250000000000006 0.15649999999999997 0.3203333333333333 0.23333333333333336 0.13900000000000007 0.19149999999999998 0.39899999999999997 0.034 0.291 0.15783333333333333 0.020166666666666666 0.0045000000000000005 0.13916666666666666 0.0023333333333333335 0.7383333333333333 0.7978333333333333 0.285 0.11749999999999998 0.5336666666666666 0.412 
0.18749999999999997 0.5790000000000001 0.32549999999999996 0.7863333333333337 0.4996666666666667 0.4805 0.29833333333333334 0.6988333333333334 0.4481666666666667 0.5900000000000001 0.11233333333333334 0.4545000000000001 0.18950000000000003 0.2938333333333334 0.14116666666666666 0.5640000000000002 0.10216666666666667 0.259 0.6046666666666666 0.6288333333333332 0.3313333333333333 0.5351666666666666 0.5331666666666667 1.0 0.38766666666666666 0.4139999999999999 0.4775 0.5098333333333334 0.1316666666666667 0.18549999999999997 0.38366666666666643 0.5745 0.25083333333333335 0.25683333333333336 0.2335 0.2705000000000001 0.2848333333333334 0.2744999999999999 0.21249999999999994 0.33149999999999996 0.30366666666666664 0.23300000000000004 0.09883333333333333 0.11716666666666667 0.20149999999999996 0.17383333333333334 0.3331666666666668 0.23783333333333334 0.1656666666666666 0.1765 0.07766666666666666 0.1336666666666667 0.2726666666666667 0.3070000000000001 0.13233333333333333 0.203 0.36983333333333335 0.5246666666666668 0.5266666666666666 0.3771666666666667 0.20966666666666672 0.5423333333333332 0.18283333333333332 0.5213333333333334 0.16049999999999998 0.3926666666666668 0.10633333333333338 0.14216666666666664 0.5794999999999999 0.5788333333333334 0.32933333333333337 0.08483333333333333 0.4504999999999999 0.3786666666666668 0.2615 0.4426666666666667 0.42300000000000004 0.15666666666666665 0.11983333333333332 0.3961666666666666 0.2256666666666667 0.23850000000000005 0.3045 0.29033333333333344 0.3745000000000001 0.5394999999999999 0.4268333333333334 0.18366666666666667 0.5720000000000002 0.5585000000000001 
