1.0 0.737 0.18949999999999995 0.2083333333333333 0.6066666666666669 0.5781666666666667 0.27249999999999996 0.21350000000000002 0.6753333333333333 0.54 0.8191666666666667 0.6941666666666667 0.7765 0.1455 0.591 0.18950000000000003 0.6796666666666665 0.7386666666666667 0.4446666666666669 0.457 0.5818333333333334 0.5904999999999999 0.039000000000000014 0.04433333333333333 0.0915 0.14966666666666664 0.5615000000000001 0.5725000000000001 0.7215 0.7023333333333334 0.18516666666666662 0.19033333333333333 0.8171666666666664 0.8206666666666667 0.05816666666666667 0.006 0.10216666666666667 0.3851666666666667 0.5758333333333333 0.5971666666666667 0.6694999999999999 0.5558333333333334 0.18483333333333335 0.18849999999999995 0.6013333333333333 0.6106666666666666 0.12316666666666665 0.1898333333333333 0.6373333333333335 0.19049999999999997 0.22233333333333327 0.17516666666666666 0.6748333333333332 0.6206666666666668 0.46166666666666667 0.3456666666666667 0.6538333333333333 0.7858333333333332 0.7315 0.3245 0.7166666666666669 0.6208333333333335 0.6835 0.7110000000000002 0.07366666666666667 0.019000000000000003 0.16899999999999996 0.03433333333333334 0.6244999999999999 0.5978333333333332 0.14150000000000001 0.2414999999999999 0.5408333333333333 0.3335 0.3351666666666666 0.20583333333333328 0.6263333333333333 0.30766666666666664 0.6243333333333332 0.6883333333333335 0.7128333333333333 0.606 0.6940000000000002 0.6731666666666666 0.039166666666666676 0.030333333333333334 0.6736666666666664 0.20616666666666666 0.6685 0.14666666666666664 
0.737 1.0 0.03800000000000001 0.04366666666666667 0.8071666666666666 0.7495 0.10683333333333335 0.047000000000000014 0.7660000000000002 0.5308333333333333 0.7020000000000001 0.5103333333333333 0.7068333333333332 0.13450000000000004 0.5329999999999999 0.13683333333333336 0.8408333333333333 0.8270000000000001 0.25783333333333336 0.30450000000000005 0.7456666666666668 0.7598333333333334 0.062333333333333345 0.06266666666666668 0.07216666666666667 0.05883333333333332 0.7478333333333331 0.7493333333333331 0.8014999999999999 0.6339999999999999 0.03983333333333334 0.04816666666666667 0.6958333333333332 0.6588333333333334 0.24666666666666665 0.18616666666666673 0.26066666666666666 0.37066666666666664 0.7594999999999997 0.7750000000000001 0.8141666666666665 0.5001666666666666 0.061000000000000006 0.038833333333333345 0.6788333333333333 0.6684999999999998 0.07016666666666667 0.037000000000000005 0.6901666666666668 0.038500000000000006 0.07733333333333334 0.04166666666666667 0.87 0.6114999999999999 0.3318333333333333 0.21149999999999988 0.8279999999999998 0.8504999999999999 0.7213333333333333 0.47 0.8395 0.7660000000000001 0.7661666666666668 0.8025000000000001 0.0785 0.17133333333333337 0.05366666666666666 0.212 0.7999999999999998 0.7761666666666666 0.1306666666666667 0.1476666666666667 0.3390000000000001 0.138 0.40483333333333343 0.04016666666666668 0.4549999999999999 0.12999999999999998 0.7851666666666667 0.6948333333333333 0.8113333333333332 0.7773333333333333 0.7749999999999999 0.8405000000000002 0.06983333333333333 0.10649999999999997 0.7600000000000001 0.40016666666666656 0.6861666666666666 0.31616666666666665 
0.18949999999999995 0.03800000000000001 1.0 0.9630000000000003 0.009 0.00016666666666666666 0.7946666666666666 0.9223333333333333 0.0006666666666666666 0.1923333333333333 0.04466666666666666 0.3466666666666666 0.025666666666666674 0.6769999999999999 0.036000000000000004 0.5616666666666665 0.0003333333333333333 0.0011666666666666668 0.6451666666666668 0.6225 0.00016666666666666666 0.0003333333333333333 0.7415000000000002 0.7496666666666667 0.8553333333333331 0.9268333333333335 0.00016666666666666666 0.0003333333333333333 0.0005 0.050666666666666645 0.9855000000000002 0.9245000000000003 0.1991666666666666 0.21899999999999992 0.6136666666666667 0.7043333333333333 0.4966666666666665 0.32733333333333337 0.00016666666666666666 0.0 0.00016666666666666666 0.13783333333333336 0.9166666666666669 0.9925000000000003 0.010666666666666666 0.11483333333333329 0.8558333333333333 0.9933333333333336 0.05216666666666666 0.9883333333333337 0.93 0.9578333333333334 0.011166666666666668 0.2685 0.5708333333333332 0.713 0.0034999999999999996 0.08550000000000005 0.09649999999999999 0.31116666666666665 0.0003333333333333333 0.0038333333333333336 0.0006666666666666666 0.0003333333333333333 0.8356666666666668 0.7164999999999999 0.9521666666666667 0.7175000000000001 0.008833333333333332 0.005833333333333334 0.4978333333333333 0.501 0.46750000000000014 0.740833333333333 0.2723333333333333 0.9628333333333338 0.38966666666666655 0.8015000000000002 0.0021666666666666666 0.08366666666666667 0.0003333333333333333 0.006333333333333333 0.0006666666666666666 0.0003333333333333333 0.7228333333333333 0.7071666666666667 0.028833333333333336 0.41783333333333333 0.09683333333333331 0.5851666666666666 
0.2083333333333333 0.04366666666666667 0.9630000000000003 1.0 0.006166666666666666 0.006333333333333333 0.7718333333333335 0.951666666666667 0.004166666666666667 0.22083333333333333 0.05499999999999998 0.37566666666666676 0.05133333333333332 0.6971666666666669 0.04083333333333334 0.5878333333333332 0.0005 0.003833333333333333 0.6671666666666667 0.6546666666666667 0.0003333333333333333 0.0005 0.7428333333333336 0.7503333333333334 0.8434999999999999 0.9126666666666666 0.0003333333333333333 0.0005 0.0005 0.039333333333333324 0.9508333333333334 0.9053333333333333 0.17600000000000005 0.1948333333333333 0.6103333333333335 0.7003333333333334 0.4959999999999998 0.3368333333333334 0.0003333333333333333 0.0005 0.0003333333333333333 0.1196666666666667 0.9048333333333332 0.9626666666666668 0.009000000000000001 0.10333333333333333 0.8495 0.9621666666666668 0.05133333333333332 0.9590000000000003 0.9031666666666669 0.9425000000000001 0.027666666666666666 0.2446666666666667 0.5943333333333333 0.7018333333333332 0.010166666666666668 0.06833333333333336 0.10766666666666666 0.3163333333333333 0.0051666666666666675 0.008500000000000002 0.0031666666666666666 0.004166666666666667 0.8246666666666667 0.7146666666666666 0.9231666666666668 0.7070000000000002 0.03316666666666668 0.023666666666666662 0.5008333333333332 0.48616666666666675 0.4450000000000001 0.7181666666666665 0.2774999999999999 0.9744999999999999 0.3661666666666667 0.7808333333333334 0.0036666666666666666 0.07466666666666666 0.0005 0.013499999999999998 0.0006666666666666666 0.0003333333333333333 0.7214999999999999 0.7069999999999999 0.029333333333333336 0.4150000000000001 0.12549999999999997 0.5886666666666668 
0.6066666666666669 0.8071666666666666 0.009 0.006166666666666666 1.0 0.8403333333333335 0.08733333333333335 0.014833333333333332 0.7985000000000001 0.5380000000000001 0.6203333333333334 0.4088333333333333 0.6198333333333333 0.06916666666666668 0.5800000000000002 0.0745 0.7973333333333333 0.7239999999999999 0.17650000000000005 0.209 0.8295 0.8475000000000003 0.10349999999999998 0.09966666666666665 0.13216666666666665 0.07666666666666665 0.8678333333333333 0.8375000000000001 0.732833333333333 0.5538333333333333 0.017166666666666667 0.020333333333333335 0.6976666666666665 0.6898333333333335 0.32300000000000006 0.2636666666666667 0.35516666666666674 0.3766666666666667 0.8253333333333334 0.8101666666666669 0.8113333333333332 0.44633333333333325 0.038000000000000006 0.009333333333333332 0.7643333333333336 0.6491666666666667 0.10766666666666666 0.0085 0.6288333333333332 0.008833333333333334 0.017166666666666667 0.04050000000000001 0.7695000000000001 0.49399999999999994 0.37050000000000005 0.2631666666666666 0.7383333333333333 0.7388333333333336 0.6488333333333334 0.49633333333333346 0.7573333333333333 0.7043333333333335 0.7773333333333331 0.7568333333333332 0.1371666666666666 0.2313333333333334 0.03933333333333334 0.26216666666666677 0.7560000000000002 0.7675000000000002 0.15783333333333338 0.2008333333333333 0.22949999999999998 0.03583333333333334 0.36399999999999993 0.003833333333333333 0.3333333333333334 0.03216666666666667 0.7391666666666669 0.6000000000000003 0.753833333333333 0.7563333333333336 0.7581666666666668 0.795 0.10366666666666666 0.14649999999999996 0.7261666666666664 0.5039999999999999 0.6571666666666667 0.36999999999999994 
0.5781666666666667 0.7495 0.00016666666666666666 0.006333333333333333 0.8403333333333335 1.0 0.0805 0.008333333333333335 0.8739999999999999 0.4801666666666668 0.6240000000000001 0.40800000000000003 0.55 0.0075 0.5696666666666665 0.028333333333333335 0.8778333333333331 0.7991666666666666 0.1671666666666667 0.19549999999999998 0.9488333333333331 0.9608333333333335 0.0041666666666666675 0.003833333333333333 0.028999999999999995 0.0036666666666666666 0.9083333333333331 0.9691666666666672 0.8051666666666668 0.4808333333333335 0.0034999999999999996 0.0 0.6649999999999998 0.6476666666666666 0.2733333333333334 0.1706666666666667 0.4588333333333334 0.42816666666666675 0.9598333333333335 0.9470000000000002 0.878 0.3640000000000001 0.00016666666666666666 0.0003333333333333333 0.6921666666666668 0.604 0.011166666666666667 0.00016666666666666666 0.5695 0.0003333333333333333 0.0005 0.0006666666666666666 0.7411666666666669 0.47100000000000003 0.3739999999999999 0.26416666666666666 0.876166666666667 0.7283333333333333 0.7768333333333333 0.6023333333333334 0.8355000000000001 0.7803333333333333 0.8523333333333336 0.833 0.031 0.12600000000000003 0.008166666666666666 0.17633333333333334 0.87 0.8993333333333332 0.21783333333333338 0.16233333333333333 0.19516666666666665 0.031333333333333345 0.4373333333333334 0.005166666666666666 0.3183333333333333 0.02316666666666667 0.8691666666666668 0.5713333333333335 0.8314999999999999 0.8946666666666667 0.8294999999999999 0.8788333333333336 0.006166666666666667 0.053 0.8099999999999998 0.47916666666666674 0.7618333333333333 0.2881666666666667 
0.27249999999999996 0.10683333333333335 0.7946666666666666 0.7718333333333335 0.08733333333333335 0.0805 1.0 0.7321666666666664 0.08433333333333332 0.31333333333333324 0.13183333333333336 0.4768333333333333 0.11716666666666663 0.48849999999999993 0.20566666666666666 0.5581666666666668 0.07866666666666665 0.08083333333333333 0.46533333333333327 0.4430000000000001 0.0705 0.07716666666666666 0.5425 0.5489999999999999 0.655 0.725 0.06083333333333332 0.07166666666666667 0.0825 0.2003333333333333 0.7841666666666666 0.7229999999999999 0.2850000000000001 0.3053333333333333 0.42833333333333345 0.5053333333333334 0.3183333333333333 0.4108333333333333 0.06866666666666667 0.07166666666666666 0.07999999999999999 0.30700000000000005 0.7148333333333333 0.7916666666666664 0.061 0.16833333333333328 0.6581666666666668 0.7926666666666666 0.094 0.786833333333333 0.7334999999999999 0.7569999999999999 0.07333333333333332 0.3388333333333333 0.38299999999999995 0.5256666666666667 0.07400000000000001 0.16899999999999998 0.17216666666666666 0.3991666666666667 0.08316666666666667 0.14766666666666667 0.083 0.08266666666666668 0.6350000000000001 0.5166666666666667 0.7493333333333334 0.5176666666666668 0.07066666666666664 0.06716666666666665 0.5565 0.5531666666666666 0.6555000000000001 0.7515000000000001 0.4540000000000001 0.7765000000000001 0.4810000000000001 0.6080000000000002 0.06466666666666666 0.13200000000000003 0.07933333333333333 0.0695 0.08583333333333332 0.07366666666666666 0.5235000000000001 0.5058333333333332 0.10566666666666664 0.22533333333333327 0.14950000000000002 0.3863333333333334 
0.21350000000000002 0.047000000000000014 0.9223333333333333 0.951666666666667 0.014833333333333332 0.008333333333333335 0.7321666666666664 1.0 0.005833333333333333 0.2621666666666666 0.08166666666666667 0.39850000000000013 0.09066666666666669 0.7350000000000001 0.073 0.6286666666666665 0.0023333333333333335 0.005666666666666666 0.6963333333333332 0.6911666666666667 0.003333333333333333 0.002833333333333333 0.7748333333333334 0.7849999999999998 0.8308333333333334 0.8888333333333334 0.004166666666666667 0.0026666666666666666 0.003 0.06083333333333333 0.9116666666666667 0.9155000000000001 0.13583333333333336 0.1541666666666667 0.6161666666666669 0.7115000000000002 0.4979999999999999 0.36650000000000005 0.0023333333333333335 0.0021666666666666666 0.002 0.1445 0.9178333333333333 0.9218333333333336 0.03983333333333334 0.12766666666666662 0.8561666666666669 0.9223333333333334 0.08266666666666665 0.9193333333333337 0.870166666666667 0.9105000000000003 0.050166666666666665 0.22316666666666665 0.5654999999999999 0.6600000000000001 0.011333333333333332 0.04966666666666669 0.11750000000000002 0.32016666666666665 0.006999999999999999 0.011500000000000002 0.0055 0.006 0.821 0.7378333333333333 0.8871666666666667 0.7024999999999999 0.03683333333333336 0.024666666666666674 0.5119999999999998 0.48016666666666674 0.40483333333333343 0.6770000000000002 0.2793333333333333 0.9451666666666668 0.32916666666666666 0.7691666666666669 0.005166666666666666 0.10433333333333333 0.0021666666666666666 0.014333333333333332 0.0023333333333333335 0.002 0.7543333333333332 0.7346666666666667 0.030833333333333338 0.4206666666666666 0.1411666666666666 0.6035 
0.6753333333333333 0.7660000000000002 0.0006666666666666666 0.004166666666666667 0.7985000000000001 0.8739999999999999 0.08433333333333332 0.005833333333333333 1.0 0.4586666666666666 0.7318333333333333 0.42133333333333345 0.6461666666666664 0.01266666666666667 0.6609999999999998 0.06649999999999999 0.9026666666666668 0.9073333333333331 0.19516666666666668 0.20999999999999994 0.8621666666666665 0.8819999999999999 0.0011666666666666668 0.0005 0.019000000000000003 0.0018333333333333335 0.8053333333333331 0.8706666666666665 0.9196666666666666 0.5838333333333332 0.0025 0.0013333333333333333 0.7644999999999998 0.7344999999999999 0.19333333333333333 0.11416666666666667 0.3916666666666668 0.38249999999999995 0.8744999999999997 0.8700000000000001 0.9138333333333333 0.4639999999999999 0.0003333333333333333 0.0003333333333333333 0.6303333333333334 0.5598333333333333 0.003666666666666667 0.0005 0.5463333333333332 0.0003333333333333333 0.0018333333333333335 0.0003333333333333333 0.6868333333333334 0.5543333333333333 0.3394999999999999 0.22433333333333338 0.8276666666666666 0.8161666666666663 0.7469999999999999 0.5478333333333333 0.9134999999999996 0.789166666666667 0.9675000000000005 0.9438333333333331 0.020499999999999997 0.07816666666666668 0.0075000000000000015 0.10766666666666666 0.814 0.8421666666666665 0.25666666666666665 0.22833333333333325 0.29316666666666663 0.0845 0.5351666666666667 0.003833333333333333 0.4086666666666667 0.05299999999999999 0.8538333333333331 0.5636666666666668 0.9368333333333334 0.843333333333333 0.9421666666666663 0.8796666666666666 0.005333333333333333 0.018 0.9031666666666668 0.4024999999999999 0.7191666666666666 0.2396666666666667 
0.54 0.5308333333333333 0.1923333333333333 0.22083333333333333 0.5380000000000001 0.4801666666666668 0.31333333333333324 0.2621666666666666 0.4586666666666666 1.0 0.5738333333333334 0.7748333333333335 0.6140000000000001 0.3775 0.6233333333333333 0.43016666666666675 0.4771666666666665 0.4711666666666668 0.424 0.49033333333333345 0.47966666666666674 0.47583333333333333 0.307 0.31516666666666665 0.27216666666666667 0.2278333333333334 0.48783333333333345 0.4646666666666668 0.47666666666666657 0.6480000000000001 0.19583333333333333 0.22800000000000004 0.4586666666666666 0.4638333333333334 0.11650000000000002 0.22149999999999997 0.23199999999999996 0.37033333333333324 0.45600000000000007 0.46050000000000013 0.4615000000000001 0.5146666666666668 0.2401666666666667 0.19149999999999998 0.5770000000000001 0.5351666666666667 0.2798333333333333 0.19166666666666665 0.6248333333333331 0.192 0.22233333333333327 0.2 0.5803333333333335 0.2781666666666667 0.48399999999999993 0.3546666666666667 0.4843333333333333 0.47599999999999987 0.5346666666666665 0.5153333333333334 0.4920000000000001 0.5513333333333335 0.45166666666666666 0.4751666666666668 0.29266666666666663 0.26733333333333326 0.19466666666666668 0.18183333333333337 0.4773333333333333 0.4590000000000001 0.18300000000000005 0.20350000000000001 0.318 0.29666666666666675 0.2686666666666666 0.21849999999999997 0.2773333333333333 0.25099999999999995 0.4628333333333333 0.6090000000000002 0.46716666666666656 0.4455000000000001 0.45483333333333337 0.48716666666666647 0.2848333333333333 0.2621666666666666 0.4276666666666664 0.4071666666666667 0.554 0.3731666666666667 
0.8191666666666667 0.7020000000000001 0.04466666666666666 0.05499999999999998 0.6203333333333334 0.6240000000000001 0.13183333333333336 0.08166666666666667 0.7318333333333333 0.5738333333333334 1.0 0.5676666666666665 0.8639999999999998 0.21933333333333338 0.7433333333333333 0.27099999999999996 0.7296666666666664 0.7961666666666667 0.3375 0.34866666666666674 0.6361666666666668 0.6391666666666668 0.12249999999999997 0.12616666666666668 0.047 0.045333333333333316 0.5865 0.6206666666666668 0.7861666666666669 0.7818333333333334 0.041499999999999995 0.09 0.6993333333333334 0.6956666666666667 0.07216666666666666 0.02966666666666666 0.1566666666666667 0.491 0.6228333333333335 0.6448333333333334 0.7238333333333332 0.6325 0.08716666666666667 0.04383333333333332 0.674 0.6638333333333334 0.07099999999999998 0.04466666666666665 0.7100000000000002 0.04583333333333332 0.08783333333333335 0.045666666666666654 0.685833333333333 0.5553333333333335 0.3155 0.19833333333333328 0.6996666666666669 0.7336666666666669 0.7421666666666666 0.38433333333333336 0.7731666666666664 0.6799999999999998 0.7463333333333334 0.7691666666666669 0.05366666666666667 0.05566666666666667 0.041333333333333326 0.027666666666666662 0.6266666666666666 0.6203333333333334 0.25566666666666665 0.2611666666666667 0.4138333333333333 0.2025 0.4048333333333333 0.05949999999999998 0.5238333333333332 0.19216666666666668 0.6743333333333336 0.7351666666666665 0.7681666666666669 0.6511666666666668 0.7581666666666668 0.7214999999999998 0.12516666666666668 0.10800000000000003 0.7291666666666669 0.21366666666666664 0.6473333333333335 0.16799999999999998 
0.6941666666666667 0.5103333333333333 0.3466666666666666 0.37566666666666676 0.4088333333333333 0.40800000000000003 0.4768333333333333 0.39850000000000013 0.42133333333333345 0.7748333333333335 0.5676666666666665 1.0 0.5653333333333334 0.30200000000000005 0.5179999999999999 0.3548333333333335 0.45316666666666655 0.4821666666666664 0.555 0.6186666666666666 0.3976666666666669 0.4040000000000001 0.1861666666666667 0.19566666666666666 0.2518333333333334 0.3108333333333334 0.38350000000000006 0.39383333333333326 0.46616666666666645 0.5966666666666667 0.3401666666666667 0.33049999999999996 0.5518333333333334 0.5603333333333332 0.04083333333333333 0.12766666666666665 0.1628333333333333 0.3085 0.3950000000000001 0.4178333333333334 0.4426666666666668 0.49716666666666653 0.33233333333333337 0.34700000000000003 0.4218333333333334 0.42649999999999993 0.2823333333333333 0.34766666666666673 0.5193333333333335 0.3465 0.359 0.33649999999999997 0.5141666666666665 0.37983333333333325 0.5746666666666667 0.451 0.47833333333333333 0.5298333333333334 0.5859999999999999 0.48566666666666664 0.4773333333333332 0.5516666666666665 0.4278333333333334 0.45766666666666667 0.2351666666666667 0.1493333333333333 0.3155 0.12399999999999999 0.4606666666666667 0.43566666666666665 0.14166666666666664 0.19333333333333327 0.5198333333333331 0.48966666666666653 0.30116666666666675 0.3743333333333335 0.4575 0.42166666666666663 0.43449999999999994 0.5475000000000001 0.45516666666666666 0.4376666666666667 0.44533333333333336 0.4545 0.16699999999999998 0.1476666666666666 0.4274999999999999 0.3054999999999999 0.563 0.27316666666666667 
0.7765 0.7068333333333332 0.025666666666666674 0.05133333333333332 0.6198333333333333 0.55 0.11716666666666663 0.09066666666666669 0.6461666666666664 0.6140000000000001 0.8639999999999998 0.5653333333333334 1.0 0.31333333333333335 0.7250000000000001 0.3765 0.6423333333333332 0.7065 0.33000000000000007 0.33949999999999997 0.5523333333333333 0.5539999999999998 0.19833333333333328 0.2021666666666666 0.0645 0.04483333333333331 0.5385 0.5339999999999999 0.6955 0.8263333333333336 0.023000000000000007 0.08916666666666664 0.653 0.6403333333333333 0.10066666666666667 0.06983333333333334 0.09016666666666667 0.49083333333333334 0.5356666666666665 0.5578333333333333 0.6356666666666666 0.7160000000000002 0.08966666666666664 0.02600000000000001 0.7075 0.6973333333333334 0.08816666666666668 0.02583333333333334 0.7488333333333336 0.027166666666666672 0.07650000000000003 0.0305 0.7050000000000003 0.5793333333333333 0.2811666666666666 0.14683333333333326 0.6133333333333334 0.7075000000000001 0.6328333333333332 0.3343333333333334 0.6841666666666666 0.6018333333333336 0.6554999999999999 0.6816666666666665 0.08349999999999999 0.10583333333333331 0.03 0.05916666666666668 0.5855 0.5574999999999999 0.2403333333333333 0.30633333333333335 0.40866666666666673 0.19099999999999998 0.36166666666666664 0.04799999999999999 0.525 0.19433333333333333 0.5858333333333331 0.7644999999999997 0.68 0.5633333333333331 0.6708333333333333 0.6338333333333334 0.2011666666666666 0.17883333333333332 0.659833333333333 0.21149999999999994 0.5900000000000002 0.19666666666666668 
0.1455 0.13450000000000004 0.6769999999999999 0.6971666666666669 0.06916666666666668 0.0075 0.48849999999999993 0.7350000000000001 0.01266666666666667 0.3775 0.21933333333333338 0.30200000000000005 0.31333333333333335 1.0 0.19599999999999998 0.8421666666666663 0.048833333333333326 0.0751666666666667 0.5914999999999998 0.612 0.018500000000000003 0.009166666666666668 0.8631666666666667 0.8681666666666668 0.722333333333333 0.7088333333333332 0.029500000000000002 0.004833333333333334 0.06350000000000003 0.2656666666666666 0.6748333333333332 0.7471666666666665 0.022166666666666668 0.0215 0.5814999999999999 0.6905000000000001 0.5036666666666667 0.386 0.004666666666666666 0.016666666666666666 0.03600000000000001 0.2843333333333333 0.7490000000000001 0.6775 0.20749999999999993 0.21200000000000002 0.7345 0.6746666666666666 0.3123333333333333 0.6746666666666666 0.7321666666666665 0.6841666666666668 0.1843333333333334 0.21133333333333337 0.4026666666666667 0.4936666666666667 0.07050000000000002 0.07633333333333336 0.10566666666666669 0.23333333333333336 0.0645 0.07800000000000003 0.020666666666666663 0.04783333333333333 0.7446666666666664 0.7405000000000002 0.6788333333333334 0.6521666666666666 0.060666666666666653 0.03616666666666667 0.5293333333333333 0.5429999999999999 0.32516666666666666 0.5986666666666665 0.2711666666666667 0.6955 0.28983333333333333 0.716 0.04699999999999999 0.2993333333333334 0.05083333333333333 0.034333333333333334 0.036333333333333336 0.055833333333333304 0.8463333333333334 0.8069999999999997 0.032833333333333325 0.47083333333333327 0.11633333333333336 0.5763333333333334 
0.591 0.5329999999999999 0.036000000000000004 0.04083333333333334 0.5800000000000002 0.5696666666666665 0.20566666666666666 0.073 0.6609999999999998 0.6233333333333333 0.7433333333333333 0.5179999999999999 0.7250000000000001 0.19599999999999998 1.0 0.3251666666666667 0.5954999999999999 0.6006666666666667 0.26266666666666655 0.24633333333333332 0.5806666666666666 0.5811666666666665 0.2 0.20099999999999998 0.07066666666666666 0.04666666666666667 0.5401666666666665 0.5684999999999999 0.6381666666666667 0.7981666666666666 0.04033333333333333 0.09616666666666668 0.6128333333333333 0.6148333333333332 0.09299999999999999 0.07883333333333332 0.20233333333333334 0.47116666666666673 0.5656666666666667 0.562 0.6133333333333334 0.7275 0.0891666666666667 0.036333333333333336 0.6566666666666667 0.6240000000000001 0.0875 0.035500000000000004 0.6100000000000001 0.03666666666666667 0.048666666666666664 0.03816666666666667 0.5158333333333333 0.3963333333333333 0.3306666666666666 0.21066666666666667 0.5225 0.5471666666666666 0.5425000000000001 0.4373333333333332 0.606166666666667 0.6291666666666665 0.6605 0.6353333333333335 0.08666666666666666 0.10783333333333334 0.043500000000000004 0.06549999999999999 0.502 0.5258333333333333 0.3715000000000001 0.40399999999999997 0.3896666666666666 0.15816666666666665 0.465 0.046 0.3583333333333333 0.10133333333333334 0.5578333333333333 0.6156666666666668 0.6318333333333332 0.5373333333333333 0.661 0.5751666666666665 0.2041666666666667 0.18033333333333335 0.6075 0.2443333333333333 0.5136666666666668 0.2043333333333333 
0.18950000000000003 0.13683333333333336 0.5616666666666665 0.5878333333333332 0.0745 0.028333333333333335 0.5581666666666668 0.6286666666666665 0.06649999999999999 0.43016666666666675 0.27099999999999996 0.3548333333333335 0.3765 0.8421666666666663 0.3251666666666667 1.0 0.06949999999999998 0.1193333333333333 0.4906666666666665 0.49166666666666664 0.02983333333333333 0.024666666666666663 0.7399999999999999 0.743 0.6005 0.5821666666666666 0.03083333333333333 0.017333333333333333 0.11266666666666665 0.37633333333333346 0.5593333333333331 0.6275 0.07300000000000001 0.07300000000000001 0.49133333333333323 0.5938333333333333 0.4085000000000001 0.4078333333333333 0.01566666666666667 0.029166666666666674 0.06266666666666666 0.39683333333333337 0.6259999999999999 0.5614999999999999 0.19833333333333333 0.20499999999999993 0.6096666666666667 0.5598333333333332 0.2886666666666666 0.5608333333333333 0.6150000000000001 0.5649999999999998 0.17816666666666672 0.2471666666666666 0.2870000000000001 0.3818333333333333 0.08033333333333333 0.11900000000000002 0.10599999999999996 0.3071666666666666 0.10550000000000001 0.15566666666666665 0.07266666666666664 0.098 0.6216666666666666 0.6376666666666666 0.5628333333333332 0.5564999999999998 0.06833333333333332 0.04350000000000001 0.6193333333333332 0.6555 0.43883333333333346 0.7 0.39583333333333326 0.5866666666666664 0.34733333333333327 0.6066666666666665 0.054166666666666675 0.28316666666666673 0.09583333333333333 0.03950000000000001 0.08866666666666667 0.07233333333333335 0.7394999999999997 0.7066666666666667 0.07783333333333334 0.3646666666666667 0.10750000000000001 0.47066666666666684 
0.6796666666666665 0.8408333333333333 0.0003333333333333333 0.0005 0.7973333333333333 0.8778333333333331 0.07866666666666665 0.0023333333333333335 0.9026666666666668 0.4771666666666665 0.7296666666666664 0.45316666666666655 0.6423333333333332 0.048833333333333326 0.5954999999999999 0.06949999999999998 1.0 0.9135000000000001 0.2015 0.23499999999999993 0.8761666666666664 0.8943333333333332 0.0033333333333333335 0.002833333333333333 0.022666666666666665 0.0006666666666666666 0.8173333333333335 0.8823333333333332 0.9195 0.5828333333333333 0.0008333333333333334 0.00016666666666666666 0.6895 0.6558333333333333 0.23633333333333337 0.1548333333333333 0.39416666666666667 0.3950000000000001 0.8894999999999996 0.906833333333333 0.9471666666666668 0.44216666666666676 0.0 0.00016666666666666666 0.6313333333333332 0.5825 0.008666666666666666 0.0 0.5984999999999999 0.0 0.021333333333333336 0.0003333333333333333 0.7613333333333335 0.5596666666666665 0.3008333333333333 0.19933333333333336 0.9046666666666667 0.8311666666666665 0.8039999999999999 0.5820000000000001 0.9403333333333334 0.8636666666666669 0.8996666666666668 0.9323333333333337 0.026833333333333334 0.1148333333333333 0.004999999999999999 0.14766666666666667 0.8635000000000004 0.8648333333333333 0.249 0.15016666666666667 0.2925000000000001 0.08800000000000001 0.5066666666666666 0.0006666666666666666 0.4111666666666665 0.07333333333333333 0.8931666666666667 0.6038333333333334 0.9385000000000002 0.8775 0.9001666666666667 0.9603333333333337 0.004333333333333333 0.040166666666666684 0.8740000000000002 0.43483333333333346 0.7540000000000002 0.2711666666666666 
0.7386666666666667 0.8270000000000001 0.0011666666666666668 0.003833333333333333 0.7239999999999999 0.7991666666666666 0.08083333333333333 0.005666666666666666 0.9073333333333331 0.4711666666666668 0.7961666666666667 0.4821666666666664 0.7065 0.0751666666666667 0.6006666666666667 0.1193333333333333 0.9135000000000001 1.0 0.23550000000000001 0.26533333333333337 0.7975000000000001 0.8140000000000001 0.0025 0.002 0.017166666666666667 0.001 0.7381666666666667 0.8013333333333331 0.9478333333333334 0.644 0.0011666666666666668 0.0021666666666666666 0.7003333333333331 0.665 0.19316666666666665 0.11483333333333336 0.32433333333333336 0.38416666666666643 0.8101666666666667 0.8278333333333334 0.9023333333333333 0.49616666666666664 0.001 0.001 0.5686666666666667 0.5603333333333331 0.004666666666666667 0.0011666666666666668 0.5958333333333333 0.0011666666666666668 0.03216666666666667 0.0011666666666666668 0.7536666666666665 0.6098333333333334 0.2671666666666667 0.15633333333333335 0.8865000000000003 0.880166666666667 0.8001666666666665 0.5443333333333333 0.9533333333333336 0.8528333333333333 0.9128333333333332 0.9451666666666665 0.02083333333333333 0.07883333333333335 0.006999999999999999 0.10700000000000001 0.8109999999999998 0.8058333333333334 0.2535 0.16099999999999998 0.35949999999999993 0.15083333333333335 0.5695000000000001 0.004833333333333333 0.4793333333333334 0.11466666666666664 0.8553333333333333 0.6104999999999999 0.9491666666666668 0.8348333333333331 0.9218333333333334 0.907166666666667 0.006666666666666666 0.018666666666666668 0.9078333333333333 0.35999999999999976 0.7128333333333333 0.23816666666666678 
0.4446666666666669 0.25783333333333336 0.6451666666666668 0.6671666666666667 0.17650000000000005 0.1671666666666667 0.46533333333333327 0.6963333333333332 0.19516666666666668 0.424 0.3375 0.555 0.33000000000000007 0.5914999999999998 0.26266666666666655 0.4906666666666665 0.2015 0.23550000000000001 1.0 0.8580000000000002 0.16950000000000004 0.1691666666666667 0.5474999999999999 0.5558333333333334 0.561 0.6095000000000002 0.16750000000000004 0.16500000000000004 0.22016666666666665 0.33233333333333326 0.6393333333333334 0.6851666666666669 0.3178333333333334 0.32366666666666677 0.37199999999999994 0.46266666666666656 0.43483333333333335 0.18933333333333333 0.1708333333333334 0.18483333333333335 0.2058333333333333 0.31516666666666654 0.6725 0.6446666666666667 0.23866666666666664 0.28366666666666673 0.5930000000000001 0.6448333333333335 0.31299999999999994 0.6461666666666668 0.6365000000000002 0.6315000000000001 0.2571666666666667 0.29133333333333333 0.6786666666666664 0.7118333333333333 0.21366666666666664 0.2851666666666667 0.2978333333333334 0.24650000000000002 0.213 0.22833333333333325 0.20333333333333342 0.21283333333333335 0.5488333333333333 0.49133333333333323 0.6193333333333334 0.4550000000000001 0.22349999999999995 0.20700000000000007 0.29699999999999993 0.3383333333333334 0.35333333333333333 0.5660000000000001 0.16099999999999998 0.6658333333333333 0.3364999999999999 0.7390000000000001 0.1965 0.3421666666666667 0.2136666666666667 0.20466666666666658 0.21433333333333335 0.1986666666666666 0.5323333333333332 0.507 0.21416666666666667 0.5338333333333333 0.3013333333333333 0.5653333333333335 
0.457 0.30450000000000005 0.6225 0.6546666666666667 0.209 0.19549999999999998 0.4430000000000001 0.6911666666666667 0.20999999999999994 0.49033333333333345 0.34866666666666674 0.6186666666666666 0.33949999999999997 0.612 0.24633333333333332 0.49166666666666664 0.23499999999999993 0.26533333333333337 0.8580000000000002 1.0 0.19816666666666666 0.19916666666666663 0.5050000000000001 0.5148333333333335 0.551 0.5981666666666666 0.1978333333333333 0.193 0.2438333333333334 0.3289999999999999 0.6156666666666667 0.6228333333333333 0.321 0.32966666666666666 0.3501666666666667 0.4421666666666667 0.47083333333333327 0.1671666666666666 0.19883333333333336 0.2115 0.23416666666666663 0.239 0.6294999999999998 0.6231666666666665 0.25316666666666665 0.2523333333333334 0.5871666666666666 0.6243333333333333 0.3445000000000002 0.6255 0.6319999999999998 0.6196666666666665 0.3208333333333334 0.2613333333333333 0.726 0.7541666666666669 0.2675 0.3011666666666666 0.37050000000000005 0.21999999999999997 0.25133333333333335 0.2703333333333333 0.21866666666666668 0.2348333333333333 0.541 0.4701666666666667 0.5943333333333334 0.4316666666666666 0.2773333333333333 0.24949999999999994 0.23716666666666658 0.29833333333333334 0.37033333333333324 0.5735000000000001 0.13266666666666668 0.6491666666666666 0.3388333333333334 0.7016666666666667 0.23199999999999998 0.35850000000000004 0.23550000000000004 0.2505 0.22816666666666674 0.23883333333333337 0.48833333333333334 0.4725000000000001 0.20599999999999993 0.5596666666666668 0.3701666666666666 0.546 
0.5818333333333334 0.7456666666666668 0.00016666666666666666 0.0003333333333333333 0.8295 0.9488333333333331 0.0705 0.003333333333333333 0.8621666666666665 0.47966666666666674 0.6361666666666668 0.3976666666666669 0.5523333333333333 0.018500000000000003 0.5806666666666666 0.02983333333333333 0.8761666666666664 0.7975000000000001 0.16950000000000004 0.19816666666666666 1.0 0.9635000000000002 0.018000000000000002 0.0175 0.03266666666666666 0.0055000000000000005 0.9191666666666665 0.964166666666667 0.8021666666666667 0.4925 0.004666666666666666 0.0011666666666666668 0.6633333333333333 0.6501666666666666 0.27583333333333343 0.1758333333333333 0.46799999999999997 0.4396666666666667 0.9615000000000004 0.9416666666666668 0.8828333333333334 0.37116666666666664 0.0011666666666666668 0.0003333333333333333 0.7171666666666665 0.6296666666666665 0.01616666666666667 0.00016666666666666666 0.5969999999999999 0.00016666666666666666 0.0006666666666666666 0.0006666666666666666 0.7384999999999999 0.4718333333333334 0.36749999999999994 0.26216666666666666 0.8746666666666668 0.7175 0.7750000000000001 0.5795000000000001 0.8248333333333336 0.7658333333333336 0.8448333333333332 0.823333333333333 0.040999999999999995 0.13849999999999998 0.010833333333333332 0.17333333333333328 0.8645 0.8929999999999998 0.22333333333333324 0.15983333333333333 0.19099999999999995 0.026500000000000003 0.4163333333333333 0.0006666666666666666 0.3216666666666667 0.02633333333333334 0.8746666666666668 0.5968333333333332 0.8286666666666664 0.895 0.82 0.8861666666666669 0.019333333333333334 0.06449999999999999 0.7998333333333334 0.46599999999999997 0.7578333333333335 0.2791666666666667 
0.5904999999999999 0.7598333333333334 0.0003333333333333333 0.0005 0.8475000000000003 0.9608333333333335 0.07716666666666666 0.002833333333333333 0.8819999999999999 0.47583333333333333 0.6391666666666668 0.4040000000000001 0.5539999999999998 0.009166666666666668 0.5811666666666665 0.024666666666666663 0.8943333333333332 0.8140000000000001 0.1691666666666667 0.19916666666666663 0.9635000000000002 1.0 0.007166666666666667 0.006666666666666669 0.03466666666666666 0.006333333333333334 0.9116666666666668 0.9648333333333334 0.8213333333333334 0.4935000000000001 0.005166666666666666 0.0 0.6708333333333332 0.6574999999999999 0.2775 0.1785 0.46699999999999997 0.424 0.9585000000000001 0.9431666666666666 0.9005000000000001 0.37233333333333346 0.00016666666666666666 0.0003333333333333333 0.6924999999999999 0.6073333333333334 0.015666666666666666 0.0003333333333333333 0.5758333333333333 0.00016666666666666666 0.0008333333333333333 0.0006666666666666666 0.736 0.47949999999999976 0.36449999999999994 0.2631666666666666 0.8768333333333335 0.7401666666666665 0.7809999999999999 0.5955000000000001 0.8451666666666666 0.7879999999999999 0.8643333333333334 0.842166666666667 0.03716666666666666 0.1326666666666667 0.0115 0.1796666666666667 0.8640000000000001 0.8940000000000002 0.22866666666666668 0.1621666666666667 0.20333333333333337 0.03233333333333334 0.43616666666666665 0.0008333333333333334 0.3268333333333333 0.02766666666666667 0.875 0.5778333333333331 0.8480000000000003 0.8945000000000001 0.8398333333333333 0.8986666666666667 0.008666666666666666 0.055333333333333325 0.8145000000000003 0.4788333333333333 0.7588333333333334 0.2856666666666667 
0.039000000000000014 0.062333333333333345 0.7415000000000002 0.7428333333333336 0.10349999999999998 0.0041666666666666675 0.5425 0.7748333333333334 0.0011666666666666668 0.307 0.12249999999999997 0.1861666666666667 0.19833333333333328 0.8631666666666667 0.2 0.7399999999999999 0.0033333333333333335 0.0025 0.5474999999999999 0.5050000000000001 0.018000000000000002 0.007166666666666667 1.0 0.9843333333333336 0.8398333333333333 0.8031666666666665 0.05216666666666666 0.0041666666666666675 0.0055000000000000005 0.19016666666666662 0.7436666666666669 0.8098333333333333 0.0026666666666666666 0.006333333333333333 0.7043333333333334 0.8140000000000001 0.5055 0.4574999999999998 0.004 0.003833333333333333 0.006 0.27666666666666667 0.8191666666666667 0.7423333333333335 0.2481666666666666 0.2998333333333334 0.8508333333333336 0.7391666666666667 0.27699999999999997 0.7406666666666668 0.7326666666666668 0.7698333333333331 0.11199999999999999 0.18083333333333335 0.3718333333333335 0.4698333333333331 0.0018333333333333333 0.0023333333333333335 0.0215 0.3108333333333334 0.0003333333333333333 0.006500000000000001 0.003333333333333333 0.0013333333333333333 0.8648333333333337 0.8643333333333332 0.7621666666666669 0.7716666666666667 0.007333333333333334 0.0031666666666666666 0.6224999999999999 0.5373333333333332 0.22850000000000004 0.5016666666666665 0.27233333333333326 0.7406666666666669 0.20216666666666666 0.6438333333333334 0.0075 0.22716666666666677 0.0023333333333333335 0.0021666666666666666 0.0026666666666666666 0.003666666666666667 0.9685000000000002 0.9291666666666665 0.030833333333333338 0.4861666666666666 0.04633333333333333 0.6886666666666666 
0.04433333333333333 0.06266666666666668 0.7496666666666667 0.7503333333333334 0.09966666666666665 0.003833333333333333 0.5489999999999999 0.7849999999999998 0.0005 0.31516666666666665 0.12616666666666668 0.19566666666666666 0.2021666666666666 0.8681666666666668 0.20099999999999998 0.743 0.002833333333333333 0.002 0.5558333333333334 0.5148333333333335 0.0175 0.006666666666666669 0.9843333333333336 1.0 0.842166666666667 0.8118333333333331 0.0495 0.004 0.004 0.18600000000000003 0.7515000000000001 0.8178333333333332 0.006166666666666667 0.01 0.7000000000000002 0.8116666666666669 0.5045 0.4594999999999998 0.0034999999999999996 0.0034999999999999996 0.0051666666666666675 0.27399999999999997 0.8283333333333333 0.7493333333333334 0.24133333333333323 0.29683333333333334 0.8541666666666669 0.7469999999999999 0.273 0.7481666666666666 0.7386666666666666 0.7766666666666664 0.11066666666666666 0.18016666666666667 0.3795000000000001 0.4766666666666666 0.002 0.0025 0.029000000000000005 0.31316666666666665 0.0 0.006666666666666667 0.0025 0.0008333333333333333 0.8661666666666669 0.8624999999999998 0.7675000000000002 0.7694999999999999 0.007666666666666667 0.0034999999999999996 0.6151666666666666 0.5343333333333332 0.23266666666666672 0.5061666666666665 0.27099999999999996 0.7490000000000001 0.20383333333333337 0.6506666666666667 0.006333333333333333 0.22849999999999998 0.0018333333333333335 0.0016666666666666668 0.0013333333333333333 0.0031666666666666666 0.9618333333333335 0.9231666666666665 0.029500000000000002 0.4831666666666667 0.05316666666666665 0.6881666666666668 
