1.0 0.5661666666666665 0.6985000000000001 0.0845 0.33883333333333326 0.17083333333333336 0.4131666666666666 0.2615 0.4515 0.26350000000000007 0.6603333333333332 0.29200000000000004 0.49283333333333323 0.44050000000000006 0.3566666666666668 0.08033333333333335 0.15083333333333337 0.398 0.5053333333333334 0.39516666666666667 0.26599999999999996 0.31516666666666665 0.5044999999999998 0.30366666666666664 0.2834999999999999 0.05783333333333331 0.3088333333333333 0.2705 0.08199999999999999 0.08800000000000001 0.12683333333333333 0.124 0.14249999999999996 0.1351666666666666 0.25933333333333325 0.07699999999999999 0.20783333333333323 0.3151666666666667 0.10933333333333334 0.10033333333333337 0.0881666666666667 0.11533333333333334 0.44166666666666676 0.40199999999999997 0.5091666666666665 0.4753333333333332 0.5011666666666665 0.4168333333333334 0.4656666666666667 0.48400000000000004 0.6016666666666665 0.48216666666666663 0.6968333333333334 0.6048333333333334 0.6130000000000002 0.5803333333333335 0.7661666666666664 0.7016666666666665 0.5886666666666667 0.4653333333333333 0.5436666666666664 0.3095 0.31916666666666665 0.25083333333333335 0.6938333333333335 0.3343333333333333 0.46966666666666673 0.4039999999999999 0.42366666666666675 0.4471666666666667 0.04183333333333333 0.026000000000000006 0.04133333333333332 0.033 0.19716666666666666 0.04433333333333333 0.16616666666666663 0.1858333333333333 0.2693333333333333 0.1066666666666667 0.2546666666666667 0.28200000000000003 0.27183333333333337 0.26916666666666667 0.62 0.47983333333333333 0.26049999999999995 0.2786666666666666 0.7340000000000001 0.4445000000000001 
0.5661666666666665 1.0 0.3738333333333332 0.269 0.18566666666666667 0.15100000000000005 0.10633333333333331 0.2218333333333333 0.1263333333333333 0.207 0.26333333333333336 0.2471666666666666 0.15833333333333333 0.13683333333333333 0.07783333333333335 0.11633333333333334 0.1285 0.44233333333333336 0.6164999999999999 0.7365 0.04783333333333334 0.20566666666666664 0.5343333333333334 0.4020000000000001 0.30749999999999994 0.34233333333333343 0.045166666666666674 0.05249999999999999 0.1708333333333333 0.21416666666666667 0.365 0.42849999999999994 0.5216666666666664 0.5149999999999999 0.24049999999999994 0.14333333333333337 0.26483333333333337 0.3178333333333334 0.14966666666666664 0.1886666666666667 0.17766666666666667 0.13783333333333334 0.816 0.7803333333333334 0.8179999999999998 0.8231666666666666 0.8586666666666665 0.7928333333333333 0.7871666666666663 0.7855 0.546 0.7428333333333336 0.5041666666666665 0.5898333333333333 0.4933333333333331 0.714166666666667 0.7623333333333335 0.8383333333333334 0.7110000000000002 0.7833333333333333 0.23599999999999993 0.2315 0.032833333333333325 0.21583333333333332 0.30966666666666665 0.22100000000000006 0.8304999999999998 0.7683333333333334 0.7575000000000002 0.7628333333333334 0.04866666666666667 0.043833333333333335 0.038666666666666676 0.035 0.19466666666666665 0.0475 0.3053333333333334 0.3391666666666666 0.10283333333333329 0.16166666666666668 0.06383333333333333 0.1085 0.05049999999999998 0.04999999999999998 0.2955 0.1501666666666667 0.039000000000000014 0.05549999999999999 0.43916666666666676 0.3133333333333333 
0.6985000000000001 0.3738333333333332 1.0 0.24999999999999997 0.43883333333333324 0.332 0.6121666666666666 0.41333333333333333 0.5651666666666665 0.4128333333333332 0.6945 0.4416666666666669 0.6125 0.6036666666666668 0.48633333333333345 0.22916666666666669 0.0395 0.299 0.3591666666666667 0.24000000000000007 0.2725 0.2861666666666667 0.5063333333333334 0.4321666666666668 0.3115 0.2041666666666667 0.3378333333333333 0.28966666666666663 0.010500000000000002 0.006833333333333334 0.19216666666666665 0.18533333333333332 0.08583333333333336 0.09400000000000003 0.3081666666666666 0.12933333333333333 0.13466666666666666 0.27449999999999997 0.021166666666666667 0.017 0.0051666666666666675 0.14700000000000002 0.2971666666666667 0.29716666666666663 0.36816666666666664 0.34666666666666673 0.3606666666666667 0.31250000000000006 0.44133333333333336 0.4650000000000001 0.6695 0.49399999999999994 0.7195000000000001 0.6246666666666669 0.657 0.5516666666666666 0.5456666666666666 0.5006666666666666 0.5306666666666665 0.44949999999999996 0.6359999999999999 0.46016666666666667 0.39933333333333343 0.401 0.7426666666666667 0.48700000000000015 0.3243333333333333 0.30699999999999994 0.27216666666666667 0.2950000000000001 0.16883333333333334 0.161 0.17266666666666658 0.16816666666666666 0.34300000000000014 0.19216666666666662 0.07300000000000001 0.07216666666666666 0.1905 0.0175 0.21866666666666665 0.19816666666666663 0.2733333333333333 0.2665 0.6026666666666666 0.5021666666666667 0.2731666666666667 0.28383333333333327 0.735166666666667 0.5971666666666667 
0.0845 0.269 0.24999999999999997 1.0 0.5311666666666667 0.627 0.5484999999999999 0.7160000000000001 0.48716666666666664 0.6883333333333331 0.23749999999999993 0.6864999999999998 0.4606666666666667 0.5353333333333333 0.5436666666666665 0.6718333333333335 0.03266666666666666 0.19333333333333336 0.11366666666666665 0.19216666666666668 0.09250000000000004 0.44199999999999995 0.19166666666666676 0.4633333333333334 0.5226666666666666 0.8065000000000003 0.29533333333333334 0.20850000000000005 0.077 0.07600000000000001 0.4640000000000001 0.5031666666666667 0.6196666666666667 0.6496666666666667 0.5156666666666668 0.4703333333333334 0.04066666666666666 0.08833333333333332 0.0215 0.06133333333333333 0.031166666666666662 0.3499999999999999 0.2760000000000001 0.3418333333333334 0.27516666666666667 0.3113333333333334 0.29033333333333333 0.34250000000000014 0.4386666666666668 0.4430000000000001 0.38016666666666665 0.4508333333333334 0.2851666666666668 0.3668333333333335 0.22816666666666663 0.3801666666666666 0.1343333333333333 0.14933333333333332 0.37916666666666665 0.45000000000000007 0.4066666666666666 0.6633333333333334 0.4608333333333334 0.7136666666666666 0.18799999999999997 0.6375000000000002 0.30216666666666664 0.3636666666666668 0.18350000000000005 0.17016666666666663 0.4835000000000001 0.4835000000000001 0.4848333333333332 0.4848333333333335 0.7353333333333333 0.5193333333333332 0.15749999999999997 0.04983333333333334 0.032 0.022333333333333334 0.030666666666666665 0.032 0.09433333333333335 0.07866666666666666 0.04883333333333332 0.0533333333333333 0.18383333333333332 0.0956666666666667 0.1328333333333333 0.47400000000000003 
0.33883333333333326 0.18566666666666667 0.43883333333333324 0.5311666666666667 1.0 0.6553333333333334 0.6408333333333333 0.46366666666666684 0.6858333333333332 0.48266666666666674 0.5463333333333332 0.4421666666666669 0.6143333333333333 0.6126666666666667 0.6593333333333332 0.4341666666666668 0.09716666666666668 0.25149999999999995 0.20849999999999994 0.136 0.401 0.6861666666666666 0.3408333333333334 0.39233333333333326 0.7814999999999999 0.5233333333333333 0.5974999999999999 0.5098333333333332 0.05649999999999999 0.02283333333333333 0.305 0.25666666666666665 0.4701666666666668 0.49733333333333335 0.7773333333333334 0.3928333333333333 0.04649999999999999 0.08866666666666666 0.056666666666666664 0.030833333333333345 0.021333333333333333 0.3443333333333333 0.14466666666666664 0.1795 0.22766666666666668 0.2043333333333333 0.20466666666666666 0.17733333333333334 0.16183333333333333 0.16216666666666665 0.14383333333333334 0.17133333333333334 0.19549999999999998 0.11183333333333334 0.13883333333333334 0.15516666666666665 0.3973333333333333 0.32899999999999996 0.2335 0.16499999999999995 0.5506666666666666 0.46 0.7873333333333331 0.4725 0.5371666666666668 0.47383333333333316 0.15933333333333335 0.1756666666666667 0.13166666666666668 0.12316666666666669 0.3768333333333333 0.3738333333333334 0.3929999999999999 0.35683333333333345 0.41683333333333344 0.4031666666666667 0.14416666666666667 0.03183333333333334 0.2833333333333334 0.04683333333333334 0.3350000000000001 0.28500000000000003 0.39766666666666667 0.38866666666666666 0.40933333333333344 0.4189999999999998 0.4863333333333334 0.3988333333333333 0.3543333333333334 0.30633333333333335 
0.17083333333333336 0.15100000000000005 0.332 0.627 0.6553333333333334 1.0 0.6050000000000001 0.5225 0.5881666666666665 0.5485000000000001 0.3933333333333333 0.5171666666666667 0.5808333333333333 0.5844999999999999 0.5804999999999999 0.5593333333333332 0.153 0.2076666666666667 0.17316666666666658 0.1685 0.2608333333333334 0.5806666666666667 0.3433333333333334 0.5549999999999999 0.5608333333333333 0.6411666666666668 0.46099999999999997 0.3751666666666667 0.16883333333333334 0.118 0.48300000000000004 0.43 0.44633333333333325 0.4818333333333335 0.6491666666666667 0.4793333333333333 0.15849999999999997 0.18850000000000006 0.14049999999999999 0.14716666666666664 0.13216666666666665 0.4526666666666667 0.1771666666666667 0.19116666666666668 0.19883333333333333 0.2033333333333334 0.1813333333333334 0.19733333333333333 0.25433333333333336 0.2503333333333334 0.26733333333333337 0.28516666666666673 0.29249999999999987 0.23633333333333334 0.1998333333333333 0.19883333333333333 0.21899999999999997 0.20133333333333334 0.24983333333333338 0.2606666666666666 0.5381666666666666 0.537 0.5438333333333335 0.5310000000000001 0.3458333333333334 0.5486666666666666 0.18633333333333335 0.23283333333333345 0.17233333333333334 0.15933333333333333 0.4618333333333333 0.45266666666666666 0.46016666666666667 0.5015 0.5075 0.47283333333333344 0.23550000000000001 0.1368333333333333 0.18166666666666664 0.1378333333333333 0.2025 0.18249999999999994 0.2594999999999999 0.25016666666666676 0.1911666666666667 0.26533333333333337 0.34016666666666673 0.2625 0.25600000000000006 0.45616666666666683 
0.4131666666666666 0.10633333333333331 0.6121666666666666 0.5484999999999999 0.6408333333333333 0.6050000000000001 1.0 0.7774999999999999 0.887 0.7726666666666666 0.6548333333333332 0.7763333333333332 0.8810000000000001 0.9475000000000005 0.7861666666666668 0.5501666666666667 0.029666666666666668 0.18833333333333338 0.10299999999999997 0.02816666666666667 0.203 0.4623333333333332 0.18083333333333332 0.3983333333333334 0.4898333333333334 0.5019999999999998 0.4209999999999999 0.3036666666666666 0.035833333333333335 0.004999999999999999 0.2379999999999999 0.1981666666666666 0.32166666666666666 0.3616666666666667 0.5983333333333334 0.4588333333333332 0.04583333333333333 0.13249999999999998 0.013499999999999998 0.013333333333333334 0.0036666666666666666 0.37883333333333336 0.037166666666666674 0.08783333333333333 0.11333333333333336 0.09000000000000002 0.1015 0.08383333333333333 0.18616666666666667 0.20983333333333332 0.46649999999999986 0.26416666666666655 0.5141666666666667 0.4196666666666667 0.37233333333333335 0.2830000000000001 0.2451666666666667 0.22116666666666668 0.2706666666666667 0.19616666666666663 0.7895000000000002 0.7926666666666666 0.6123333333333334 0.7603333333333334 0.6081666666666667 0.809 0.0515 0.09366666666666665 0.022666666666666665 0.021333333333333333 0.45699999999999996 0.45050000000000007 0.4483333333333334 0.4498333333333334 0.6744999999999999 0.46266666666666656 0.11499999999999996 0.006 0.1551666666666667 0.007833333333333333 0.16716666666666666 0.16016666666666668 0.20766666666666667 0.1998333333333333 0.37083333333333335 0.3478333333333333 0.293 0.2075 0.41700000000000004 0.6393333333333334 
0.2615 0.2218333333333333 0.41333333333333333 0.7160000000000001 0.46366666666666684 0.5225 0.7774999999999999 1.0 0.7509999999999997 0.9548333333333332 0.4689999999999999 0.9543333333333334 0.6975000000000001 0.7875 0.6053333333333333 0.6078333333333333 0.010000000000000002 0.053499999999999985 0.027666666666666666 0.08783333333333333 0.011500000000000003 0.28666666666666674 0.08533333333333332 0.33433333333333337 0.4561666666666666 0.6705 0.22483333333333327 0.10783333333333335 0.05383333333333334 0.053 0.30466666666666664 0.33699999999999997 0.4941666666666666 0.546 0.43933333333333335 0.4986666666666666 0.06566666666666666 0.15283333333333335 0.019166666666666665 0.0345 0.020999999999999998 0.40516666666666645 0.14916666666666661 0.24266666666666672 0.1353333333333333 0.163 0.18416666666666656 0.24066666666666664 0.36316666666666664 0.389 0.6319999999999999 0.4430000000000001 0.529 0.5971666666666668 0.4591666666666667 0.46833333333333327 0.10300000000000001 0.10949999999999997 0.34666666666666657 0.381 0.6764999999999998 0.932666666666667 0.4241666666666665 0.9698333333333339 0.4301666666666666 0.9065000000000002 0.16899999999999996 0.23350000000000004 0.07383333333333333 0.06483333333333331 0.48516666666666675 0.48050000000000004 0.4693333333333334 0.4740000000000002 0.8309999999999998 0.4966666666666666 0.13983333333333334 0.028333333333333335 0.006166666666666666 0.017 0.006666666666666666 0.006833333333333333 0.012666666666666668 0.008333333333333333 0.17683333333333334 0.17899999999999994 0.11316666666666665 0.011000000000000001 0.37366666666666654 0.7425 
0.4515 0.1263333333333333 0.5651666666666665 0.48716666666666664 0.6858333333333332 0.5881666666666665 0.887 0.7509999999999997 1.0 0.7509999999999999 0.6981666666666666 0.7429999999999995 0.8795000000000001 0.8913333333333331 0.7991666666666667 0.4676666666666667 0.044333333333333336 0.1545 0.10366666666666663 0.02666666666666667 0.2376666666666666 0.46233333333333326 0.226 0.355 0.5748333333333335 0.4491666666666667 0.45049999999999996 0.33550000000000013 0.036000000000000004 0.0055 0.19399999999999998 0.15166666666666664 0.3345000000000001 0.376 0.6473333333333332 0.43616666666666665 0.051000000000000004 0.13299999999999998 0.01983333333333333 0.014499999999999999 0.006 0.36883333333333324 0.03183333333333334 0.08933333333333333 0.09166666666666667 0.06616666666666664 0.09116666666666667 0.08666666666666668 0.151 0.17500000000000004 0.43449999999999994 0.22783333333333322 0.4833333333333332 0.38666666666666655 0.3598333333333333 0.2668333333333333 0.28133333333333327 0.2421666666666667 0.25033333333333335 0.16083333333333336 0.8383333333333336 0.7636666666666666 0.6511666666666666 0.736 0.6675 0.7759999999999999 0.039166666666666676 0.06766666666666667 0.0185 0.0165 0.4181666666666667 0.4113333333333334 0.42183333333333345 0.4004999999999999 0.6106666666666665 0.42383333333333345 0.11899999999999998 0.008 0.18783333333333332 0.013333333333333332 0.2198333333333333 0.19083333333333335 0.242 0.236 0.4091666666666668 0.40549999999999997 0.3350000000000001 0.2403333333333333 0.49400000000000005 0.6043333333333331 
0.26350000000000007 0.207 0.4128333333333332 0.6883333333333331 0.48266666666666674 0.5485000000000001 0.7726666666666666 0.9548333333333332 0.7509999999999999 1.0 0.4711666666666668 0.9341666666666667 0.6995000000000003 0.7866666666666667 0.6066666666666667 0.6295 0.0245 0.04266666666666666 0.01783333333333334 0.07616666666666667 0.034666666666666665 0.30383333333333334 0.08349999999999999 0.3286666666666667 0.47850000000000004 0.6693333333333329 0.24849999999999997 0.13216666666666665 0.06733333333333334 0.06566666666666668 0.3145000000000001 0.33766666666666667 0.4909999999999999 0.5439999999999998 0.4598333333333333 0.5111666666666667 0.08016666666666668 0.1538333333333333 0.034 0.04783333333333333 0.03533333333333335 0.4169999999999998 0.12583333333333332 0.21683333333333332 0.11449999999999998 0.13999999999999999 0.16216666666666665 0.21633333333333332 0.3421666666666666 0.3661666666666667 0.6166666666666667 0.4215 0.5331666666666668 0.5833333333333334 0.44866666666666677 0.44316666666666665 0.10233333333333333 0.106 0.3263333333333333 0.35833333333333317 0.6811666666666665 0.9351666666666665 0.4451666666666666 0.9645 0.43300000000000005 0.91 0.1466666666666666 0.2086666666666667 0.06216666666666667 0.05499999999999998 0.49383333333333335 0.48483333333333334 0.48166666666666663 0.48450000000000004 0.8071666666666667 0.5045 0.15350000000000003 0.04233333333333334 0.023666666666666662 0.03150000000000001 0.028999999999999998 0.025833333333333333 0.03783333333333333 0.03216666666666667 0.18000000000000005 0.20499999999999993 0.13749999999999998 0.03566666666666667 0.3725 0.7396666666666667 
0.6603333333333332 0.26333333333333336 0.6945 0.23749999999999993 0.5463333333333332 0.3933333333333333 0.6548333333333332 0.4689999999999999 0.6981666666666666 0.4711666666666668 1.0 0.4998333333333334 0.7539999999999999 0.6700000000000002 0.5853333333333333 0.2561666666666667 0.10116666666666668 0.31733333333333336 0.26283333333333336 0.12450000000000001 0.3416666666666666 0.35999999999999993 0.3863333333333333 0.27399999999999997 0.3999999999999999 0.18733333333333327 0.4751666666666667 0.40033333333333343 0.04616666666666666 0.03916666666666666 0.06416666666666666 0.0605 0.13416666666666666 0.16566666666666666 0.45999999999999985 0.22149999999999995 0.133 0.2805 0.06299999999999999 0.05083333333333334 0.038 0.22650000000000003 0.18349999999999994 0.21883333333333327 0.25916666666666666 0.22833333333333333 0.25266666666666665 0.22516666666666663 0.2525 0.2728333333333333 0.5205000000000001 0.3211666666666666 0.5713333333333334 0.4718333333333333 0.4683333333333334 0.38483333333333314 0.4631666666666665 0.3916666666666667 0.36550000000000005 0.25633333333333325 0.7761666666666668 0.5211666666666667 0.5305 0.457 0.899833333333333 0.5456666666666666 0.19833333333333333 0.18216666666666664 0.15566666666666668 0.16716666666666666 0.18283333333333335 0.17249999999999996 0.19150000000000003 0.1875 0.3845 0.19633333333333333 0.055333333333333325 0.021666666666666674 0.2678333333333333 0.05550000000000001 0.3101666666666667 0.2681666666666667 0.3486666666666667 0.3413333333333333 0.6141666666666665 0.5216666666666665 0.39099999999999996 0.35166666666666674 0.6524999999999999 0.6291666666666667 
0.29200000000000004 0.2471666666666666 0.4416666666666669 0.6864999999999998 0.4421666666666669 0.5171666666666667 0.7763333333333332 0.9543333333333334 0.7429999999999995 0.9341666666666667 0.4998333333333334 1.0 0.7261666666666666 0.8058333333333336 0.5856666666666668 0.6001666666666666 0.0003333333333333333 0.07516666666666666 0.047666666666666656 0.09883333333333334 0.005166666666666666 0.27366666666666667 0.10599999999999998 0.3473333333333333 0.43949999999999995 0.6458333333333333 0.21666666666666665 0.10200000000000004 0.03633333333333333 0.035333333333333335 0.2801666666666667 0.3126666666666667 0.4620000000000001 0.5163333333333336 0.41800000000000004 0.46533333333333315 0.04833333333333333 0.1468333333333333 0.004833333333333334 0.017333333333333333 0.003833333333333333 0.38483333333333325 0.15933333333333333 0.2521666666666666 0.16083333333333333 0.18666666666666656 0.20549999999999996 0.25133333333333335 0.39049999999999996 0.41733333333333333 0.6689999999999999 0.473 0.5653333333333335 0.6241666666666666 0.4803333333333334 0.4813333333333333 0.12933333333333336 0.136 0.37433333333333335 0.3946666666666666 0.7099999999999999 0.9640000000000005 0.4091666666666666 0.9383333333333336 0.4585 0.9401666666666668 0.1785 0.24066666666666667 0.08349999999999999 0.07466666666666667 0.45233333333333325 0.4465 0.43816666666666654 0.44749999999999995 0.8441666666666666 0.4653333333333334 0.11949999999999998 0.010333333333333332 0.0005 0.0013333333333333333 0.0011666666666666668 0.001 0.007166666666666667 0.0034999999999999996 0.19950000000000004 0.17633333333333334 0.10416666666666664 0.006499999999999999 0.3981666666666666 0.7614999999999997 
0.49283333333333323 0.15833333333333333 0.6125 0.4606666666666667 0.6143333333333333 0.5808333333333333 0.8810000000000001 0.6975000000000001 0.8795000000000001 0.6995000000000003 0.7539999999999999 0.7261666666666666 1.0 0.893 0.7691666666666666 0.4756666666666667 0.034333333333333334 0.22699999999999998 0.1441666666666666 0.057833333333333334 0.2278333333333333 0.4313333333333332 0.2503333333333334 0.37666666666666665 0.4755 0.4133333333333333 0.4328333333333332 0.3215 0.030999999999999996 0.004166666666666667 0.1715 0.1406666666666666 0.2771666666666667 0.31816666666666665 0.5833333333333333 0.40516666666666656 0.055333333333333304 0.1661666666666667 0.009333333333333334 0.01516666666666667 0.002 0.34283333333333327 0.07766666666666669 0.12916666666666668 0.15549999999999997 0.127 0.14916666666666664 0.12733333333333335 0.2025 0.22583333333333327 0.48599999999999993 0.2811666666666667 0.5345 0.4356666666666665 0.3915000000000001 0.306 0.3093333333333333 0.27466666666666667 0.2978333333333334 0.20949999999999996 0.8749999999999999 0.7488333333333334 0.5961666666666666 0.6833333333333336 0.69 0.7711666666666668 0.09183333333333334 0.11666666666666664 0.0635 0.06083333333333333 0.38100000000000006 0.3721666666666666 0.3776666666666668 0.37866666666666665 0.6146666666666668 0.38483333333333325 0.09216666666666665 0.004 0.17283333333333328 0.004333333333333333 0.19749999999999993 0.17566666666666667 0.23449999999999996 0.22699999999999995 0.43666666666666676 0.3853333333333333 0.31050000000000005 0.23366666666666666 0.4935 0.6518333333333334 
0.44050000000000006 0.13683333333333333 0.6036666666666668 0.5353333333333333 0.6126666666666667 0.5844999999999999 0.9475000000000005 0.7875 0.8913333333333331 0.7866666666666667 0.6700000000000002 0.8058333333333336 0.893 1.0 0.7639999999999998 0.5346666666666666 0.022166666666666668 0.18499999999999997 0.10883333333333332 0.038500000000000006 0.1781666666666667 0.4395 0.18183333333333335 0.39283333333333326 0.4920000000000001 0.49099999999999994 0.39616666666666667 0.2788333333333334 0.032 0.0016666666666666668 0.23099999999999996 0.1928333333333333 0.3214999999999999 0.36683333333333334 0.5815 0.4533333333333333 0.044 0.13433333333333333 0.008 0.0105 0.0008333333333333334 0.3761666666666666 0.04616666666666667 0.10350000000000004 0.11650000000000002 0.09133333333333331 0.11399999999999995 0.10100000000000003 0.2151666666666667 0.24033333333333334 0.49933333333333335 0.2961666666666666 0.5466666666666667 0.44916666666666666 0.4006666666666667 0.311 0.26849999999999996 0.24783333333333338 0.3011666666666666 0.222 0.8218333333333335 0.8231666666666669 0.5824999999999999 0.7710000000000002 0.6175 0.8396666666666667 0.0585 0.10433333333333333 0.03216666666666667 0.0305 0.449 0.4423333333333334 0.44 0.4431666666666667 0.6816666666666668 0.45049999999999996 0.11316666666666665 0.0036666666666666666 0.14083333333333334 0.002833333333333333 0.15533333333333335 0.14683333333333334 0.18349999999999997 0.17733333333333334 0.3675 0.33649999999999997 0.2719999999999999 0.18216666666666664 0.4378333333333334 0.6661666666666668 
0.3566666666666668 0.07783333333333335 0.48633333333333345 0.5436666666666665 0.6593333333333332 0.5804999999999999 0.7861666666666668 0.6053333333333333 0.7991666666666667 0.6066666666666667 0.5853333333333333 0.5856666666666668 0.7691666666666666 0.7639999999999998 1.0 0.5961666666666667 0.10766666666666663 0.26349999999999996 0.09299999999999997 0.0095 0.3428333333333333 0.5723333333333334 0.21833333333333324 0.37016666666666664 0.5246666666666667 0.47016666666666657 0.5755000000000001 0.4460000000000002 0.10166666666666666 0.07450000000000001 0.21216666666666661 0.1715 0.31499999999999995 0.3476666666666668 0.6418333333333334 0.44066666666666665 0.05199999999999999 0.08466666666666665 0.06500000000000003 0.08816666666666664 0.06600000000000002 0.3305 0.016 0.056666666666666664 0.09516666666666669 0.06933333333333332 0.07750000000000001 0.05316666666666667 0.11366666666666667 0.13016666666666668 0.2868333333333333 0.17416666666666672 0.33983333333333327 0.24899999999999994 0.21266666666666662 0.14800000000000002 0.23433333333333337 0.19633333333333333 0.21633333333333338 0.122 0.6744999999999999 0.6034999999999998 0.7003333333333334 0.6011666666666665 0.5248333333333332 0.6156666666666666 0.027000000000000003 0.04966666666666666 0.007666666666666666 0.0055 0.4923333333333334 0.48000000000000015 0.5111666666666665 0.4913333333333334 0.6849999999999998 0.5163333333333333 0.13666666666666663 0.03266666666666668 0.25733333333333336 0.06600000000000002 0.2858333333333334 0.26 0.34950000000000003 0.33516666666666667 0.3411666666666666 0.32516666666666666 0.4378333333333333 0.3496666666666667 0.33083333333333337 0.45383333333333326 
0.08033333333333335 0.11633333333333334 0.22916666666666669 0.6718333333333335 0.4341666666666668 0.5593333333333332 0.5501666666666667 0.6078333333333333 0.4676666666666667 0.6295 0.2561666666666667 0.6001666666666666 0.4756666666666667 0.5346666666666666 0.5961666666666667 1.0 0.23833333333333342 0.257 0.03183333333333334 0.055 0.35100000000000003 0.5098333333333335 0.0965 0.3508333333333333 0.3946666666666665 0.6689999999999999 0.4805 0.457 0.2731666666666666 0.26849999999999985 0.3445 0.3675 0.44 0.47850000000000004 0.4834999999999998 0.5035 0.17266666666666666 0.12333333333333335 0.20616666666666666 0.24633333333333332 0.22050000000000003 0.41 0.10816666666666669 0.14933333333333332 0.15416666666666665 0.17516666666666666 0.16049999999999998 0.1451666666666667 0.24766666666666665 0.2523333333333333 0.3170000000000001 0.2888333333333335 0.2514999999999999 0.2961666666666667 0.14400000000000002 0.19583333333333328 0.05033333333333334 0.043166666666666666 0.1928333333333333 0.24716666666666676 0.3865 0.6083333333333334 0.5383333333333334 0.6158333333333332 0.18783333333333335 0.5886666666666668 0.13166666666666674 0.1765 0.051666666666666645 0.04650000000000001 0.5645000000000002 0.5856666666666667 0.5825 0.6120000000000001 0.7171666666666665 0.6091666666666666 0.2676666666666666 0.159 0.27099999999999996 0.21533333333333335 0.2748333333333334 0.2726666666666666 0.35949999999999993 0.3395 0.14016666666666666 0.144 0.4254999999999999 0.35883333333333334 0.07633333333333334 0.4119999999999998 
0.15083333333333337 0.1285 0.0395 0.03266666666666666 0.09716666666666668 0.153 0.029666666666666668 0.010000000000000002 0.044333333333333336 0.0245 0.10116666666666668 0.0003333333333333333 0.034333333333333334 0.022166666666666668 0.10766666666666663 0.23833333333333342 1.0 0.45366666666666666 0.4106666666666666 0.33149999999999996 0.6531666666666665 0.3119999999999999 0.19433333333333336 0.12316666666666665 0.09216666666666667 0.03433333333333335 0.3989999999999999 0.5235 0.8861666666666669 0.8904999999999998 0.304 0.273 0.13683333333333336 0.12283333333333334 0.08566666666666668 0.3663333333333334 0.7568333333333334 0.596 0.9156666666666666 0.8871666666666667 0.9055 0.5144999999999998 0.18283333333333338 0.16599999999999998 0.12783333333333333 0.11499999999999998 0.12566666666666665 0.15183333333333335 0.008000000000000002 0.005666666666666666 0.003833333333333333 0.0021666666666666666 0.013666666666666667 0.004833333333333334 0.12750000000000003 0.032666666666666656 0.16366666666666668 0.15066666666666667 0.041833333333333333 0.008333333333333335 0.03600000000000001 0.0036666666666666666 0.22766666666666666 0.022166666666666664 0.0956666666666667 0.006999999999999999 0.1215 0.10900000000000003 0.3053333333333333 0.31633333333333336 0.43633333333333335 0.44683333333333336 0.4528333333333335 0.4774999999999999 0.0745 0.42116666666666647 0.6281666666666669 0.727 0.8041666666666667 0.9176666666666666 0.7535 0.8029999999999999 0.6408333333333333 0.6703333333333333 0.2936666666666667 0.42333333333333345 0.5626666666666665 0.639 0.10833333333333335 0.04966666666666666 
0.398 0.44233333333333336 0.299 0.19333333333333336 0.25149999999999995 0.2076666666666667 0.18833333333333338 0.053499999999999985 0.1545 0.04266666666666666 0.31733333333333336 0.07516666666666666 0.22699999999999998 0.18499999999999997 0.26349999999999996 0.257 0.45366666666666666 1.0 0.36883333333333324 0.3818333333333333 0.5373333333333333 0.46400000000000025 0.2598333333333333 0.21066666666666667 0.16816666666666666 0.17933333333333337 0.40366666666666673 0.48433333333333345 0.4478333333333333 0.4811666666666667 0.18466666666666667 0.2285 0.2816666666666667 0.26150000000000007 0.24766666666666673 0.10699999999999997 0.3716666666666666 0.322 0.42483333333333334 0.48183333333333345 0.455 0.13816666666666666 0.44299999999999995 0.4508333333333334 0.5371666666666667 0.5061666666666667 0.49400000000000005 0.4425 0.3188333333333333 0.3021666666666667 0.19033333333333338 0.25616666666666665 0.22099999999999997 0.18816666666666668 0.158 0.2853333333333333 0.4624999999999999 0.5101666666666668 0.41333333333333333 0.306 0.2238333333333333 0.071 0.2563333333333333 0.048833333333333326 0.2961666666666667 0.08316666666666667 0.43099999999999994 0.3825 0.40483333333333343 0.36716666666666653 0.0965 0.09516666666666669 0.11783333333333335 0.11883333333333335 0.16750000000000004 0.12683333333333335 0.2310000000000001 0.2903333333333333 0.5296666666666667 0.44316666666666654 0.4935 0.5368333333333332 0.531 0.5303333333333334 0.40983333333333344 0.30099999999999993 0.44000000000000006 0.5391666666666667 0.2045 0.14849999999999997 
0.5053333333333334 0.6164999999999999 0.3591666666666667 0.11366666666666665 0.20849999999999994 0.17316666666666658 0.10299999999999997 0.027666666666666666 0.10366666666666663 0.01783333333333334 0.26283333333333336 0.047666666666666656 0.1441666666666666 0.10883333333333332 0.09299999999999997 0.03183333333333334 0.4106666666666666 0.36883333333333324 1.0 0.7095000000000001 0.18666666666666668 0.25550000000000006 0.6563333333333334 0.46533333333333354 0.26166666666666666 0.18199999999999997 0.14066666666666663 0.15933333333333333 0.3696666666666667 0.3719999999999999 0.4043333333333333 0.3538333333333333 0.30716666666666675 0.27499999999999997 0.26266666666666666 0.3103333333333332 0.4563333333333335 0.484 0.4159999999999999 0.3705 0.3963333333333333 0.32683333333333336 0.6233333333333334 0.5243333333333333 0.5921666666666665 0.5691666666666667 0.5801666666666666 0.5368333333333333 0.48449999999999993 0.48233333333333334 0.31533333333333324 0.47700000000000004 0.36300000000000004 0.35416666666666663 0.4216666666666666 0.4365 0.6596666666666665 0.6738333333333331 0.4548333333333332 0.48516666666666675 0.19266666666666665 0.050666666666666665 0.1555 0.016000000000000004 0.30816666666666664 0.06416666666666666 0.5983333333333332 0.5595000000000001 0.7199999999999999 0.779833333333333 0.26283333333333325 0.25683333333333336 0.24783333333333332 0.23633333333333337 0.04650000000000001 0.2218333333333333 0.48633333333333334 0.5306666666666665 0.32866666666666666 0.4136666666666666 0.2778333333333334 0.3276666666666666 0.18650000000000005 0.1978333333333334 0.3705 0.3143333333333334 0.1885 0.18366666666666667 0.40233333333333327 0.19916666666666674 
0.39516666666666667 0.7365 0.24000000000000007 0.19216666666666668 0.136 0.1685 0.02816666666666667 0.08783333333333333 0.02666666666666667 0.07616666666666667 0.12450000000000001 0.09883333333333334 0.057833333333333334 0.038500000000000006 0.0095 0.055 0.33149999999999996 0.3818333333333333 0.7095000000000001 1.0 0.09266666666666666 0.1893333333333333 0.547 0.4303333333333333 0.2311666666666666 0.2810000000000001 0.06050000000000002 0.07916666666666669 0.38016666666666654 0.4205000000000001 0.466 0.4826666666666665 0.4876666666666666 0.44983333333333336 0.2401666666666667 0.28900000000000003 0.4040000000000001 0.40583333333333343 0.36333333333333334 0.4 0.39483333333333337 0.29283333333333333 0.7835000000000001 0.6553333333333333 0.6951666666666667 0.6971666666666668 0.6978333333333332 0.6678333333333332 0.5883333333333333 0.5653333333333334 0.3333333333333332 0.5260000000000002 0.32066666666666666 0.38483333333333325 0.3789999999999999 0.5036666666666667 0.5966666666666668 0.6645000000000002 0.5033333333333334 0.5891666666666668 0.10683333333333335 0.09233333333333336 0.010833333333333337 0.07999999999999999 0.168 0.08533333333333333 0.7625 0.7295000000000001 0.8959999999999997 0.8636666666666666 0.19966666666666666 0.1945 0.18416666666666667 0.1793333333333333 0.08466666666666667 0.16033333333333333 0.4651666666666667 0.5500000000000003 0.1916666666666666 0.37266666666666665 0.14350000000000002 0.19516666666666665 0.09966666666666665 0.10083333333333332 0.28400000000000003 0.19583333333333336 0.09016666666666666 0.10033333333333333 0.30749999999999994 0.1796666666666666 
0.26599999999999996 0.04783333333333334 0.2725 0.09250000000000004 0.401 0.2608333333333334 0.203 0.011500000000000003 0.2376666666666666 0.034666666666666665 0.3416666666666666 0.005166666666666666 0.2278333333333333 0.1781666666666667 0.3428333333333333 0.35100000000000003 0.6531666666666665 0.5373333333333333 0.18666666666666668 0.09266666666666666 1.0 0.4976666666666668 0.2318333333333333 0.13899999999999996 0.3051666666666668 0.08116666666666669 0.7346666666666664 0.8581666666666665 0.5546666666666666 0.5810000000000001 0.1691666666666667 0.21583333333333332 0.04933333333333335 0.04366666666666666 0.3105 0.11233333333333338 0.41483333333333333 0.26183333333333325 0.5846666666666667 0.5736666666666669 0.5638333333333334 0.2023333333333333 0.038833333333333345 0.07 0.12299999999999997 0.09399999999999997 0.08499999999999998 0.05583333333333333 0.004166666666666667 0.0013333333333333333 0.007666666666666667 0.0013333333333333333 0.08283333333333336 0.004999999999999999 0.034999999999999996 0.0016666666666666666 0.25550000000000006 0.1923333333333334 0.06833333333333332 0.0023333333333333335 0.1978333333333333 0.0225 0.5378333333333335 0.023166666666666665 0.3436666666666667 0.042166666666666665 0.026333333333333334 0.012 0.05233333333333335 0.030833333333333338 0.17533333333333334 0.19333333333333338 0.21449999999999997 0.2328333333333333 0.10799999999999998 0.22316666666666665 0.298 0.3891666666666667 0.8421666666666665 0.5820000000000001 0.8945000000000002 0.8434999999999998 0.9571666666666668 0.9725000000000003 0.5501666666666668 0.6221666666666664 0.8393333333333335 0.9616666666666666 0.23683333333333334 0.014500000000000002 
0.31516666666666665 0.20566666666666664 0.2861666666666667 0.44199999999999995 0.6861666666666666 0.5806666666666667 0.4623333333333332 0.28666666666666674 0.46233333333333326 0.30383333333333334 0.35999999999999993 0.27366666666666667 0.4313333333333332 0.4395 0.5723333333333334 0.5098333333333335 0.3119999999999999 0.46400000000000025 0.25550000000000006 0.1893333333333333 0.4976666666666668 1.0 0.23950000000000002 0.3136666666666667 0.5943333333333333 0.4605 0.6798333333333333 0.6114999999999998 0.29350000000000004 0.2600000000000001 0.32583333333333336 0.2926666666666667 0.4673333333333333 0.484 0.6325 0.3798333333333334 0.20183333333333334 0.16049999999999998 0.2613333333333334 0.26583333333333337 0.2451666666666667 0.4086666666666665 0.2046666666666667 0.20933333333333334 0.2861666666666667 0.257 0.25066666666666665 0.20949999999999996 0.11033333333333334 0.10083333333333334 0.03533333333333334 0.08966666666666664 0.09133333333333336 0.018000000000000002 0.03866666666666667 0.07883333333333334 0.3928333333333335 0.3488333333333334 0.19933333333333333 0.10616666666666666 0.3766666666666666 0.28800000000000003 0.6579999999999999 0.29650000000000004 0.33599999999999997 0.3021666666666667 0.20683333333333334 0.19333333333333333 0.1941666666666666 0.17566666666666658 0.40049999999999997 0.38983333333333325 0.42283333333333367 0.4390000000000001 0.3806666666666667 0.431 0.29000000000000004 0.19316666666666663 0.45466666666666683 0.25866666666666666 0.4386666666666666 0.4675000000000001 0.48833333333333334 0.482 0.30816666666666664 0.36816666666666653 0.5698333333333335 0.491 0.179 0.16833333333333328 
0.5044999999999998 0.5343333333333334 0.5063333333333334 0.19166666666666676 0.3408333333333334 0.3433333333333334 0.18083333333333332 0.08533333333333332 0.226 0.08349999999999999 0.3863333333333333 0.10599999999999998 0.2503333333333334 0.18183333333333335 0.21833333333333324 0.0965 0.19433333333333336 0.2598333333333333 0.6563333333333334 0.547 0.2318333333333333 0.23950000000000002 1.0 0.6663333333333334 0.4210000000000001 0.2681666666666666 0.2385 0.24116666666666667 0.14266666666666666 0.12966666666666668 0.41416666666666657 0.37916666666666665 0.2368333333333333 0.2086666666666666 0.39299999999999985 0.2376666666666667 0.24783333333333335 0.321 0.17783333333333332 0.14916666666666667 0.1585 0.15383333333333332 0.5615 0.48416666666666663 0.5283333333333333 0.5215 0.5226666666666666 0.5013333333333333 0.5748333333333333 0.5741666666666667 0.4093333333333333 0.5803333333333334 0.4881666666666667 0.44883333333333325 0.45233333333333314 0.4626666666666668 0.6458333333333335 0.6030000000000001 0.4904999999999999 0.5791666666666666 0.3061666666666667 0.1255 0.25016666666666665 0.07133333333333335 0.44433333333333336 0.14516666666666664 0.560666666666667 0.5518333333333334 0.5924999999999999 0.6461666666666666 0.18699999999999994 0.18866666666666668 0.19433333333333336 0.18166666666666667 0.10649999999999998 0.18150000000000005 0.29766666666666675 0.31533333333333335 0.21600000000000005 0.17499999999999996 0.2611666666666666 0.2198333333333333 0.24383333333333326 0.2391666666666666 0.45833333333333326 0.38666666666666666 0.26549999999999996 0.2438333333333333 0.6063333333333332 0.2958333333333333 
0.30366666666666664 0.4020000000000001 0.4321666666666668 0.4633333333333334 0.39233333333333326 0.5549999999999999 0.3983333333333334 0.33433333333333337 0.355 0.3286666666666667 0.27399999999999997 0.3473333333333333 0.37666666666666665 0.39283333333333326 0.37016666666666664 0.3508333333333333 0.12316666666666665 0.21066666666666667 0.46533333333333354 0.4303333333333333 0.13899999999999996 0.3136666666666667 0.6663333333333334 1.0 0.49000000000000016 0.5616666666666666 0.19866666666666663 0.18299999999999997 0.11883333333333336 0.08916666666666667 0.6153333333333333 0.5541666666666667 0.40349999999999997 0.37749999999999995 0.5083333333333334 0.37683333333333324 0.14916666666666667 0.1891666666666666 0.1118333333333333 0.11649999999999999 0.10533333333333332 0.20216666666666658 0.447 0.4363333333333334 0.42633333333333334 0.4306666666666667 0.4220000000000001 0.44516666666666665 0.5309999999999998 0.5295000000000001 0.39833333333333326 0.5525 0.45 0.4178333333333332 0.3728333333333333 0.38650000000000007 0.4516666666666669 0.4438333333333332 0.41816666666666663 0.5383333333333333 0.3321666666666666 0.36699999999999994 0.2856666666666667 0.31750000000000006 0.29766666666666663 0.38116666666666654 0.4531666666666667 0.5005 0.4574999999999999 0.4654999999999999 0.32799999999999996 0.33 0.3283333333333333 0.32883333333333326 0.3593333333333333 0.3371666666666666 0.29200000000000004 0.2386666666666667 0.10566666666666663 0.11199999999999999 0.12666666666666665 0.109 0.14116666666666666 0.13016666666666665 0.2403333333333333 0.2093333333333333 0.1811666666666667 0.14599999999999996 0.37416666666666665 0.3705 
