1.0 0.5271666666666668 0.08433333333333333 0.009166666666666667 0.05399999999999999 0.05516666666666667 0.22699999999999995 0.4123333333333333 0.24200000000000002 0.013333333333333332 0.7613333333333333 0.7308333333333334 0.5056666666666669 0.43183333333333335 0.29716666666666675 0.031166666666666672 0.894166666666667 0.7893333333333332 0.034666666666666665 0.007166666666666667 0.146 0.03283333333333334 0.05216666666666666 0.05216666666666666 0.05216666666666666 0.007666666666666667 0.05266666666666666 0.05499999999999999 0.7909999999999998 0.6481666666666664 0.019833333333333335 0.007833333333333335 0.7206666666666667 0.5013333333333333 0.05216666666666666 0.05216666666666666 0.27 0.009000000000000003 0.5035 0.168 0.45016666666666666 0.027166666666666662 0.09016666666666667 0.2431666666666667 0.06683333333333331 0.5036666666666667 0.24616666666666676 0.23850000000000007 0.5100000000000001 0.5089999999999999 0.8641666666666663 0.5179999999999999 0.126 0.19883333333333325 0.5188333333333334 0.4223333333333334 0.7673333333333332 0.6985000000000001 0.9039999999999996 0.9145 0.9073333333333333 0.763 0.9205000000000001 0.8923333333333333 0.11866666666666668 0.05299999999999999 0.17733333333333334 0.07566666666666667 0.17749999999999996 0.07450000000000001 0.0036666666666666666 0.0021666666666666666 0.07533333333333331 0.045 0.035333333333333335 0.026000000000000006 0.4063333333333334 0.003166666666666667 0.7519999999999999 0.5809999999999998 0.8796666666666664 0.9069999999999997 0.8891666666666665 0.9203333333333334 0.09066666666666666 0.05266666666666667 0.24099999999999994 0.05333333333333333 0.26650000000000007 0.7588333333333334 
0.5271666666666668 1.0 0.2863333333333334 0.3041666666666667 0.2451666666666666 0.25366666666666665 0.19300000000000003 0.4068333333333334 0.21366666666666664 0.1505 0.5854999999999998 0.6465000000000001 0.353 0.35516666666666663 0.2768333333333332 0.14416666666666667 0.4581666666666666 0.413 0.23500000000000004 0.22599999999999998 0.06616666666666667 0.1691666666666667 0.19166666666666665 0.19549999999999998 0.19249999999999998 0.19866666666666666 0.2065 0.1881666666666667 0.38850000000000007 0.24483333333333338 0.188 0.20850000000000002 0.34 0.22383333333333333 0.19450000000000003 0.19149999999999995 0.030333333333333327 0.12716666666666668 0.06883333333333334 0.14150000000000004 0.1265 0.05483333333333332 0.27916666666666673 0.4991666666666667 0.2596666666666666 0.826 0.5236666666666665 0.4873333333333331 0.8364999999999998 0.8511666666666664 0.5604999999999999 0.8654999999999999 0.43666666666666665 0.5863333333333335 0.6928333333333332 0.38366666666666677 0.38000000000000006 0.3711666666666666 0.4463333333333332 0.5861666666666665 0.572 0.6586666666666666 0.5528333333333333 0.6011666666666663 0.10449999999999998 0.1365 0.31616666666666665 0.25349999999999995 0.2078333333333334 0.23916666666666672 0.10783333333333335 0.13616666666666666 0.08849999999999998 0.10400000000000001 0.09283333333333335 0.11649999999999999 0.018000000000000002 0.1391666666666667 0.28916666666666674 0.1861666666666667 0.4479999999999999 0.5365000000000002 0.4981666666666665 0.5398333333333332 0.2525 0.21416666666666667 0.15033333333333332 0.2656666666666667 0.5193333333333332 0.5908333333333333 
0.08433333333333333 0.2863333333333334 1.0 0.645 0.715 0.7628333333333335 0.5994999999999999 0.21916666666666662 0.2256666666666666 0.3376666666666667 0.21316666666666667 0.13499999999999998 0.2783333333333334 0.2145 0.26533333333333337 0.25683333333333336 0.0925 0.033666666666666664 0.5339999999999999 0.5363333333333334 0.5590000000000002 0.44483333333333336 0.7391666666666664 0.7080000000000001 0.7406666666666666 0.5345 0.6579999999999999 0.6565000000000001 0.0325 0.11283333333333333 0.5418333333333334 0.5513333333333336 0.08916666666666666 0.15400000000000003 0.7338333333333332 0.7363333333333333 0.24966666666666676 0.22566666666666665 0.35649999999999993 0.4461666666666666 0.3431666666666667 0.24950000000000003 0.26366666666666655 0.21516666666666664 0.6651666666666667 0.22950000000000004 0.2225 0.20983333333333332 0.23849999999999993 0.26783333333333337 0.0375 0.25750000000000006 0.3183333333333333 0.2923333333333334 0.18583333333333332 0.2776666666666667 0.0935 0.12566666666666668 0.16383333333333333 0.03733333333333333 0.05416666666666667 0.13183333333333333 0.03233333333333333 0.07449999999999998 0.6560000000000001 0.7166666666666666 0.6176666666666667 0.662 0.22416666666666665 0.5068333333333332 0.2744999999999999 0.253 0.2681666666666667 0.2481666666666666 0.2801666666666667 0.2843333333333333 0.11166666666666669 0.32449999999999996 0.2735000000000001 0.04033333333333333 0.14266666666666666 0.03216666666666667 0.07783333333333334 0.03266666666666667 0.6706666666666667 0.710833333333333 0.6149999999999999 0.7631666666666668 0.3991666666666667 0.16349999999999998 
0.009166666666666667 0.3041666666666667 0.645 1.0 0.44316666666666665 0.5205000000000001 0.5101666666666668 0.41083333333333344 0.4483333333333335 0.4261666666666667 0.10850000000000003 0.14416666666666667 0.11150000000000002 0.3820000000000001 0.425 0.4265 0.018833333333333334 0.09516666666666664 0.8161666666666665 0.8143333333333331 0.3121666666666667 0.6380000000000002 0.46050000000000013 0.4886666666666668 0.4525 0.7421666666666669 0.38483333333333336 0.385 0.14233333333333328 0.2948333333333334 0.7108333333333335 0.7896666666666667 0.2733333333333333 0.4123333333333333 0.4425 0.44183333333333336 0.0695 0.32616666666666666 0.07233333333333335 0.1705 0.04116666666666667 0.2041666666666667 0.287 0.30400000000000005 0.3896666666666666 0.23816666666666664 0.32966666666666666 0.30883333333333335 0.2451666666666667 0.2771666666666667 0.03516666666666666 0.2728333333333333 0.5088333333333332 0.435 0.18616666666666667 0.12966666666666668 0.21083333333333334 0.27049999999999996 0.002833333333333333 0.04400000000000001 0.07750000000000001 0.15133333333333338 0.06449999999999999 0.09166666666666665 0.36 0.42916666666666664 0.38033333333333325 0.3898333333333332 0.5116666666666667 0.7868333333333329 0.555 0.5429999999999999 0.5136666666666666 0.5095 0.5376666666666666 0.5278333333333333 0.286 0.5845000000000001 0.026999999999999996 0.22550000000000003 0.01983333333333333 0.07316666666666664 0.05783333333333332 0.05549999999999999 0.38516666666666666 0.4206666666666667 0.3318333333333333 0.4910000000000001 0.43466666666666653 0.1573333333333333 
0.05399999999999999 0.2451666666666666 0.715 0.44316666666666665 1.0 0.9016666666666664 0.47300000000000003 0.15349999999999997 0.163 0.4006666666666666 0.17883333333333332 0.09916666666666667 0.4085000000000001 0.11816666666666668 0.14683333333333337 0.21383333333333332 0.06666666666666664 0.007166666666666667 0.3533333333333333 0.35733333333333334 0.6806666666666668 0.47350000000000003 0.7718333333333334 0.7428333333333335 0.7805 0.47 0.8506666666666663 0.9191666666666666 0.0016666666666666668 0.0018333333333333335 0.45799999999999996 0.3996666666666668 0.02183333333333333 0.036833333333333336 0.7646666666666667 0.7666666666666666 0.4576666666666668 0.46099999999999997 0.5005000000000002 0.6748333333333335 0.46199999999999997 0.37116666666666664 0.34450000000000003 0.12249999999999998 0.7175000000000001 0.14133333333333334 0.14566666666666664 0.11133333333333333 0.1555 0.1653333333333333 0.006666666666666667 0.16233333333333333 0.1635 0.24266666666666667 0.11449999999999998 0.24349999999999994 0.0018333333333333335 0.02483333333333333 0.13399999999999998 0.02233333333333333 0.009333333333333334 0.091 0.0018333333333333335 0.027666666666666666 0.7586666666666669 0.7946666666666665 0.6585000000000001 0.7211666666666666 0.09333333333333332 0.3715 0.20716666666666664 0.2503333333333334 0.09183333333333332 0.12566666666666668 0.08433333333333332 0.09316666666666668 0.1035 0.11950000000000002 0.2881666666666667 0.0018333333333333335 0.11283333333333333 0.0018333333333333335 0.047 0.0016666666666666668 0.7190000000000002 0.745 0.7274999999999998 0.9303333333333333 0.22799999999999998 0.12366666666666667 
0.05516666666666667 0.25366666666666665 0.7628333333333335 0.5205000000000001 0.9016666666666664 1.0 0.5038333333333334 0.21449999999999997 0.22733333333333333 0.34983333333333344 0.17566666666666675 0.09633333333333333 0.3368333333333333 0.1811666666666667 0.18183333333333335 0.17366666666666666 0.06616666666666664 0.005666666666666666 0.4298333333333334 0.43199999999999994 0.735 0.5341666666666669 0.7115 0.6833333333333332 0.7195 0.4229999999999998 0.7863333333333336 0.8443333333333334 0.0018333333333333335 0.024833333333333346 0.4033333333333335 0.3974999999999999 0.026499999999999996 0.10533333333333335 0.7034999999999999 0.7053333333333331 0.3866666666666667 0.38483333333333325 0.4308333333333334 0.5986666666666668 0.4396666666666667 0.30383333333333334 0.28700000000000003 0.12416666666666668 0.6595000000000003 0.15049999999999997 0.15299999999999997 0.11866666666666666 0.16433333333333333 0.17700000000000002 0.0075 0.1725 0.1765 0.2526666666666667 0.12133333333333336 0.24283333333333332 0.010666666666666668 0.065 0.13449999999999998 0.024 0.011666666666666669 0.09033333333333333 0.0025 0.029333333333333336 0.6846666666666666 0.723 0.6008333333333332 0.6611666666666668 0.16516666666666666 0.44016666666666665 0.27083333333333337 0.3106666666666666 0.15249999999999997 0.18783333333333324 0.15550000000000005 0.16116666666666668 0.136 0.19333333333333338 0.2743333333333334 0.003 0.11266666666666665 0.0018333333333333335 0.0475 0.0025 0.6593333333333333 0.684 0.6645000000000002 0.8631666666666666 0.2615 0.12533333333333332 
0.22699999999999995 0.19300000000000003 0.5994999999999999 0.5101666666666668 0.47300000000000003 0.5038333333333334 1.0 0.5148333333333334 0.48 0.26466666666666666 0.42600000000000016 0.4105 0.40600000000000014 0.5228333333333334 0.5045 0.183 0.23933333333333334 0.22283333333333324 0.36433333333333323 0.37566666666666665 0.5193333333333334 0.6078333333333331 0.3631666666666667 0.33333333333333337 0.36816666666666675 0.3404999999999999 0.40583333333333343 0.5126666666666665 0.2083333333333333 0.35350000000000004 0.31433333333333335 0.3863333333333334 0.34583333333333327 0.398 0.3643333333333334 0.36483333333333334 0.14766666666666667 0.22666666666666666 0.3643333333333334 0.43616666666666665 0.282 0.15466666666666667 0.01633333333333334 0.05583333333333332 0.36200000000000004 0.08849999999999997 0.06899999999999999 0.0535 0.09533333333333335 0.13150000000000003 0.20566666666666664 0.13550000000000004 0.2165 0.19416666666666665 0.07933333333333334 0.20683333333333337 0.35650000000000004 0.3888333333333333 0.28783333333333344 0.23683333333333337 0.2711666666666667 0.41283333333333333 0.23866666666666664 0.28600000000000003 0.6343333333333333 0.5601666666666669 0.3548333333333333 0.35350000000000004 0.21250000000000002 0.3746666666666666 0.39483333333333337 0.36749999999999977 0.2823333333333334 0.32199999999999995 0.25533333333333336 0.2493333333333333 0.23866666666666664 0.22966666666666666 0.36483333333333334 0.255 0.2905 0.2336666666666666 0.26733333333333337 0.22783333333333336 0.3473333333333333 0.35933333333333345 0.46166666666666667 0.4753333333333332 0.37799999999999995 0.40916666666666673 
0.4123333333333333 0.4068333333333334 0.21916666666666662 0.41083333333333344 0.15349999999999997 0.21449999999999997 0.5148333333333334 1.0 0.7351666666666665 0.3168333333333334 0.5868333333333332 0.6309999999999999 0.5688333333333332 0.8208333333333333 0.6961666666666667 0.24549999999999986 0.3543333333333335 0.35083333333333333 0.2763333333333334 0.28883333333333333 0.2705 0.5126666666666666 0.009000000000000001 0.011000000000000003 0.007166666666666667 0.19966666666666666 0.08816666666666667 0.20250000000000004 0.35200000000000015 0.5161666666666669 0.166 0.2511666666666667 0.5156666666666666 0.6281666666666667 0.003833333333333333 0.004666666666666666 0.10899999999999999 0.32166666666666666 0.17399999999999996 0.32849999999999996 0.169 0.17966666666666664 0.04716666666666666 0.055999999999999994 0.0016666666666666668 0.2924999999999999 0.06433333333333331 0.05866666666666665 0.30116666666666675 0.3475000000000001 0.42016666666666685 0.3575 0.22216666666666668 0.18966666666666662 0.22450000000000003 0.04249999999999998 0.5915 0.6511666666666666 0.35600000000000004 0.45033333333333336 0.49266666666666664 0.6341666666666664 0.47333333333333344 0.5086666666666667 0.2628333333333334 0.22783333333333342 0.015166666666666667 0.008166666666666668 0.2895000000000001 0.29433333333333334 0.5351666666666667 0.5046666666666666 0.3518333333333333 0.39583333333333326 0.3425 0.36550000000000005 0.31183333333333335 0.32099999999999995 0.2661666666666668 0.275 0.36683333333333346 0.4704999999999998 0.43300000000000005 0.4610000000000001 0.01 0.003 0.07200000000000002 0.13299999999999998 0.42033333333333345 0.5845000000000001 
0.24200000000000002 0.21366666666666664 0.2256666666666666 0.4483333333333335 0.163 0.22733333333333333 0.48 0.7351666666666665 1.0 0.5354999999999999 0.43583333333333324 0.46316666666666684 0.4746666666666667 0.7968333333333331 0.8686666666666666 0.4576666666666667 0.2721666666666668 0.36383333333333334 0.38666666666666677 0.4038333333333333 0.2846666666666667 0.5144999999999998 0.02016666666666667 0.03416666666666667 0.01616666666666667 0.2778333333333334 0.09350000000000001 0.21233333333333335 0.36533333333333323 0.5183333333333332 0.2588333333333333 0.3066666666666667 0.3956666666666667 0.5361666666666669 0.0105 0.011500000000000002 0.2201666666666667 0.5206666666666667 0.15633333333333332 0.3521666666666665 0.2 0.3563333333333334 0.21783333333333338 0.21716666666666665 0.004166666666666667 0.11599999999999996 0.2340000000000001 0.23249999999999996 0.12966666666666668 0.17183333333333334 0.23116666666666671 0.16666666666666663 0.3876666666666666 0.36166666666666664 0.15033333333333332 0.11449999999999998 0.4263333333333334 0.46066666666666656 0.21166666666666656 0.24500000000000008 0.2856666666666667 0.43016666666666675 0.25400000000000006 0.30349999999999994 0.2798333333333333 0.2473333333333334 0.003 0.006 0.4678333333333333 0.41650000000000015 0.7328333333333333 0.7044999999999999 0.5418333333333334 0.5966666666666667 0.5316666666666666 0.552 0.49700000000000016 0.5216666666666666 0.19083333333333333 0.447 0.2206666666666667 0.26033333333333336 0.24483333333333335 0.273 0.008 0.009333333333333334 0.06849999999999999 0.14116666666666666 0.2966666666666667 0.39033333333333325 
0.013333333333333332 0.1505 0.3376666666666667 0.4261666666666667 0.4006666666666666 0.34983333333333344 0.26466666666666666 0.3168333333333334 0.5354999999999999 1.0 0.20016666666666671 0.2193333333333334 0.428 0.3683333333333333 0.5268333333333335 0.6871666666666667 0.04916666666666667 0.17949999999999997 0.3751666666666666 0.4006666666666667 0.30883333333333335 0.3414999999999999 0.3518333333333332 0.3813333333333334 0.3383333333333334 0.42533333333333334 0.30766666666666664 0.4305 0.18683333333333338 0.195 0.4173333333333334 0.35999999999999976 0.12349999999999998 0.1813333333333333 0.33333333333333326 0.3368333333333332 0.45349999999999996 0.813 0.2096666666666666 0.4475 0.2499999999999999 0.6694999999999999 0.5116666666666666 0.3588333333333334 0.2595 0.07333333333333332 0.3716666666666666 0.37233333333333346 0.08583333333333332 0.11433333333333334 0.013500000000000003 0.10033333333333333 0.43900000000000006 0.4631666666666667 0.11250000000000002 0.2028333333333333 0.07766666666666666 0.0805 0.002833333333333333 0.015333333333333334 0.04649999999999998 0.1818333333333333 0.023333333333333334 0.06566666666666666 0.504 0.5768333333333333 0.20499999999999993 0.266 0.4260000000000001 0.3995000000000001 0.6761666666666669 0.642 0.5973333333333334 0.6086666666666666 0.5750000000000001 0.5723333333333332 0.4788333333333333 0.5686666666666668 0.05283333333333332 0.35033333333333333 0.01633333333333334 0.03566666666666667 0.028333333333333335 0.03983333333333334 0.27883333333333327 0.3131666666666667 0.23833333333333342 0.4243333333333333 0.11800000000000002 0.14983333333333332 
0.7613333333333333 0.5854999999999998 0.21316666666666667 0.10850000000000003 0.17883333333333332 0.17566666666666675 0.42600000000000016 0.5868333333333332 0.43583333333333324 0.20016666666666671 1.0 0.8933333333333333 0.7294999999999999 0.6201666666666665 0.4841666666666666 0.07549999999999998 0.7148333333333334 0.6255000000000001 0.005833333333333334 0.01566666666666667 0.203 0.15783333333333327 0.08533333333333333 0.0855 0.08249999999999998 0.011333333333333336 0.12300000000000003 0.21400000000000002 0.5861666666666665 0.44466666666666654 0.02333333333333333 0.006999999999999999 0.509 0.4193333333333335 0.08283333333333333 0.08233333333333333 0.1136666666666667 0.18216666666666664 0.33616666666666667 0.343 0.2941666666666668 0.08383333333333333 0.05616666666666668 0.22566666666666657 0.09616666666666668 0.4994999999999999 0.2298333333333334 0.2253333333333333 0.5105000000000001 0.5534999999999999 0.6944999999999999 0.5545 0.15533333333333332 0.2733333333333332 0.44183333333333324 0.2708333333333335 0.5466666666666667 0.5101666666666668 0.7243333333333334 0.7123333333333332 0.7280000000000001 0.8725000000000002 0.6951666666666668 0.7565000000000004 0.32666666666666666 0.2595 0.1585 0.09583333333333335 0.025666666666666674 0.025499999999999995 0.18283333333333338 0.15633333333333332 0.0765 0.12533333333333338 0.0543333333333333 0.06983333333333333 0.20833333333333337 0.028333333333333342 0.5906666666666667 0.37616666666666676 0.6903333333333335 0.6819999999999999 0.6811666666666665 0.6936666666666667 0.09583333333333335 0.08316666666666667 0.2031666666666666 0.1876666666666666 0.2818333333333334 0.8106666666666668 
0.7308333333333334 0.6465000000000001 0.13499999999999998 0.14416666666666667 0.09916666666666667 0.09633333333333333 0.4105 0.6309999999999999 0.46316666666666684 0.2193333333333334 0.8933333333333333 1.0 0.6528333333333332 0.6515000000000001 0.5128333333333334 0.0995 0.6896666666666665 0.665 0.022166666666666668 0.03266666666666666 0.12249999999999998 0.19249999999999998 0.003833333333333333 0.005166666666666666 0.001 0.02800000000000001 0.04216666666666666 0.134 0.6190000000000001 0.4758333333333333 0.010833333333333332 0.029166666666666664 0.5473333333333334 0.4518333333333334 0.0003333333333333333 0.00016666666666666666 0.050666666666666665 0.19516666666666665 0.25250000000000006 0.26716666666666666 0.22466666666666663 0.09566666666666666 0.04999999999999999 0.26099999999999995 0.012166666666666673 0.5493333333333333 0.26266666666666666 0.25583333333333336 0.5581666666666667 0.6043333333333333 0.7526666666666668 0.6061666666666667 0.19150000000000003 0.31216666666666665 0.47550000000000003 0.24849999999999994 0.5786666666666667 0.5516666666666667 0.6526666666666665 0.7626666666666668 0.7798333333333335 0.9313333333333332 0.7448333333333332 0.8121666666666667 0.24350000000000002 0.17683333333333337 0.07350000000000002 0.011833333333333336 0.053000000000000005 0.043 0.20933333333333337 0.18266666666666662 0.10366666666666667 0.14766666666666664 0.07966666666666666 0.09416666666666668 0.23283333333333334 0.053 0.5023333333333332 0.4058333333333334 0.6505 0.7271666666666665 0.691 0.7403333333333333 0.009666666666666667 0.0 0.11616666666666667 0.10516666666666669 0.29166666666666663 0.8235000000000001 
0.5056666666666669 0.353 0.2783333333333334 0.11150000000000002 0.4085000000000001 0.3368333333333333 0.40600000000000014 0.5688333333333332 0.4746666666666667 0.428 0.7294999999999999 0.6528333333333332 1.0 0.6388333333333333 0.48683333333333323 0.21883333333333335 0.4958333333333335 0.40249999999999986 0.007833333333333333 0.020833333333333336 0.3660000000000001 0.1805 0.31133333333333335 0.309 0.3076666666666667 0.1048333333333333 0.3503333333333332 0.4526666666666666 0.3685000000000001 0.375 0.12099999999999994 0.0495 0.35950000000000004 0.38116666666666665 0.3083333333333334 0.308 0.3458333333333334 0.4171666666666665 0.5333333333333333 0.5948333333333333 0.42800000000000005 0.32699999999999996 0.25716666666666665 0.04166666666666666 0.2966666666666667 0.26133333333333336 0.03183333333333334 0.031666666666666676 0.2725 0.3156666666666667 0.4335 0.3163333333333334 0.061166666666666675 0.10933333333333335 0.21266666666666667 0.10950000000000001 0.4223333333333334 0.4248333333333334 0.48 0.45183333333333336 0.475 0.6245 0.43800000000000006 0.4998333333333333 0.5753333333333334 0.5075 0.25166666666666665 0.30383333333333334 0.02666666666666666 0.0305 0.22333333333333327 0.1938333333333333 0.09 0.15583333333333327 0.07383333333333332 0.10533333333333332 0.2951666666666667 0.058999999999999976 0.4680000000000002 0.21066666666666653 0.44199999999999995 0.42533333333333334 0.4288333333333334 0.43833333333333335 0.3156666666666667 0.3081666666666667 0.42183333333333345 0.4131666666666666 0.21166666666666661 0.5753333333333333 
0.43183333333333335 0.35516666666666663 0.2145 0.3820000000000001 0.11816666666666668 0.1811666666666667 0.5228333333333334 0.8208333333333333 0.7968333333333331 0.3683333333333333 0.6201666666666665 0.6515000000000001 0.6388333333333333 1.0 0.7786666666666665 0.31416666666666654 0.43199999999999994 0.47216666666666657 0.3036666666666667 0.31816666666666676 0.2376666666666667 0.4413333333333334 0.009000000000000001 0.01266666666666667 0.004833333333333333 0.20950000000000008 0.0565 0.16450000000000004 0.45116666666666655 0.6166666666666667 0.19216666666666668 0.24749999999999994 0.5018333333333335 0.6313333333333335 0.0034999999999999996 0.004166666666666667 0.09200000000000003 0.33349999999999996 0.21183333333333335 0.3045 0.1893333333333333 0.22166666666666668 0.09466666666666664 0.10466666666666663 0.0015 0.25399999999999995 0.11100000000000002 0.114 0.26649999999999996 0.31016666666666665 0.4150000000000001 0.30883333333333346 0.26549999999999996 0.24000000000000005 0.21850000000000003 0.04249999999999999 0.5873333333333334 0.6198333333333335 0.37749999999999984 0.43516666666666665 0.4746666666666667 0.6195 0.4363333333333334 0.49449999999999994 0.2785 0.21583333333333332 0.009000000000000001 0.004833333333333334 0.33533333333333337 0.3258333333333333 0.5509999999999998 0.5205000000000001 0.39350000000000007 0.45983333333333326 0.38816666666666677 0.41700000000000015 0.40383333333333327 0.3731666666666667 0.2966666666666667 0.35966666666666675 0.3745000000000001 0.4298333333333334 0.4118333333333334 0.45533333333333326 0.005333333333333334 0.003333333333333333 0.10116666666666671 0.11383333333333334 0.36250000000000016 0.5671666666666667 
0.29716666666666675 0.2768333333333332 0.26533333333333337 0.425 0.14683333333333337 0.18183333333333335 0.5045 0.6961666666666667 0.8686666666666666 0.5268333333333335 0.4841666666666666 0.5128333333333334 0.48683333333333323 0.7786666666666665 1.0 0.4625000000000001 0.32416666666666677 0.42466666666666664 0.3578333333333334 0.3789999999999999 0.2333333333333333 0.4631666666666668 0.028500000000000004 0.0425 0.023500000000000007 0.2876666666666666 0.07866666666666668 0.19333333333333333 0.4295000000000001 0.5788333333333334 0.27099999999999996 0.3133333333333333 0.45083333333333336 0.5193333333333332 0.018833333333333334 0.02066666666666667 0.17233333333333334 0.48050000000000004 0.1456666666666666 0.3268333333333333 0.21550000000000005 0.3391666666666666 0.19466666666666668 0.22849999999999998 0.0075000000000000015 0.1775 0.24516666666666662 0.2443333333333333 0.1916666666666667 0.23366666666666663 0.28233333333333344 0.2284999999999999 0.40266666666666673 0.3735000000000001 0.19866666666666666 0.12016666666666667 0.4770000000000001 0.49799999999999983 0.2696666666666667 0.29883333333333345 0.3393333333333333 0.48300000000000004 0.3086666666666667 0.3575 0.2943333333333334 0.26100000000000007 0.008 0.004166666666666667 0.4111666666666667 0.38349999999999995 0.6669999999999997 0.635 0.5261666666666667 0.5523333333333335 0.5003333333333335 0.5225000000000001 0.43683333333333346 0.48350000000000004 0.22733333333333333 0.4536666666666667 0.278 0.31483333333333335 0.3028333333333334 0.32849999999999996 0.008666666666666668 0.017333333333333336 0.06566666666666668 0.1418333333333333 0.3449999999999999 0.4458333333333334 
0.031166666666666672 0.14416666666666667 0.25683333333333336 0.4265 0.21383333333333332 0.17366666666666666 0.183 0.24549999999999986 0.4576666666666667 0.6871666666666667 0.07549999999999998 0.0995 0.21883333333333335 0.31416666666666654 0.4625000000000001 1.0 0.06666666666666665 0.17249999999999996 0.5225 0.5583333333333335 0.1381666666666667 0.2740000000000001 0.4124999999999999 0.4383333333333333 0.39799999999999996 0.5851666666666666 0.2571666666666666 0.20833333333333331 0.18900000000000003 0.27633333333333326 0.6031666666666667 0.5818333333333334 0.18733333333333338 0.31466666666666665 0.403 0.4053333333333334 0.3418333333333334 0.5633333333333334 0.1266666666666667 0.21883333333333332 0.15000000000000002 0.6830000000000002 0.5145 0.48100000000000004 0.30933333333333335 0.18533333333333335 0.44683333333333336 0.4989999999999999 0.16500000000000004 0.15133333333333338 0.03983333333333334 0.1481666666666667 0.5456666666666666 0.45966666666666683 0.19933333333333333 0.22083333333333338 0.17350000000000002 0.17516666666666666 0.012166666666666668 0.031166666666666672 0.05166666666666666 0.08183333333333334 0.04616666666666668 0.046 0.2683333333333333 0.33666666666666656 0.24516666666666664 0.30883333333333335 0.5165 0.46983333333333327 0.5723333333333332 0.5658333333333334 0.7413333333333333 0.7069999999999999 0.7919999999999999 0.796 0.4605000000000002 0.7979999999999998 0.03766666666666667 0.3758333333333334 0.02550000000000001 0.055999999999999994 0.043833333333333335 0.065 0.32550000000000007 0.38866666666666666 0.21833333333333343 0.2461666666666666 0.2515 0.064 
0.894166666666667 0.4581666666666666 0.0925 0.018833333333333334 0.06666666666666664 0.06616666666666664 0.23933333333333334 0.3543333333333335 0.2721666666666668 0.04916666666666667 0.7148333333333334 0.6896666666666665 0.4958333333333335 0.43199999999999994 0.32416666666666677 0.06666666666666665 1.0 0.8344999999999999 0.050499999999999996 0.0245 0.15783333333333335 0.03816666666666666 0.06633333333333331 0.06633333333333331 0.06499999999999997 0.01666666666666667 0.06566666666666664 0.06799999999999998 0.820833333333333 0.6691666666666667 0.030000000000000006 0.019333333333333334 0.6934999999999999 0.488 0.0653333333333333 0.06516666666666664 0.3073333333333333 0.04283333333333334 0.5118333333333335 0.18983333333333324 0.4743333333333333 0.07366666666666669 0.1263333333333333 0.30433333333333334 0.08333333333333331 0.47150000000000003 0.30466666666666664 0.2963333333333333 0.4813333333333333 0.47716666666666685 0.8191666666666667 0.4736666666666668 0.15566666666666668 0.23566666666666658 0.5271666666666667 0.4973333333333333 0.7058333333333333 0.6361666666666665 0.8754999999999998 0.8453333333333336 0.8348333333333335 0.6916666666666665 0.8538333333333334 0.8198333333333331 0.1325 0.06766666666666665 0.18800000000000008 0.085 0.2076666666666666 0.09300000000000001 0.038166666666666675 0.037500000000000006 0.10733333333333332 0.08116666666666666 0.06983333333333333 0.05983333333333331 0.44133333333333336 0.039333333333333345 0.7598333333333335 0.6099999999999999 0.8801666666666665 0.8511666666666666 0.8489999999999999 0.8556666666666668 0.10149999999999998 0.06549999999999997 0.25333333333333335 0.06649999999999998 0.21600000000000003 0.6981666666666668 
0.7893333333333332 0.413 0.033666666666666664 0.09516666666666664 0.007166666666666667 0.005666666666666666 0.22283333333333324 0.35083333333333333 0.36383333333333334 0.17949999999999997 0.6255000000000001 0.665 0.40249999999999986 0.47216666666666657 0.42466666666666664 0.17249999999999996 0.8344999999999999 1.0 0.1545 0.1295 0.10416666666666666 0.08683333333333336 0.0025 0.015000000000000005 0.0 0.10883333333333335 0.0021666666666666666 0.0175 0.8933333333333334 0.7356666666666662 0.11266666666666668 0.1015 0.715 0.5263333333333334 0.0 0.0 0.26016666666666666 0.17500000000000004 0.42166666666666663 0.1453333333333333 0.3996666666666666 0.16100000000000006 0.218 0.4053333333333333 0.016500000000000004 0.43600000000000017 0.4158333333333332 0.413 0.4481666666666668 0.4441666666666667 0.7634999999999998 0.43366666666666664 0.28283333333333327 0.36766666666666664 0.4976666666666664 0.4288333333333334 0.6835 0.6068333333333331 0.7683333333333339 0.7789999999999998 0.7703333333333332 0.659 0.7951666666666668 0.7598333333333332 0.08916666666666667 0.02383333333333333 0.11883333333333333 0.01766666666666667 0.3051666666666667 0.2008333333333334 0.17633333333333334 0.17300000000000004 0.22733333333333341 0.20716666666666672 0.1858333333333333 0.17316666666666675 0.5348333333333332 0.15799999999999995 0.6638333333333335 0.7069999999999999 0.7835000000000004 0.801 0.7903333333333336 0.8093333333333331 0.033 0.0 0.18150000000000005 0.0055 0.18800000000000008 0.6623333333333333 
0.034666666666666665 0.23500000000000004 0.5339999999999999 0.8161666666666665 0.3533333333333333 0.4298333333333334 0.36433333333333323 0.2763333333333334 0.38666666666666677 0.3751666666666666 0.005833333333333334 0.022166666666666668 0.007833333333333333 0.3036666666666667 0.3578333333333334 0.5225 0.050499999999999996 0.1545 1.0 0.9173333333333333 0.2731666666666666 0.5333333333333333 0.4788333333333334 0.5076666666666667 0.4726666666666667 0.769 0.3438333333333333 0.2831666666666667 0.20566666666666655 0.3586666666666666 0.7708333333333333 0.8181666666666668 0.28783333333333333 0.446 0.47050000000000003 0.4690000000000001 0.11716666666666668 0.2856666666666667 0.08416666666666667 0.06433333333333331 0.0535 0.2796666666666667 0.371 0.4006666666666666 0.41600000000000004 0.2406666666666667 0.43283333333333346 0.4138333333333333 0.24916666666666665 0.22116666666666668 0.04266666666666666 0.2175 0.5524999999999999 0.4556666666666667 0.23249999999999993 0.17350000000000004 0.24833333333333335 0.3041666666666666 0.0345 0.06900000000000003 0.061166666666666654 0.029333333333333336 0.06999999999999999 0.042 0.23449999999999996 0.29950000000000004 0.4194999999999999 0.42399999999999993 0.6271666666666665 0.8874999999999998 0.5031666666666668 0.5243333333333333 0.6035 0.5938333333333333 0.6299999999999999 0.6201666666666668 0.3731666666666667 0.6844999999999999 0.0435 0.3110000000000001 0.04833333333333333 0.08233333333333334 0.07466666666666667 0.08266666666666668 0.42266666666666675 0.44800000000000006 0.36666666666666664 0.3816666666666667 0.4126666666666667 0.05483333333333333 
0.007166666666666667 0.22599999999999998 0.5363333333333334 0.8143333333333331 0.35733333333333334 0.43199999999999994 0.37566666666666665 0.28883333333333333 0.4038333333333333 0.4006666666666667 0.01566666666666667 0.03266666666666666 0.020833333333333336 0.31816666666666676 0.3789999999999999 0.5583333333333335 0.0245 0.1295 0.9173333333333333 1.0 0.2625000000000001 0.5436666666666666 0.495 0.5205 0.48166666666666663 0.7903333333333333 0.3375 0.292 0.17949999999999997 0.33166666666666667 0.7878333333333335 0.8404999999999998 0.26050000000000006 0.4413333333333334 0.47816666666666663 0.47950000000000004 0.09350000000000001 0.30549999999999994 0.05466666666666667 0.07233333333333335 0.030833333333333334 0.3163333333333333 0.3336666666666666 0.3663333333333334 0.3953333333333333 0.20683333333333337 0.3893333333333334 0.38183333333333336 0.2046666666666667 0.19150000000000006 0.017333333333333336 0.18750000000000003 0.5213333333333334 0.44833333333333336 0.19116666666666668 0.1411666666666667 0.21983333333333327 0.27449999999999997 0.007166666666666666 0.03766666666666668 0.03666666666666667 0.03383333333333333 0.04266666666666667 0.027333333333333334 0.24933333333333332 0.314 0.36766666666666653 0.3931666666666665 0.5861666666666665 0.8681666666666666 0.5278333333333333 0.5505 0.6455 0.6455000000000001 0.6656666666666666 0.6576666666666666 0.34883333333333333 0.7053333333333334 0.015500000000000005 0.28683333333333333 0.020999999999999998 0.05516666666666665 0.047499999999999994 0.05566666666666667 0.4010000000000001 0.45433333333333326 0.3213333333333333 0.3859999999999998 0.3938333333333335 0.05733333333333333 
0.146 0.06616666666666667 0.5590000000000002 0.3121666666666667 0.6806666666666668 0.735 0.5193333333333334 0.2705 0.2846666666666667 0.30883333333333335 0.203 0.12249999999999998 0.3660000000000001 0.2376666666666667 0.2333333333333333 0.1381666666666667 0.15783333333333335 0.10416666666666666 0.2731666666666666 0.2625000000000001 1.0 0.6323333333333335 0.5221666666666668 0.4934999999999999 0.5316666666666667 0.25133333333333324 0.6296666666666667 0.7456666666666669 0.094 0.12783333333333335 0.24099999999999994 0.24033333333333332 0.12 0.1921666666666667 0.5218333333333334 0.5233333333333333 0.5303333333333333 0.42983333333333335 0.5373333333333332 0.7254999999999999 0.5933333333333334 0.36066666666666675 0.21283333333333337 0.017333333333333336 0.5016666666666666 0.013500000000000002 0.036166666666666666 0.016 0.019666666666666676 0.016500000000000004 0.062166666666666676 0.016166666666666673 0.02833333333333334 0.07399999999999998 0.05266666666666666 0.27716666666666673 0.10983333333333332 0.12500000000000003 0.225 0.07533333333333334 0.07583333333333332 0.11099999999999996 0.09299999999999999 0.06083333333333332 0.6686666666666667 0.6631666666666668 0.48283333333333334 0.5108333333333334 0.14933333333333335 0.30866666666666664 0.34666666666666673 0.3648333333333334 0.17449999999999996 0.19400000000000003 0.14616666666666664 0.16099999999999998 0.23166666666666672 0.14049999999999999 0.3603333333333334 0.10200000000000001 0.20366666666666666 0.09366666666666668 0.13833333333333336 0.09383333333333335 0.5236666666666666 0.5148333333333333 0.5781666666666666 0.6328333333333332 0.21033333333333323 0.12500000000000003 
0.03283333333333334 0.1691666666666667 0.44483333333333336 0.6380000000000002 0.47350000000000003 0.5341666666666669 0.6078333333333331 0.5126666666666666 0.5144999999999998 0.3414999999999999 0.15783333333333327 0.19249999999999998 0.1805 0.4413333333333334 0.4631666666666668 0.2740000000000001 0.03816666666666666 0.08683333333333336 0.5333333333333333 0.5436666666666666 0.6323333333333335 1.0 0.269 0.25400000000000006 0.27233333333333337 0.4606666666666665 0.37749999999999995 0.5363333333333332 0.11449999999999996 0.27033333333333337 0.4133333333333333 0.5056666666666666 0.262 0.38516666666666666 0.26183333333333336 0.2631666666666667 0.22000000000000003 0.46533333333333343 0.18133333333333337 0.4428333333333332 0.23699999999999996 0.2918333333333333 0.08733333333333335 0.06166666666666667 0.23933333333333334 0.05583333333333331 0.10149999999999995 0.06833333333333336 0.06733333333333333 0.08400000000000002 0.049833333333333354 0.08866666666666669 0.2341666666666666 0.24033333333333343 0.04133333333333334 0.11366666666666667 0.2225 0.30433333333333334 0.0295 0.08883333333333333 0.08916666666666666 0.19550000000000003 0.08733333333333332 0.09616666666666668 0.4353333333333333 0.4411666666666665 0.23300000000000004 0.2368333333333333 0.3741666666666666 0.5611666666666668 0.6303333333333331 0.6600000000000001 0.4003333333333333 0.46900000000000036 0.3929999999999999 0.4043333333333332 0.2393333333333333 0.3885 0.10383333333333333 0.1845 0.04433333333333333 0.08883333333333335 0.07599999999999998 0.07083333333333333 0.22983333333333328 0.2515 0.24699999999999997 0.41999999999999993 0.327 0.1888333333333333 
0.05216666666666666 0.19166666666666665 0.7391666666666664 0.46050000000000013 0.7718333333333334 0.7115 0.3631666666666667 0.009000000000000001 0.02016666666666667 0.3518333333333332 0.08533333333333333 0.003833333333333333 0.31133333333333335 0.009000000000000001 0.028500000000000004 0.4124999999999999 0.06633333333333331 0.0025 0.4788333333333334 0.495 0.5221666666666668 0.269 1.0 0.9566666666666669 0.9745 0.6554999999999999 0.8243333333333335 0.7043333333333334 0.0015 0.0011666666666666668 0.6754999999999999 0.6075 0.02016666666666667 0.08966666666666664 0.970166666666667 0.9723333333333336 0.38750000000000007 0.27233333333333337 0.4861666666666667 0.4946666666666667 0.3968333333333334 0.4703333333333333 0.4338333333333334 0.26799999999999996 0.8721666666666666 0.24266666666666661 0.2331666666666667 0.2618333333333333 0.21766666666666665 0.2051666666666666 0.01416666666666667 0.2026666666666667 0.24683333333333327 0.207 0.19083333333333338 0.2733333333333333 0.0 0.0 0.1315 0.001 0.0005 0.0034999999999999996 0.0 0.0 0.6831666666666665 0.7445 0.7681666666666663 0.8686666666666666 0.13183333333333336 0.4000000000000001 0.07933333333333331 0.08549999999999999 0.22983333333333333 0.1748333333333333 0.2753333333333333 0.2795000000000001 0.10800000000000001 0.31933333333333336 0.28216666666666673 0.006500000000000001 0.11066666666666666 0.0 0.04533333333333333 0.0 0.8801666666666663 0.9479999999999997 0.7774999999999999 0.8136666666666664 0.28483333333333344 0.03933333333333333 
0.05216666666666666 0.19549999999999998 0.7080000000000001 0.4886666666666668 0.7428333333333335 0.6833333333333332 0.33333333333333337 0.011000000000000003 0.03416666666666667 0.3813333333333334 0.0855 0.005166666666666666 0.309 0.01266666666666667 0.0425 0.4383333333333333 0.06633333333333331 0.015000000000000005 0.5076666666666667 0.5205 0.4934999999999999 0.25400000000000006 0.9566666666666669 1.0 0.9473333333333336 0.6823333333333333 0.7973333333333329 0.6758333333333333 0.01516666666666667 0.012000000000000002 0.7001666666666666 0.6230000000000002 0.025666666666666667 0.09566666666666666 0.9406666666666667 0.9411666666666667 0.4038333333333335 0.3005000000000001 0.4568333333333332 0.46616666666666673 0.36950000000000005 0.46383333333333326 0.4655 0.3011666666666667 0.8461666666666668 0.24599999999999997 0.26533333333333337 0.2931666666666667 0.22099999999999997 0.2075 0.015333333333333336 0.20466666666666672 0.27849999999999997 0.23933333333333337 0.19716666666666668 0.2636666666666667 0.0006666666666666666 0.0006666666666666666 0.12983333333333333 0.0006666666666666666 0.0003333333333333333 0.004333333333333333 0.0003333333333333333 0.0 0.6518333333333334 0.7163333333333334 0.7436666666666666 0.8445000000000001 0.16366666666666663 0.42883333333333334 0.10899999999999999 0.11533333333333333 0.25683333333333336 0.201 0.3028333333333334 0.297 0.13583333333333336 0.34533333333333327 0.25366666666666665 0.03433333333333335 0.10799999999999998 0.0011666666666666668 0.04616666666666667 0.0006666666666666666 0.8541666666666667 0.9193333333333333 0.7481666666666666 0.7850000000000001 0.2833333333333333 0.03983333333333333 
