1.0 0.7301666666666669 0.5736666666666667 0.7863333333333332 0.043166666666666666 0.4775 0.7155000000000001 0.8161666666666667 0.257 0.5451666666666668 0.3616666666666666 0.7471666666666669 0.36999999999999994 0.5471666666666667 0.08266666666666668 0.03583333333333334 0.07200000000000001 0.07516666666666666 0.7450000000000001 0.7241666666666667 0.015833333333333338 0.012666666666666666 0.6346666666666665 0.6550000000000001 0.04866666666666669 0.35866666666666674 0.021500000000000005 0.06583333333333331 0.05383333333333331 0.012333333333333332 0.07900000000000001 0.4205 0.12033333333333333 0.37766666666666665 0.6335000000000001 0.6581666666666667 0.04583333333333334 0.06316666666666665 0.1940000000000001 0.23183333333333336 0.04183333333333333 0.0125 0.8849999999999999 0.8828333333333334 0.8648333333333332 0.801333333333333 0.8848333333333332 0.8733333333333333 0.8816666666666666 0.2633333333333334 0.8058333333333332 0.6466666666666666 0.6113333333333333 0.2546666666666667 0.7880000000000003 0.20483333333333334 0.2928333333333334 0.3153333333333333 0.8866666666666667 0.6331666666666667 0.6496666666666664 0.8468333333333335 0.06966666666666667 0.33899999999999986 0.6228333333333335 0.8005 0.7603333333333334 0.7916666666666667 0.43116666666666675 0.7639999999999998 0.4148333333333332 0.28450000000000003 0.08183333333333334 0.06749999999999999 0.14833333333333332 0.10866666666666663 0.4603333333333333 0.4759999999999999 0.075 0.012166666666666666 0.012500000000000002 0.012166666666666668 0.012333333333333333 0.012500000000000002 0.375 0.5130000000000001 0.012 0.09766666666666671 0.5236666666666667 0.30083333333333334 
0.7301666666666669 1.0 0.4376666666666666 0.6631666666666667 0.12333333333333335 0.3441666666666668 0.5261666666666664 0.6928333333333336 0.14666666666666667 0.41783333333333317 0.18166666666666667 0.5438333333333333 0.19116666666666662 0.40483333333333343 0.09916666666666668 0.18483333333333338 0.17300000000000001 0.17466666666666664 0.5381666666666667 0.9718333333333335 0.1848333333333333 0.16833333333333336 0.4953333333333333 0.5406666666666666 0.11350000000000002 0.2168333333333333 0.145 0.11300000000000003 0.16933333333333334 0.169 0.15750000000000003 0.22533333333333336 0.1103333333333333 0.18033333333333335 0.4828333333333334 0.48749999999999993 0.1625 0.2113333333333333 0.045999999999999985 0.3041666666666667 0.13266666666666668 0.16883333333333336 0.8064999999999998 0.8023333333333333 0.7851666666666666 0.7176666666666666 0.805833333333333 0.7931666666666666 0.8051666666666665 0.44100000000000006 0.6733333333333331 0.5153333333333334 0.867 0.43016666666666664 0.7120000000000003 0.3954999999999999 0.4986666666666666 0.5371666666666667 0.801833333333333 0.8376666666666667 0.47716666666666663 0.681 0.171 0.44216666666666654 0.49016666666666664 0.6633333333333334 0.6818333333333332 0.7123333333333336 0.6846666666666666 0.6691666666666666 0.19933333333333333 0.11166666666666666 0.18099999999999994 0.17116666666666666 0.13283333333333333 0.2066666666666666 0.2303333333333333 0.23616666666666675 0.1753333333333333 0.1685 0.172 0.17383333333333334 0.16866666666666671 0.1733333333333333 0.5409999999999999 0.648 0.16800000000000004 0.2778333333333334 0.5558333333333335 0.4703333333333333 
0.5736666666666667 0.4376666666666666 1.0 0.703 0.22733333333333328 0.3408333333333334 0.8226666666666665 0.6631666666666668 0.4661666666666667 0.441 0.38616666666666655 0.39983333333333326 0.3973333333333333 0.37649999999999983 0.17366666666666672 0.08433333333333333 0.13200000000000003 0.13533333333333336 0.4984999999999999 0.43083333333333323 0.079 0.07533333333333334 0.8853333333333332 0.8388333333333335 0.24766666666666665 0.4696666666666667 0.21566666666666662 0.12716666666666668 0.11666666666666674 0.07616666666666667 0.14983333333333335 0.5691666666666666 0.35950000000000004 0.391 0.7399999999999998 0.7645000000000003 0.11350000000000002 0.0775 0.35900000000000004 0.20433333333333334 0.09049999999999996 0.11916666666666664 0.5463333333333332 0.5501666666666665 0.5293333333333332 0.47233333333333344 0.5479999999999999 0.5598333333333335 0.5438333333333332 0.09366666666666663 0.6836666666666666 0.30883333333333346 0.36849999999999994 0.088 0.5436666666666666 0.19033333333333327 0.13100000000000003 0.1486666666666666 0.5478333333333333 0.38883333333333325 0.4346666666666665 0.5363333333333332 0.13050000000000003 0.20283333333333334 0.722166666666667 0.6756666666666666 0.6679999999999999 0.6336666666666667 0.27199999999999996 0.4289999999999998 0.39933333333333343 0.31283333333333335 0.14233333333333337 0.12833333333333333 0.177 0.17450000000000002 0.3605 0.4201666666666666 0.1356666666666667 0.07600000000000001 0.07600000000000001 0.07616666666666667 0.07683333333333335 0.07650000000000001 0.4383333333333333 0.3459999999999999 0.07700000000000001 0.2838333333333333 0.66 0.21633333333333327 
0.7863333333333332 0.6631666666666667 0.703 1.0 0.12333333333333338 0.5908333333333332 0.8481666666666667 0.9528333333333334 0.3016666666666667 0.6538333333333333 0.3528333333333332 0.6163333333333333 0.36283333333333334 0.6320000000000001 0.06516666666666666 0.016500000000000004 0.021333333333333333 0.023499999999999997 0.6099999999999999 0.6605000000000001 0.006666666666666667 0.0 0.8003333333333333 0.8536666666666671 0.11366666666666672 0.5093333333333335 0.10533333333333335 0.07533333333333334 0.012333333333333333 0.0 0.029666666666666664 0.5393333333333333 0.1726666666666667 0.3503333333333334 0.7996666666666666 0.8048333333333333 0.01666666666666667 0.047333333333333345 0.27649999999999997 0.324 0.044500000000000005 0.037166666666666695 0.839166666666667 0.8431666666666667 0.8206666666666668 0.76 0.8403333333333336 0.8530000000000002 0.8375000000000002 0.14433333333333334 0.9608333333333335 0.5680000000000002 0.5580000000000002 0.13233333333333336 0.8236666666666668 0.25150000000000006 0.18666666666666668 0.22183333333333333 0.8360000000000001 0.5455000000000001 0.48216666666666674 0.7941666666666667 0.021 0.20850000000000002 0.7793333333333333 0.9483333333333336 0.9460000000000002 0.9265000000000001 0.3648333333333334 0.7023333333333334 0.3628333333333335 0.24233333333333337 0.031166666666666665 0.01966666666666667 0.08249999999999998 0.05699999999999998 0.3916666666666668 0.4296666666666667 0.023166666666666665 0.0 0.0005 0.0008333333333333334 0.0 0.0005 0.5598333333333333 0.5885 0.0 0.23533333333333326 0.7218333333333333 0.3845 
0.043166666666666666 0.12333333333333335 0.22733333333333328 0.12333333333333338 1.0 0.488 0.16583333333333328 0.107 0.504 0.3443333333333333 0.2876666666666667 0.0415 0.27516666666666667 0.42016666666666674 0.6841666666666666 0.7555000000000003 0.496 0.4791666666666666 0.13699999999999998 0.12233333333333342 0.7475000000000004 0.7651666666666667 0.17433333333333334 0.162 0.8610000000000001 0.5361666666666666 0.9540000000000003 0.8613333333333334 0.5535 0.7605 0.5023333333333333 0.23166666666666663 0.43933333333333346 0.17983333333333335 0.1796666666666667 0.1735 0.6599999999999998 0.6514999999999997 0.598 0.5691666666666668 0.7225 0.807666666666667 0.030333333333333334 0.031833333333333325 0.05083333333333333 0.11666666666666664 0.030333333333333334 0.037 0.030333333333333327 0.6258333333333334 0.1216666666666667 0.32083333333333336 0.1748333333333333 0.6351666666666668 0.034166666666666665 0.6636666666666664 0.5311666666666668 0.5215 0.03333333333333333 0.22799999999999992 0.1646666666666667 0.05050000000000002 0.5551666666666668 0.352 0.24899999999999994 0.11966666666666669 0.13216666666666665 0.10616666666666669 0.365 0.16866666666666666 0.2 0.23900000000000005 0.4724999999999999 0.5089999999999999 0.38350000000000006 0.45733333333333326 0.1998333333333334 0.1541666666666667 0.4696666666666667 0.7595000000000001 0.7568333333333334 0.7588333333333334 0.7641666666666667 0.7581666666666669 0.3904999999999999 0.2871666666666667 0.764 0.7428333333333331 0.2771666666666667 0.5476666666666667 
0.4775 0.3441666666666668 0.3408333333333334 0.5908333333333332 0.488 1.0 0.49383333333333346 0.6039999999999999 0.1855 0.8213333333333336 0.26716666666666666 0.5170000000000001 0.2563333333333334 0.9181666666666668 0.336 0.3593333333333333 0.07016666666666667 0.05366666666666667 0.37599999999999995 0.34466666666666673 0.32166666666666655 0.3406666666666666 0.42483333333333334 0.46233333333333343 0.47633333333333333 0.8556666666666665 0.4676666666666669 0.45099999999999996 0.129 0.3358333333333332 0.0855 0.5364999999999999 0.15699999999999997 0.2716666666666666 0.5078333333333334 0.46950000000000003 0.2578333333333333 0.31300000000000006 0.5543333333333333 0.6751666666666667 0.3735 0.3739999999999999 0.5189999999999998 0.5219999999999999 0.5409999999999999 0.6065 0.5191666666666666 0.5308333333333333 0.5188333333333331 0.5011666666666666 0.6009999999999998 0.8099999999999997 0.32699999999999996 0.4800000000000001 0.5011666666666666 0.6066666666666668 0.40966666666666685 0.4948333333333333 0.5119999999999999 0.2575000000000001 0.28783333333333333 0.5441666666666667 0.12983333333333336 0.18550000000000005 0.4226666666666666 0.6076666666666667 0.5978333333333334 0.6044999999999999 0.3363333333333334 0.6576666666666666 0.21750000000000008 0.21699999999999997 0.04666666666666666 0.08300000000000005 0.05600000000000001 0.02583333333333333 0.24516666666666662 0.2803333333333333 0.045 0.3349999999999999 0.3326666666666665 0.3339999999999999 0.34033333333333315 0.3339999999999999 0.5145000000000001 0.598 0.3401666666666665 0.5641666666666667 0.5180000000000001 0.7395 
0.7155000000000001 0.5261666666666664 0.8226666666666665 0.8481666666666667 0.16583333333333328 0.49383333333333346 1.0 0.8195 0.371 0.543 0.4081666666666668 0.55 0.4188333333333334 0.5301666666666667 0.0725 0.0085 0.05783333333333332 0.06033333333333333 0.6113333333333334 0.5215 0.006833333333333334 0.002833333333333333 0.8895000000000002 0.9043333333333332 0.20650000000000002 0.6135 0.1475 0.08850000000000001 0.04316666666666666 0.0031666666666666666 0.06733333333333333 0.6631666666666668 0.303 0.4654999999999999 0.885 0.8943333333333332 0.03483333333333333 0.0515 0.3829999999999999 0.2261666666666667 0.0585 0.04666666666666666 0.7036666666666666 0.7083333333333335 0.6850000000000002 0.6286666666666666 0.7035000000000001 0.7175 0.7005 0.037333333333333336 0.8386666666666666 0.4635000000000001 0.41766666666666663 0.026000000000000006 0.6994999999999999 0.14416666666666667 0.07183333333333333 0.10700000000000001 0.7016666666666669 0.4136666666666667 0.4683333333333334 0.6900000000000002 0.05616666666666666 0.137 0.7748333333333334 0.8296666666666668 0.8260000000000001 0.791 0.2265000000000001 0.5814999999999998 0.4051666666666667 0.2763333333333334 0.06783333333333333 0.053999999999999986 0.12050000000000002 0.09983333333333334 0.4380000000000001 0.5086666666666667 0.06033333333333332 0.003 0.0031666666666666666 0.003333333333333333 0.003 0.003333333333333333 0.4311666666666667 0.46183333333333343 0.003 0.23466666666666666 0.7336666666666666 0.2785 
0.8161666666666667 0.6928333333333336 0.6631666666666668 0.9528333333333334 0.107 0.6039999999999999 0.8195 1.0 0.27016666666666667 0.6623333333333332 0.3343333333333333 0.6453333333333334 0.344 0.6615000000000002 0.05816666666666668 0.021 0.017833333333333336 0.019666666666666673 0.6251666666666668 0.6931666666666668 0.007166666666666667 0.0 0.7601666666666668 0.8148333333333333 0.09566666666666668 0.48966666666666664 0.08633333333333335 0.07750000000000003 0.011166666666666665 0.0 0.02416666666666667 0.5138333333333331 0.14316666666666664 0.3446666666666667 0.7753333333333337 0.7803333333333334 0.016666666666666673 0.04833333333333334 0.2568333333333333 0.3233333333333333 0.04233333333333333 0.03566666666666668 0.8783333333333333 0.8823333333333332 0.8593333333333333 0.7979999999999999 0.8791666666666665 0.8911666666666664 0.8759999999999999 0.17233333333333337 0.9566666666666669 0.6035 0.5891666666666666 0.16016666666666665 0.8554999999999999 0.2756666666666667 0.21566666666666667 0.2495 0.8725 0.5788333333333334 0.49683333333333335 0.821666666666667 0.017500000000000005 0.23083333333333336 0.7475000000000002 0.9475000000000001 0.9371666666666664 0.9621666666666667 0.3951666666666667 0.7370000000000003 0.3655000000000001 0.23550000000000001 0.027666666666666666 0.016333333333333335 0.07916666666666665 0.05283333333333334 0.39599999999999996 0.42916666666666664 0.019333333333333338 0.0 0.0008333333333333333 0.001 0.0 0.001 0.5395000000000002 0.6156666666666669 0.0 0.21016666666666659 0.6964999999999998 0.4068333333333333 
0.257 0.14666666666666667 0.4661666666666667 0.3016666666666667 0.504 0.1855 0.371 0.27016666666666667 1.0 0.2991666666666667 0.7095000000000001 0.4145 0.7011666666666667 0.2195 0.47516666666666657 0.3550000000000001 0.5939999999999999 0.6046666666666667 0.423 0.14116666666666666 0.35833333333333345 0.35716666666666674 0.38800000000000007 0.34850000000000003 0.3988333333333333 0.2426666666666667 0.4841666666666666 0.39833333333333343 0.543 0.35916666666666663 0.6026666666666667 0.5073333333333331 0.6518333333333333 0.5188333333333333 0.40150000000000013 0.37733333333333335 0.4193333333333332 0.28883333333333333 0.39016666666666666 0.17816666666666672 0.33533333333333337 0.4021666666666667 0.16899999999999998 0.17133333333333334 0.1655 0.15466666666666667 0.1693333333333333 0.17866666666666667 0.16683333333333333 0.21866666666666668 0.29383333333333334 0.10800000000000001 0.09883333333333331 0.2343333333333333 0.1716666666666667 0.25583333333333325 0.2451666666666667 0.18133333333333337 0.17900000000000002 0.27566666666666667 0.5086666666666667 0.29350000000000004 0.534 0.5375 0.4761666666666667 0.3036666666666667 0.2694999999999999 0.2428333333333333 0.1781666666666667 0.14166666666666664 0.5368333333333333 0.4968333333333335 0.588 0.5755 0.6013333333333333 0.5913333333333335 0.5355 0.4908333333333333 0.6133333333333334 0.36033333333333334 0.35800000000000004 0.3573333333333334 0.3568333333333334 0.35683333333333345 0.22749999999999995 0.08349999999999999 0.3573333333333334 0.3298333333333334 0.3084999999999999 0.14116666666666666 
0.5451666666666668 0.41783333333333317 0.441 0.6538333333333333 0.3443333333333333 0.8213333333333336 0.543 0.6623333333333332 0.2991666666666667 1.0 0.3463333333333333 0.6095000000000002 0.34300000000000014 0.8601666666666666 0.2690000000000001 0.2556666666666667 0.04966666666666668 0.04950000000000001 0.44983333333333336 0.413 0.21783333333333332 0.2323333333333334 0.5266666666666667 0.5531666666666668 0.33116666666666666 0.7033333333333333 0.3288333333333333 0.3115 0.0705 0.22816666666666674 0.06450000000000002 0.5409999999999999 0.15983333333333333 0.3116666666666667 0.5873333333333332 0.5259999999999999 0.17433333333333334 0.22666666666666666 0.4206666666666667 0.545 0.2598333333333333 0.26616666666666655 0.5711666666666667 0.5733333333333335 0.5886666666666668 0.6311666666666668 0.5721666666666667 0.5808333333333334 0.5706666666666667 0.40449999999999997 0.6541666666666669 0.7248333333333333 0.3453333333333333 0.38600000000000007 0.5500000000000003 0.508 0.3933333333333334 0.42699999999999994 0.5705000000000002 0.3501666666666667 0.42700000000000005 0.6536666666666667 0.0805 0.26916666666666667 0.5348333333333332 0.6644999999999999 0.6301666666666665 0.6511666666666666 0.3221666666666666 0.6593333333333332 0.2643333333333333 0.22950000000000007 0.0385 0.043500000000000004 0.06299999999999999 0.03066666666666667 0.29399999999999993 0.3281666666666666 0.05533333333333334 0.2270000000000001 0.22683333333333341 0.22816666666666674 0.23233333333333345 0.2283333333333334 0.4441666666666667 0.5589999999999999 0.23266666666666672 0.44316666666666676 0.5345 0.6398333333333333 
0.3616666666666666 0.18166666666666667 0.38616666666666655 0.3528333333333332 0.2876666666666667 0.26716666666666666 0.4081666666666668 0.3343333333333333 0.7095000000000001 0.3463333333333333 1.0 0.5251666666666668 0.9506666666666672 0.31250000000000006 0.3685 0.23716666666666664 0.5 0.5136666666666668 0.5353333333333332 0.17700000000000002 0.24616666666666667 0.24666666666666667 0.35833333333333334 0.3518333333333334 0.25316666666666665 0.3043333333333333 0.26733333333333337 0.3366666666666668 0.44716666666666677 0.24866666666666667 0.5115000000000001 0.5371666666666666 0.5338333333333334 0.6315 0.42766666666666664 0.40950000000000003 0.3303333333333333 0.2924999999999999 0.39150000000000007 0.20866666666666675 0.3316666666666667 0.27866666666666673 0.26766666666666666 0.26899999999999996 0.26416666666666666 0.25416666666666665 0.26716666666666666 0.27099999999999996 0.265 0.050499999999999996 0.3471666666666666 0.21866666666666668 0.10483333333333336 0.06466666666666668 0.2998333333333333 0.08383333333333333 0.05149999999999998 0.04483333333333332 0.2743333333333334 0.2345 0.6553333333333332 0.36216666666666675 0.4401666666666669 0.32849999999999996 0.48833333333333345 0.3553333333333334 0.3261666666666667 0.3115 0.03166666666666666 0.24766666666666665 0.6689999999999999 0.6278333333333335 0.4968333333333333 0.4848333333333333 0.5833333333333333 0.49016666666666675 0.7153333333333333 0.6445000000000001 0.5211666666666667 0.24983333333333335 0.24883333333333332 0.24500000000000002 0.24583333333333332 0.245 0.13616666666666666 0.1423333333333333 0.24516666666666664 0.11733333333333333 0.3151666666666667 0.15516666666666662 
0.7471666666666669 0.5438333333333333 0.39983333333333326 0.6163333333333333 0.0415 0.5170000000000001 0.55 0.6453333333333334 0.4145 0.6095000000000002 0.5251666666666668 1.0 0.518 0.5911666666666667 0.1245 0.04366666666666667 0.2418333333333333 0.2553333333333334 0.6896666666666667 0.5378333333333334 0.022 0.021333333333333333 0.4671666666666666 0.48800000000000004 0.04250000000000001 0.4005 0.020833333333333336 0.06083333333333332 0.19333333333333333 0.024166666666666666 0.23983333333333332 0.6218333333333333 0.2613333333333334 0.5345 0.5858333333333335 0.5345 0.10133333333333332 0.041166666666666664 0.2078333333333334 0.2368333333333333 0.03466666666666667 0.020500000000000004 0.7099999999999997 0.7073333333333331 0.7053333333333331 0.6848333333333333 0.710833333333333 0.6971666666666667 0.7086666666666663 0.27216666666666667 0.6375 0.6238333333333332 0.426 0.2563333333333333 0.6343333333333334 0.22933333333333336 0.2916666666666667 0.32733333333333325 0.7101666666666665 0.4688333333333333 0.6346666666666667 0.7961666666666667 0.18083333333333335 0.47916666666666663 0.4756666666666667 0.6506666666666666 0.5930000000000002 0.6206666666666666 0.32083333333333314 0.6675 0.5075 0.3983333333333332 0.2388333333333334 0.22533333333333327 0.2676666666666667 0.23266666666666663 0.5595000000000002 0.5883333333333333 0.26400000000000007 0.025666666666666664 0.023 0.02283333333333333 0.0215 0.022 0.28850000000000003 0.40483333333333354 0.021333333333333333 0.11933333333333333 0.43750000000000017 0.3288333333333334 
0.36999999999999994 0.19116666666666662 0.3973333333333333 0.36283333333333334 0.27516666666666667 0.2563333333333334 0.4188333333333334 0.344 0.7011666666666667 0.34300000000000014 0.9506666666666672 0.518 1.0 0.30233333333333334 0.35283333333333344 0.22166666666666668 0.48433333333333345 0.4963333333333332 0.5486666666666665 0.18583333333333332 0.22900000000000006 0.22950000000000004 0.36950000000000016 0.36333333333333345 0.23733333333333337 0.29416666666666663 0.2540000000000001 0.32266666666666666 0.43216666666666653 0.23133333333333334 0.49449999999999994 0.5326666666666666 0.5378333333333335 0.6360000000000001 0.42399999999999993 0.4173333333333333 0.31916666666666665 0.29900000000000004 0.38199999999999995 0.19916666666666671 0.3156666666666667 0.2608333333333333 0.2770000000000001 0.27816666666666673 0.2736666666666667 0.2640000000000002 0.2763333333333334 0.2810000000000001 0.274 0.033666666666666664 0.35749999999999993 0.22616666666666663 0.10933333333333335 0.04933333333333333 0.3061666666666666 0.07016666666666667 0.050333333333333334 0.03383333333333334 0.28266666666666673 0.24016666666666672 0.6528333333333335 0.35999999999999993 0.4241666666666666 0.31949999999999995 0.49916666666666665 0.3643333333333333 0.33649999999999997 0.3215 0.03766666666666666 0.2564999999999999 0.6784999999999998 0.6345000000000001 0.49816666666666665 0.47350000000000003 0.5918333333333333 0.5003333333333332 0.7306666666666664 0.6583333333333334 0.5005 0.2325 0.23133333333333334 0.22783333333333336 0.2285 0.22766666666666666 0.12533333333333332 0.14783333333333334 0.22799999999999998 0.10349999999999997 0.30683333333333346 0.14200000000000002 
0.5471666666666667 0.40483333333333343 0.37649999999999983 0.6320000000000001 0.42016666666666674 0.9181666666666668 0.5301666666666667 0.6615000000000002 0.2195 0.8601666666666666 0.31250000000000006 0.5911666666666667 0.30233333333333334 1.0 0.3076666666666666 0.32766666666666666 0.055166666666666656 0.03983333333333335 0.44116666666666665 0.4043333333333335 0.2851666666666667 0.30349999999999994 0.45949999999999996 0.4971666666666668 0.4081666666666666 0.7996666666666665 0.39916666666666667 0.3938333333333335 0.10316666666666664 0.30266666666666664 0.06733333333333333 0.5348333333333334 0.13166666666666663 0.29999999999999993 0.5470000000000003 0.5098333333333336 0.22633333333333336 0.282 0.5073333333333334 0.6275 0.3368333333333334 0.3389999999999999 0.5866666666666667 0.5896666666666667 0.6065 0.6655 0.5874999999999999 0.5968333333333333 0.5871666666666666 0.4808333333333332 0.6451666666666667 0.8056666666666665 0.3331666666666666 0.46049999999999996 0.5651666666666668 0.5851666666666667 0.3985 0.48233333333333334 0.5800000000000001 0.3215 0.358 0.6156666666666666 0.11100000000000002 0.2058333333333334 0.4623333333333332 0.6523333333333333 0.6345 0.66 0.3283333333333332 0.7068333333333334 0.26483333333333337 0.20816666666666664 0.0325 0.06299999999999999 0.04583333333333333 0.012166666666666668 0.29700000000000004 0.33083333333333337 0.0335 0.3016666666666666 0.2991666666666667 0.29983333333333334 0.3041666666666666 0.29766666666666663 0.4681666666666667 0.5775000000000001 0.30316666666666664 0.5083333333333333 0.5450000000000003 0.7094999999999999 
0.08266666666666668 0.09916666666666668 0.17366666666666672 0.06516666666666666 0.6841666666666666 0.336 0.0725 0.05816666666666668 0.47516666666666657 0.2690000000000001 0.3685 0.1245 0.35283333333333344 0.3076666666666666 1.0 0.8326666666666669 0.6916666666666669 0.6748333333333334 0.22799999999999998 0.09966666666666671 0.8358333333333333 0.8533333333333334 0.10883333333333331 0.08016666666666668 0.5958333333333332 0.33716666666666667 0.679 0.7286666666666666 0.743 0.8541666666666667 0.7146666666666668 0.16883333333333328 0.3774999999999998 0.3135 0.07316666666666664 0.07483333333333334 0.8358333333333331 0.7441666666666668 0.4956666666666667 0.4258333333333333 0.7303333333333335 0.8099999999999998 0.051333333333333314 0.05183333333333333 0.056666666666666664 0.10116666666666664 0.05183333333333333 0.0515 0.05116666666666665 0.577 0.058833333333333335 0.2706666666666667 0.1821666666666667 0.5883333333333333 0.144 0.5479999999999999 0.49499999999999994 0.48683333333333323 0.05799999999999999 0.20216666666666672 0.23850000000000005 0.07333333333333333 0.7488333333333334 0.39216666666666666 0.19683333333333333 0.059333333333333335 0.05183333333333333 0.051666666666666666 0.3561666666666666 0.15083333333333335 0.4061666666666667 0.509 0.6691666666666666 0.7023333333333335 0.5953333333333333 0.6421666666666666 0.4043333333333332 0.3390000000000001 0.6678333333333335 0.8523333333333332 0.8505000000000001 0.8491666666666667 0.8536666666666668 0.8481666666666666 0.3061666666666666 0.20783333333333334 0.8548333333333332 0.5588333333333334 0.161 0.43 
0.03583333333333334 0.18483333333333338 0.08433333333333333 0.016500000000000004 0.7555000000000003 0.3593333333333333 0.0085 0.021 0.3550000000000001 0.2556666666666667 0.23716666666666664 0.04366666666666667 0.22166666666666668 0.32766666666666666 0.8326666666666669 1.0 0.695333333333333 0.6793333333333333 0.14616666666666667 0.18350000000000005 0.9418333333333331 0.9608333333333335 0.02816666666666667 0.013500000000000002 0.6650000000000001 0.3448333333333333 0.7856666666666667 0.7825000000000003 0.7553333333333334 0.9595000000000004 0.6883333333333335 0.07200000000000001 0.35466666666666663 0.2093333333333333 0.018166666666666668 0.0165 0.8706666666666666 0.8411666666666666 0.46999999999999986 0.5473333333333332 0.8279999999999998 0.9258333333333334 0.02316666666666667 0.02316666666666667 0.042166666666666665 0.10316666666666663 0.023333333333333334 0.024666666666666667 0.02316666666666667 0.7296666666666664 0.018000000000000002 0.292 0.2853333333333333 0.7413333333333334 0.09600000000000002 0.7018333333333334 0.6383333333333332 0.6285 0.027666666666666676 0.2813333333333333 0.16366666666666663 0.03333333333333334 0.7551666666666668 0.44599999999999995 0.1261666666666667 0.019 0.015000000000000003 0.021 0.47600000000000003 0.15966666666666665 0.28583333333333333 0.37616666666666665 0.6716666666666665 0.7081666666666665 0.5391666666666665 0.6468333333333334 0.2795 0.21716666666666673 0.672 0.9568333333333336 0.9575000000000002 0.9561666666666667 0.9595000000000001 0.9548333333333335 0.3891666666666667 0.3391666666666666 0.9630000000000003 0.6971666666666665 0.1505 0.5834999999999999 
0.07200000000000001 0.17300000000000001 0.13200000000000003 0.021333333333333333 0.496 0.07016666666666667 0.05783333333333332 0.017833333333333336 0.5939999999999999 0.04966666666666668 0.5 0.2418333333333333 0.48433333333333345 0.055166666666666656 0.6916666666666669 0.695333333333333 1.0 0.9760000000000005 0.27616666666666667 0.1678333333333333 0.7263333333333334 0.7255000000000003 0.05933333333333332 0.02883333333333333 0.4108333333333333 0.07100000000000001 0.5261666666666666 0.5323333333333333 0.9283333333333339 0.7318333333333336 0.9518333333333335 0.2953333333333332 0.6198333333333335 0.48733333333333334 0.06833333333333332 0.06583333333333333 0.7871666666666666 0.6413333333333334 0.29266666666666663 0.26833333333333337 0.5903333333333333 0.6843333333333332 0.0013333333333333333 0.0016666666666666666 0.0 0.003833333333333333 0.0011666666666666668 0.0013333333333333333 0.0 0.4513333333333333 0.023999999999999994 0.03183333333333333 0.27049999999999996 0.47050000000000003 0.09250000000000004 0.4223333333333334 0.43316666666666676 0.4013333333333334 0.005333333333333333 0.2721666666666668 0.2668333333333333 0.07616666666666666 0.9303333333333333 0.6575000000000002 0.15066666666666664 0.03216666666666667 0.0 0.0 0.366 0.007666666666666666 0.5381666666666667 0.6236666666666666 0.9563333333333334 0.9601666666666671 0.8246666666666664 0.9308333333333332 0.5186666666666669 0.45533333333333337 0.9675000000000005 0.7321666666666669 0.7316666666666667 0.7278333333333333 0.7261666666666667 0.7278333333333334 0.30499999999999994 0.18983333333333335 0.7256666666666668 0.4275 0.1085 0.2993333333333333 
0.07516666666666666 0.17466666666666664 0.13533333333333336 0.023499999999999997 0.4791666666666666 0.05366666666666667 0.06033333333333333 0.019666666666666673 0.6046666666666667 0.04950000000000001 0.5136666666666668 0.2553333333333334 0.4963333333333332 0.03983333333333335 0.6748333333333334 0.6793333333333333 0.9760000000000005 1.0 0.2785 0.16916666666666663 0.7098333333333332 0.7081666666666666 0.06216666666666667 0.03149999999999999 0.3946666666666666 0.05449999999999999 0.5103333333333334 0.5154999999999998 0.9180000000000003 0.7148333333333337 0.9465000000000002 0.2936666666666667 0.6288333333333334 0.4984999999999999 0.0745 0.06983333333333334 0.775833333333333 0.6316666666666666 0.2761666666666666 0.2516666666666667 0.5733333333333334 0.6673333333333331 0.0026666666666666666 0.003333333333333333 0.0003333333333333333 0.0034999999999999996 0.0026666666666666666 0.002833333333333333 0.00016666666666666666 0.43533333333333346 0.02616666666666666 0.025333333333333322 0.26999999999999996 0.4545000000000001 0.09250000000000004 0.4063333333333334 0.4273333333333334 0.3860000000000002 0.0055 0.2728333333333334 0.2738333333333333 0.08366666666666664 0.9168333333333335 0.6631666666666668 0.15433333333333332 0.035500000000000004 0.0006666666666666666 0.00016666666666666666 0.36333333333333345 0.005833333333333334 0.5445000000000002 0.6253333333333333 0.9625000000000002 0.9585000000000002 0.8366666666666667 0.9426666666666667 0.5298333333333336 0.4666666666666668 0.9785000000000003 0.7158333333333334 0.7150000000000002 0.7114999999999999 0.7095 0.7108333333333335 0.291 0.18766666666666665 0.7096666666666667 0.41116666666666674 0.09499999999999999 0.2828333333333333 
0.7450000000000001 0.5381666666666667 0.4984999999999999 0.6099999999999999 0.13699999999999998 0.37599999999999995 0.6113333333333334 0.6251666666666668 0.423 0.44983333333333336 0.5353333333333332 0.6896666666666667 0.5486666666666665 0.44116666666666665 0.22799999999999998 0.14616666666666667 0.27616666666666667 0.2785 1.0 0.5358333333333334 0.12716666666666665 0.12766666666666665 0.5426666666666666 0.5536666666666666 0.07716666666666668 0.33666666666666667 0.11866666666666668 0.16333333333333333 0.25500000000000006 0.12666666666666665 0.2851666666666667 0.4848333333333332 0.2426666666666667 0.4691666666666666 0.5255000000000001 0.5508333333333334 0.20833333333333337 0.18199999999999997 0.23966666666666664 0.1113333333333333 0.13766666666666666 0.12683333333333333 0.6949999999999998 0.6936666666666664 0.6914999999999999 0.648 0.6963333333333332 0.6851666666666667 0.6934999999999998 0.1568333333333333 0.6149999999999999 0.5413333333333334 0.43533333333333346 0.16666666666666669 0.6015 0.10166666666666668 0.1873333333333333 0.19566666666666674 0.6998333333333332 0.49366666666666653 0.6718333333333334 0.6591666666666669 0.26116666666666666 0.3285 0.6381666666666667 0.6090000000000001 0.5781666666666666 0.6046666666666666 0.28283333333333344 0.6356666666666667 0.6238333333333331 0.5076666666666667 0.2858333333333334 0.2723333333333334 0.3403333333333334 0.309 0.6184999999999999 0.5951666666666665 0.27916666666666673 0.12666666666666665 0.12716666666666662 0.12566666666666662 0.12749999999999997 0.12666666666666665 0.226 0.38949999999999996 0.1268333333333333 0.02916666666666667 0.4065000000000001 0.20383333333333337 
0.7241666666666667 0.9718333333333335 0.43083333333333323 0.6605000000000001 0.12233333333333342 0.34466666666666673 0.5215 0.6931666666666668 0.14116666666666666 0.413 0.17700000000000002 0.5378333333333334 0.18583333333333332 0.4043333333333335 0.09966666666666671 0.18350000000000005 0.1678333333333333 0.16916666666666663 0.5358333333333334 1.0 0.1843333333333333 0.16716666666666666 0.4903333333333332 0.5355000000000001 0.11283333333333331 0.21683333333333332 0.14333333333333337 0.11250000000000006 0.16716666666666666 0.16749999999999995 0.1536666666666667 0.22333333333333327 0.10899999999999997 0.17866666666666667 0.4758333333333333 0.4806666666666666 0.16116666666666668 0.20883333333333332 0.04933333333333332 0.30000000000000004 0.13183333333333333 0.16749999999999995 0.8103333333333333 0.8045 0.7893333333333331 0.7231666666666666 0.8095 0.7958333333333333 0.8093333333333332 0.4416666666666665 0.6679999999999998 0.519 0.8683333333333333 0.42999999999999994 0.7160000000000004 0.3936666666666666 0.5013333333333331 0.5351666666666668 0.8029999999999995 0.8343333333333334 0.4708333333333334 0.6733333333333336 0.16699999999999998 0.4348333333333332 0.4845000000000001 0.6566666666666668 0.6853333333333331 0.7173333333333332 0.6891666666666667 0.675 0.20150000000000007 0.11450000000000003 0.17616666666666664 0.16799999999999998 0.13 0.2013333333333334 0.22849999999999995 0.23266666666666663 0.16966666666666666 0.16716666666666666 0.17083333333333328 0.17283333333333328 0.16766666666666666 0.17233333333333323 0.5396666666666667 0.6491666666666666 0.16666666666666669 0.2761666666666667 0.5523333333333335 0.4663333333333333 
0.015833333333333338 0.1848333333333333 0.079 0.006666666666666667 0.7475000000000004 0.32166666666666655 0.006833333333333334 0.007166666666666667 0.35833333333333345 0.21783333333333332 0.24616666666666667 0.022 0.22900000000000006 0.2851666666666667 0.8358333333333333 0.9418333333333331 0.7263333333333334 0.7098333333333332 0.12716666666666665 0.1843333333333333 1.0 0.9766666666666667 0.024166666666666666 0.010333333333333335 0.6613333333333334 0.3221666666666667 0.7781666666666668 0.7843333333333331 0.7808333333333332 0.9736666666666666 0.7166666666666669 0.06483333333333331 0.3583333333333332 0.22599999999999998 0.01966666666666667 0.016500000000000004 0.879 0.8593333333333334 0.45150000000000007 0.5163333333333334 0.840833333333333 0.9311666666666669 0.0165 0.016 0.036500000000000005 0.09633333333333333 0.016333333333333335 0.016166666666666666 0.017166666666666667 0.7036666666666666 0.006 0.2690000000000001 0.2871666666666666 0.7236666666666669 0.11 0.6730000000000002 0.6423333333333333 0.6323333333333335 0.02033333333333333 0.2826666666666668 0.14583333333333326 0.014333333333333333 0.7859999999999998 0.4321666666666666 0.12066666666666669 0.005833333333333333 0.017 0.017666666666666667 0.4781666666666667 0.15433333333333332 0.3053333333333333 0.3921666666666666 0.7013333333333333 0.7381666666666666 0.5686666666666667 0.6758333333333333 0.29950000000000004 0.23549999999999996 0.7001666666666666 0.9713333333333334 0.9760000000000001 0.9806666666666669 0.9736666666666669 0.9793333333333336 0.3888333333333333 0.33150000000000013 0.9738333333333332 0.681 0.15833333333333333 0.5516666666666667 
0.012666666666666666 0.16833333333333336 0.07533333333333334 0.0 0.7651666666666667 0.3406666666666666 0.002833333333333333 0.0 0.35716666666666674 0.2323333333333334 0.24666666666666667 0.021333333333333333 0.22950000000000004 0.30349999999999994 0.8533333333333334 0.9608333333333335 0.7255000000000003 0.7081666666666666 0.12766666666666665 0.16716666666666666 0.9766666666666667 1.0 0.018500000000000003 0.004333333333333333 0.6793333333333336 0.3411666666666667 0.7961666666666665 0.8026666666666665 0.7848333333333329 0.991666666666667 0.7171666666666668 0.06616666666666665 0.3576666666666666 0.22533333333333336 0.013500000000000002 0.011000000000000003 0.8893333333333332 0.872 0.4646666666666666 0.5341666666666668 0.8489999999999999 0.9491666666666668 0.0 0.0 0.019333333333333334 0.07899999999999999 0.0 0.0 0.0 0.7176666666666668 0.0 0.27000000000000013 0.26866666666666666 0.7291666666666669 0.09250000000000004 0.6876666666666666 0.6251666666666668 0.6158333333333332 0.0045 0.2656666666666667 0.14383333333333329 0.008833333333333334 0.7856666666666665 0.4291666666666667 0.1145 0.0 0.0 0.0005 0.4601666666666669 0.1376666666666667 0.30683333333333335 0.3946666666666666 0.7014999999999999 0.7389999999999999 0.5678333333333332 0.6753333333333331 0.30016666666666675 0.23616666666666666 0.7008333333333334 0.9896666666666669 0.9873333333333335 0.9870000000000002 0.9920000000000003 0.9876666666666668 0.3721666666666667 0.31633333333333336 0.9928333333333336 0.6973333333333335 0.14166666666666666 0.566 
0.6346666666666665 0.4953333333333333 0.8853333333333332 0.8003333333333333 0.17433333333333334 0.42483333333333334 0.8895000000000002 0.7601666666666668 0.38800000000000007 0.5266666666666667 0.35833333333333334 0.4671666666666666 0.36950000000000016 0.45949999999999996 0.10883333333333331 0.02816666666666667 0.05933333333333332 0.06216666666666667 0.5426666666666666 0.4903333333333332 0.024166666666666666 0.018500000000000003 1.0 0.939666666666667 0.20733333333333334 0.54 0.16216666666666668 0.08999999999999998 0.04449999999999999 0.018666666666666668 0.07599999999999998 0.6378333333333331 0.30083333333333334 0.3885 0.8266666666666664 0.8346666666666664 0.051500000000000004 0.04583333333333333 0.349 0.21133333333333337 0.06083333333333333 0.06199999999999997 0.6448333333333331 0.6488333333333333 0.6265000000000001 0.5688333333333335 0.6453333333333333 0.6593333333333333 0.6421666666666667 0.06083333333333332 0.7808333333333336 0.39366666666666666 0.4063333333333333 0.048499999999999995 0.6409999999999999 0.16716666666666669 0.09816666666666667 0.13149999999999998 0.6421666666666666 0.38883333333333325 0.4211666666666666 0.6301666666666668 0.05783333333333332 0.146 0.7903333333333333 0.7711666666666672 0.7676666666666665 0.7335000000000003 0.2595 0.5166666666666665 0.39 0.3005 0.06933333333333332 0.056166666666666656 0.1165 0.1015 0.3604999999999999 0.4329999999999999 0.062333333333333324 0.018500000000000003 0.018833333333333334 0.019166666666666672 0.018666666666666668 0.019666666666666673 0.4759999999999999 0.4281666666666667 0.019500000000000003 0.25949999999999995 0.7426666666666667 0.25566666666666665 
0.6550000000000001 0.5406666666666666 0.8388333333333335 0.8536666666666671 0.162 0.46233333333333343 0.9043333333333332 0.8148333333333333 0.34850000000000003 0.5531666666666668 0.3518333333333334 0.48800000000000004 0.36333333333333345 0.4971666666666668 0.08016666666666668 0.013500000000000002 0.02883333333333333 0.03149999999999999 0.5536666666666666 0.5355000000000001 0.010333333333333335 0.004333333333333333 0.939666666666667 1.0 0.19716666666666668 0.5676666666666668 0.14883333333333332 0.081 0.017666666666666667 0.004333333333333333 0.041499999999999995 0.6426666666666669 0.26533333333333337 0.3848333333333332 0.8596666666666666 0.8654999999999999 0.02716666666666667 0.04133333333333335 0.3491666666666668 0.2173333333333334 0.05316666666666668 0.048 0.6994999999999999 0.7034999999999998 0.6801666666666665 0.6200000000000001 0.6996666666666665 0.7129999999999999 0.6964999999999998 0.05216666666666669 0.8338333333333331 0.43116666666666675 0.44650000000000006 0.03966666666666667 0.6949999999999998 0.1595 0.09233333333333334 0.12899999999999998 0.696 0.4226666666666668 0.41666666666666663 0.6616666666666667 0.02783333333333333 0.12116666666666669 0.8065000000000001 0.8210000000000004 0.8223333333333334 0.7878333333333335 0.2686666666666667 0.5618333333333332 0.37716666666666676 0.2735 0.0385 0.025833333333333333 0.08583333333333332 0.0705 0.36266666666666675 0.43433333333333307 0.031166666666666662 0.004333333333333333 0.0045 0.004833333333333333 0.004333333333333333 0.004833333333333333 0.48816666666666647 0.4674999999999998 0.005166666666666666 0.25116666666666665 0.782 0.2803333333333333 
