1.0 0.5156666666666667 0.004 0.10916666666666665 0.012333333333333337 0.10333333333333333 0.4686666666666667 0.5708333333333333 0.4431666666666668 0.5714999999999999 0.8855000000000001 0.7501666666666668 0.8646666666666667 0.773 0.7390000000000001 0.7626666666666666 0.49766666666666687 0.45516666666666666 0.6708333333333334 0.8901666666666666 0.005833333333333334 0.005333333333333333 0.032 0.3339999999999999 0.004333333333333333 0.005333333333333333 0.0051666666666666675 0.01466666666666667 0.8549999999999999 0.8998333333333332 0.018833333333333344 0.31133333333333324 0.6259999999999999 0.6140000000000001 0.018000000000000002 0.155 0.022500000000000006 0.19550000000000003 0.05816666666666667 0.3563333333333334 0.6406666666666666 0.8451666666666665 0.08649999999999998 0.08749999999999998 0.08649999999999998 0.08649999999999998 0.10316666666666668 0.08766666666666666 0.08783333333333332 0.08766666666666666 0.019166666666666676 0.09133333333333331 0.37249999999999983 0.3588333333333333 0.10583333333333333 0.24849999999999997 0.6226666666666668 0.5561666666666666 0.07949999999999999 0.11733333333333336 0.7288333333333332 0.7265 0.7326666666666667 0.7246666666666666 0.07566666666666669 0.15683333333333332 0.003833333333333333 0.004333333333333333 0.7604999999999998 0.48033333333333345 0.2975 0.6341666666666665 0.7935 0.8048333333333332 0.8265 0.7710000000000001 0.006166666666666668 0.012500000000000004 0.5359999999999998 0.18783333333333332 0.8809999999999998 0.43366666666666676 0.9151666666666667 0.8584999999999997 0.006333333333333334 0.007833333333333333 0.2518333333333334 0.07083333333333333 0.5723333333333334 0.6990000000000001 
0.5156666666666667 1.0 0.24999999999999997 0.2476666666666667 0.16166666666666668 0.18716666666666665 0.30149999999999993 0.20799999999999996 0.32366666666666677 0.20916666666666672 0.542 0.4266666666666667 0.5193333333333333 0.44616666666666654 0.44433333333333325 0.4396666666666666 0.9050000000000001 0.9193333333333329 0.6506666666666665 0.5700000000000001 0.16116666666666668 0.1625 0.3101666666666667 0.11133333333333333 0.22250000000000003 0.18100000000000005 0.22583333333333327 0.17116666666666672 0.5101666666666665 0.5636666666666666 0.1706666666666667 0.06116666666666666 0.22599999999999998 0.21450000000000002 0.30450000000000005 0.18716666666666673 0.16933333333333334 0.3283333333333333 0.17116666666666672 0.4385 0.24583333333333332 0.4118333333333334 0.18116666666666667 0.18266666666666664 0.18133333333333332 0.18083333333333332 0.1996666666666667 0.18416666666666662 0.18233333333333335 0.18299999999999997 0.1701666666666667 0.187 0.5015 0.5136666666666667 0.20150000000000007 0.41266666666666657 0.8636666666666669 0.8744999999999998 0.17850000000000005 0.16033333333333338 0.4055 0.4054999999999999 0.4081666666666668 0.4033333333333335 0.26783333333333337 0.027500000000000004 0.21566666666666667 0.1945 0.7281666666666667 0.21666666666666665 0.43516666666666665 0.5075000000000002 0.48499999999999993 0.6491666666666666 0.5858333333333333 0.6504999999999999 0.2286666666666666 0.2331666666666667 0.8176666666666668 0.4776666666666666 0.5721666666666667 0.2525 0.5446666666666665 0.5993333333333333 0.29083333333333333 0.2628333333333333 0.29233333333333333 0.18766666666666662 0.21216666666666675 0.40333333333333343 
0.004 0.24999999999999997 1.0 0.7183333333333333 0.7871666666666666 0.6820000000000002 0.3215 0.21466666666666662 0.34083333333333327 0.20933333333333326 0.004166666666666667 0.0 0.001 0.0011666666666666668 0.012666666666666668 0.0034999999999999996 0.23283333333333334 0.2633333333333335 0.25249999999999995 0.007166666666666666 0.7973333333333332 0.7859999999999998 0.7721666666666666 0.3461666666666667 0.9558333333333335 0.9104999999999999 0.9718333333333338 0.7978333333333331 0.0013333333333333333 0.0018333333333333333 0.8116666666666665 0.5021666666666668 0.34149999999999986 0.33849999999999997 0.7651666666666668 0.6118333333333331 0.8128333333333334 0.4328333333333334 0.6301666666666667 0.29216666666666663 0.3051666666666666 0.0026666666666666666 0.5623333333333335 0.5626666666666668 0.5625000000000001 0.5616666666666668 0.561 0.5615000000000001 0.5628333333333333 0.5625000000000001 0.8316666666666666 0.5621666666666667 0.5113333333333333 0.5543333333333336 0.5615000000000001 0.5993333333333333 0.1728333333333333 0.24966666666666676 0.5578333333333334 0.5111666666666667 0.0006666666666666666 0.0 0.0 0.0 0.7351666666666665 0.6449999999999999 0.9555000000000001 0.9271666666666666 0.09 0.09966666666666671 0.4251666666666668 0.10700000000000003 0.11100000000000003 0.07666666666666669 0.06316666666666665 0.091 0.8508333333333333 0.8936666666666663 0.1938333333333333 0.7066666666666667 0.014666666666666668 0.44733333333333325 0.001 0.03883333333333333 0.8746666666666666 0.9731666666666667 0.679 0.7296666666666668 0.20883333333333332 0.004 
0.10916666666666665 0.2476666666666667 0.7183333333333333 1.0 0.7755 0.6778333333333333 0.3643333333333334 0.2891666666666667 0.3648333333333333 0.2831666666666666 0.13800000000000004 0.25150000000000006 0.14583333333333334 0.24100000000000008 0.2538333333333333 0.24616666666666678 0.24566666666666662 0.25916666666666666 0.24783333333333327 0.1436666666666667 0.7846666666666668 0.7758333333333336 0.4949999999999999 0.396 0.7080000000000003 0.6903333333333334 0.7161666666666668 0.7299999999999999 0.1625 0.13733333333333336 0.6845000000000002 0.5028333333333331 0.2165 0.22266666666666668 0.4886666666666666 0.3916666666666667 0.6735 0.3431666666666667 0.5348333333333335 0.18566666666666667 0.20916666666666672 0.05816666666666664 0.522 0.5223333333333335 0.5223333333333334 0.5218333333333335 0.5235000000000001 0.5206666666666667 0.5223333333333335 0.5231666666666668 0.6791666666666668 0.5238333333333334 0.5855 0.5929999999999999 0.5250000000000001 0.5618333333333332 0.21083333333333332 0.24933333333333338 0.5650000000000001 0.5566666666666668 0.2525000000000001 0.2521666666666667 0.25166666666666676 0.2523333333333334 0.48 0.7168333333333335 0.7063333333333333 0.6950000000000002 0.19949999999999996 0.11333333333333333 0.3580000000000002 0.3285 0.1625 0.17383333333333337 0.15466666666666667 0.17950000000000008 0.6035 0.6453333333333333 0.18783333333333338 0.5733333333333333 0.14633333333333337 0.2751666666666666 0.12833333333333335 0.16083333333333336 0.5974999999999998 0.7023333333333334 0.5588333333333333 0.7164999999999999 0.2810000000000001 0.26150000000000007 
0.012333333333333337 0.16166666666666668 0.7871666666666666 0.7755 1.0 0.8708333333333332 0.49499999999999994 0.38633333333333325 0.5245000000000001 0.38299999999999984 0.014500000000000006 0.16766666666666666 0.033499999999999995 0.14483333333333331 0.17316666666666675 0.15150000000000002 0.16816666666666663 0.17583333333333337 0.10133333333333333 0.013666666666666669 0.9701666666666672 0.9736666666666671 0.563 0.4095 0.8015000000000001 0.8083333333333332 0.7991666666666666 0.8874999999999996 0.049 0.011500000000000002 0.8260000000000001 0.5541666666666668 0.2464999999999999 0.2541666666666666 0.555 0.4048333333333333 0.8078333333333333 0.4418333333333333 0.639 0.28933333333333333 0.2439999999999999 0.010666666666666668 0.5726666666666665 0.5723333333333331 0.5721666666666665 0.5726666666666665 0.5699999999999998 0.5704999999999998 0.5721666666666665 0.5724999999999999 0.8153333333333336 0.5724999999999999 0.5429999999999999 0.5593333333333331 0.5714999999999998 0.5583333333333332 0.17233333333333337 0.1648333333333333 0.6293333333333333 0.5915 0.17383333333333334 0.17500000000000004 0.1708333333333333 0.1756666666666667 0.5489999999999999 0.8091666666666667 0.8043333333333333 0.8066666666666668 0.09600000000000004 0.0365 0.47950000000000004 0.28416666666666673 0.023833333333333342 0.001 0.009500000000000003 0.0 0.7161666666666667 0.7573333333333336 0.12933333333333333 0.6044999999999998 0.011833333333333336 0.24966666666666662 0.010166666666666671 0.0034999999999999996 0.6639999999999999 0.7661666666666663 0.5733333333333333 0.8033333333333335 0.38449999999999995 0.1925 
0.10333333333333333 0.18716666666666665 0.6820000000000002 0.6778333333333333 0.8708333333333332 1.0 0.6001666666666666 0.49249999999999994 0.6356666666666667 0.4944999999999999 0.12416666666666668 0.2781666666666668 0.147 0.2546666666666666 0.2838333333333334 0.26116666666666666 0.19549999999999998 0.19716666666666666 0.16599999999999998 0.11216666666666669 0.8510000000000001 0.8611666666666669 0.5201666666666666 0.3983333333333334 0.6863333333333334 0.6878333333333333 0.6863333333333336 0.7736666666666665 0.16066666666666665 0.11 0.7088333333333332 0.45516666666666666 0.3218333333333333 0.33099999999999996 0.5116666666666666 0.37616666666666665 0.6895 0.4403333333333333 0.541 0.33333333333333337 0.31766666666666665 0.10083333333333336 0.4746666666666666 0.4746666666666666 0.4745 0.4745 0.4728333333333333 0.4731666666666666 0.4746666666666666 0.4741666666666666 0.6971666666666668 0.47450000000000003 0.5395 0.5118333333333334 0.4731666666666666 0.4653333333333334 0.2266666666666666 0.20249999999999993 0.5321666666666668 0.49699999999999994 0.29083333333333344 0.2915000000000001 0.2895000000000001 0.29266666666666674 0.5346666666666668 0.7146666666666668 0.6865000000000001 0.6873333333333334 0.15499999999999997 0.05799999999999997 0.46716666666666673 0.38316666666666677 0.12716666666666668 0.07466666666666669 0.09116666666666667 0.07100000000000001 0.6034999999999999 0.6458333333333333 0.15966666666666665 0.526 0.11183333333333335 0.29650000000000004 0.10883333333333332 0.0958333333333334 0.5810000000000002 0.6689999999999998 0.5088333333333335 0.7371666666666664 0.4896666666666667 0.2748333333333334 
0.4686666666666667 0.30149999999999993 0.3215 0.3643333333333334 0.49499999999999994 0.6001666666666666 1.0 0.8608333333333336 0.9465000000000003 0.8571666666666666 0.5026666666666666 0.6493333333333333 0.5246666666666668 0.6305000000000001 0.6551666666666667 0.6366666666666666 0.2653333333333334 0.2511666666666666 0.5136666666666667 0.48883333333333334 0.47966666666666674 0.48750000000000016 0.3453333333333334 0.5625000000000001 0.3213333333333333 0.32199999999999995 0.3213333333333333 0.40399999999999997 0.5373333333333332 0.4863333333333332 0.34233333333333327 0.4588333333333333 0.6988333333333331 0.6876666666666665 0.3308333333333333 0.292 0.3233333333333333 0.2243333333333333 0.17099999999999993 0.336 0.6921666666666664 0.4663333333333333 0.10583333333333333 0.10550000000000002 0.10533333333333335 0.10566666666666669 0.10466666666666669 0.1041666666666667 0.10600000000000004 0.10550000000000002 0.33016666666666666 0.10550000000000001 0.20116666666666674 0.16733333333333333 0.10516666666666667 0.0986666666666667 0.37833333333333335 0.36233333333333334 0.16133333333333336 0.15083333333333335 0.6566666666666667 0.6545000000000002 0.6586666666666667 0.6576666666666668 0.3936666666666666 0.41833333333333345 0.32116666666666666 0.32116666666666666 0.4756666666666666 0.2655 0.6468333333333334 0.7243333333333334 0.5041666666666668 0.4219999999999999 0.4571666666666666 0.40016666666666667 0.3235 0.32083333333333336 0.21783333333333338 0.1868333333333333 0.488 0.5538333333333333 0.4849999999999999 0.4688333333333333 0.3213333333333333 0.3221666666666667 0.2035000000000001 0.4203333333333332 0.8493333333333333 0.6288333333333334 
0.5708333333333333 0.20799999999999996 0.21466666666666662 0.2891666666666667 0.38633333333333325 0.49249999999999994 0.8608333333333336 1.0 0.8345000000000004 0.9845000000000003 0.6145 0.7676666666666664 0.6375 0.7454999999999998 0.7399999999999999 0.7513333333333333 0.17166666666666663 0.15200000000000002 0.449 0.6000000000000002 0.36983333333333346 0.3795 0.239 0.6791666666666666 0.2139999999999999 0.21466666666666662 0.21583333333333324 0.30199999999999994 0.6483333333333334 0.5965000000000001 0.23499999999999996 0.5753333333333335 0.8105000000000001 0.7988333333333335 0.2251666666666666 0.37949999999999995 0.21683333333333327 0.11666666666666671 0.06899999999999999 0.30750000000000005 0.8035000000000001 0.5715 0.0 0.0 0.0 0.0 0.0 0.0 0.0 0.0 0.22216666666666654 0.0 0.08133333333333334 0.05633333333333334 0.0 0.0003333333333333333 0.2805 0.262 0.06016666666666667 0.09466666666666665 0.7771666666666665 0.7769999999999997 0.7761666666666663 0.779333333333333 0.2880000000000001 0.5373333333333333 0.21433333333333326 0.21433333333333326 0.41883333333333345 0.3795 0.5355000000000001 0.6553333333333334 0.6140000000000001 0.5363333333333336 0.5701666666666666 0.5146666666666668 0.21583333333333324 0.21749999999999992 0.1926666666666666 0.09183333333333338 0.6021666666666667 0.6703333333333333 0.5971666666666667 0.5844999999999998 0.2156666666666666 0.21833333333333324 0.3141666666666666 0.41883333333333356 0.9741666666666672 0.7511666666666666 
0.4431666666666668 0.32366666666666677 0.34083333333333327 0.3648333333333333 0.5245000000000001 0.6356666666666667 0.9465000000000003 0.8345000000000004 1.0 0.8403333333333336 0.4718333333333333 0.6264999999999998 0.4955000000000001 0.6033333333333334 0.633 0.6095000000000002 0.287 0.2755000000000001 0.5051666666666668 0.45866666666666656 0.5053333333333333 0.5145000000000001 0.36399999999999993 0.5319999999999997 0.33983333333333327 0.34099999999999997 0.34033333333333327 0.42650000000000005 0.5075000000000001 0.456 0.36183333333333345 0.42633333333333345 0.6618333333333334 0.6505000000000001 0.35 0.27966666666666656 0.34266666666666656 0.2473333333333333 0.19649999999999998 0.34983333333333333 0.6555000000000001 0.4388333333333334 0.13066666666666665 0.13066666666666668 0.1305 0.13066666666666665 0.1291666666666667 0.12916666666666668 0.13066666666666668 0.13033333333333336 0.34950000000000003 0.1305 0.2216666666666666 0.1876666666666667 0.12983333333333333 0.12216666666666665 0.3958333333333334 0.3861666666666666 0.1868333333333333 0.1576666666666667 0.6386666666666668 0.6380000000000001 0.6380000000000001 0.6395000000000001 0.4093333333333332 0.39616666666666667 0.3399999999999999 0.34033333333333327 0.4618333333333332 0.2368333333333333 0.6589999999999999 0.7253333333333332 0.47466666666666657 0.39616666666666683 0.4321666666666667 0.3746666666666666 0.3429999999999999 0.3386666666666665 0.2366666666666667 0.21133333333333337 0.4581666666666666 0.5219999999999999 0.4538333333333333 0.44116666666666676 0.3404999999999998 0.34 0.1916666666666666 0.43349999999999994 0.8349999999999997 0.6135 
0.5714999999999999 0.20916666666666672 0.20933333333333326 0.2831666666666666 0.38299999999999984 0.4944999999999999 0.8571666666666666 0.9845000000000003 0.8403333333333336 1.0 0.6170000000000001 0.7726666666666664 0.6394999999999998 0.7495000000000002 0.7443333333333332 0.7558333333333332 0.1718333333333333 0.1525 0.4526666666666667 0.6008333333333334 0.36550000000000005 0.37516666666666665 0.2336666666666666 0.6729999999999998 0.20899999999999996 0.20933333333333326 0.21049999999999996 0.29799999999999993 0.6501666666666668 0.597 0.22999999999999995 0.5696666666666669 0.8048333333333331 0.7934999999999998 0.2198333333333333 0.37433333333333335 0.21216666666666661 0.11500000000000003 0.06833333333333332 0.30633333333333335 0.7979999999999998 0.5716666666666668 0.0 0.0 0.0 0.0 0.0 0.0 0.0 0.0 0.2173333333333333 0.0 0.08100000000000002 0.05733333333333333 0.0 0.0005 0.2803333333333333 0.2631666666666666 0.05966666666666667 0.09516666666666664 0.7851666666666667 0.7839999999999998 0.7823333333333332 0.7848333333333332 0.2825 0.5331666666666667 0.2091666666666666 0.2091666666666666 0.4193333333333334 0.38049999999999995 0.5303333333333335 0.6608333333333334 0.6160000000000001 0.5380000000000003 0.573 0.5171666666666668 0.21049999999999996 0.21216666666666661 0.19299999999999998 0.09133333333333338 0.6023333333333335 0.6659999999999998 0.5973333333333334 0.5856666666666662 0.2103333333333333 0.21316666666666662 0.31383333333333335 0.4184999999999999 0.9796666666666671 0.7581666666666667 
0.8855000000000001 0.542 0.004166666666666667 0.13800000000000004 0.014500000000000006 0.12416666666666668 0.5026666666666666 0.6145 0.4718333333333333 0.6170000000000001 1.0 0.835166666666667 0.9685000000000005 0.8626666666666671 0.8283333333333335 0.8525000000000001 0.5236666666666667 0.4856666666666666 0.7030000000000001 0.9620000000000001 0.004666666666666666 0.006999999999999999 0.029333333333333336 0.3503333333333332 0.003 0.0018333333333333333 0.005166666666666666 0.0018333333333333333 0.949 0.9663333333333334 0.0003333333333333333 0.30933333333333324 0.6530000000000001 0.6405 0.015333333333333336 0.1701666666666667 0.0 0.11349999999999998 0.0006666666666666666 0.28850000000000003 0.6591666666666669 0.7839999999999999 0.006999999999999999 0.008 0.006666666666666667 0.006500000000000001 0.02316666666666667 0.008166666666666666 0.007833333333333333 0.0085 0.0 0.012166666666666668 0.44549999999999995 0.4268333333333334 0.025833333333333326 0.18866666666666668 0.6521666666666666 0.5798333333333333 0.0034999999999999996 0.039000000000000014 0.8185000000000001 0.8158333333333335 0.8218333333333335 0.8153333333333335 0.07816666666666668 0.1725 0.002833333333333333 0.0023333333333333335 0.7924999999999998 0.44183333333333336 0.27016666666666667 0.6951666666666664 0.8703333333333336 0.8703333333333333 0.8933333333333331 0.8364999999999999 0.005 0.006166666666666667 0.5071666666666667 0.19283333333333325 0.9608333333333334 0.46199999999999997 0.9564999999999999 0.936 0.005666666666666666 0.008833333333333334 0.2806666666666667 0.07016666666666665 0.6133333333333334 0.7876666666666665 
0.7501666666666668 0.4266666666666667 0.0 0.25150000000000006 0.16766666666666666 0.2781666666666668 0.6493333333333333 0.7676666666666664 0.6264999999999998 0.7726666666666664 0.835166666666667 1.0 0.8538333333333334 0.9676666666666669 0.9580000000000005 0.968666666666667 0.3895 0.37 0.6676666666666665 0.819666666666667 0.15233333333333335 0.1605000000000001 0.024666666666666677 0.4636666666666667 0.0 0.0 0.0011666666666666668 0.08683333333333332 0.8708333333333331 0.8160000000000003 0.020166666666666676 0.35900000000000004 0.5976666666666668 0.5846666666666668 0.010833333333333335 0.16533333333333336 0.003 0.07616666666666666 0.0008333333333333333 0.21233333333333332 0.5908333333333334 0.6329999999999999 0.009000000000000001 0.010166666666666666 0.008833333333333334 0.008666666666666666 0.022333333333333334 0.010333333333333332 0.009833333333333335 0.010666666666666666 0.008333333333333333 0.014333333333333333 0.3026666666666667 0.27766666666666673 0.027999999999999983 0.10233333333333333 0.5006666666666668 0.4798333333333334 0.060833333333333336 0.10366666666666668 0.9696666666666668 0.9703333333333336 0.9716666666666669 0.9698333333333334 0.07366666666666669 0.31983333333333336 0.0 0.0 0.6401666666666667 0.3921666666666666 0.31983333333333336 0.8478333333333338 0.8336666666666668 0.7538333333333336 0.7915000000000002 0.7320000000000002 0.001 0.0021666666666666666 0.37183333333333335 0.12383333333333335 0.8225 0.4575 0.8035 0.8026666666666665 0.0013333333333333333 0.004166666666666667 0.18766666666666673 0.2065 0.7694999999999996 0.9438333333333335 
0.8646666666666667 0.5193333333333333 0.001 0.14583333333333334 0.033499999999999995 0.147 0.5246666666666668 0.6375 0.4955000000000001 0.6394999999999998 0.9685000000000005 0.8538333333333334 1.0 0.8750000000000001 0.8443333333333334 0.8680000000000001 0.5020000000000001 0.46349999999999997 0.6859999999999999 0.9406666666666669 0.018333333333333333 0.027000000000000007 0.025833333333333344 0.3575000000000001 0.0003333333333333333 0.00016666666666666666 0.0023333333333333335 0.012666666666666668 0.9623333333333336 0.9456666666666669 0.003 0.3176666666666666 0.6506666666666667 0.6395000000000001 0.012 0.16716666666666669 0.0003333333333333333 0.11516666666666664 0.0006666666666666666 0.2876666666666667 0.662166666666667 0.7638333333333334 0.006833333333333334 0.008 0.006666666666666667 0.006500000000000001 0.022500000000000006 0.008166666666666666 0.007666666666666666 0.0085 0.0003333333333333333 0.01216666666666667 0.43249999999999994 0.4105 0.025833333333333326 0.1703333333333334 0.6318333333333332 0.5565000000000001 0.005166666666666666 0.038666666666666676 0.8425000000000001 0.839166666666667 0.8465000000000004 0.8390000000000001 0.07466666666666667 0.18616666666666667 0.00016666666666666666 0.0003333333333333333 0.7713333333333335 0.4405000000000001 0.2785 0.7198333333333334 0.8566666666666669 0.8476666666666666 0.8696666666666663 0.8134999999999998 0.0021666666666666666 0.003666666666666667 0.4841666666666666 0.1723333333333333 0.9376666666666668 0.45833333333333326 0.9348333333333336 0.9141666666666667 0.0025 0.005666666666666666 0.25866666666666666 0.08983333333333332 0.6375 0.8113333333333332 
0.773 0.44616666666666654 0.0011666666666666668 0.24100000000000008 0.14483333333333331 0.2546666666666666 0.6305000000000001 0.7454999999999998 0.6033333333333334 0.7495000000000002 0.8626666666666671 0.9676666666666669 0.8750000000000001 1.0 0.959166666666667 0.9770000000000004 0.41099999999999975 0.3885 0.6841666666666666 0.8428333333333334 0.132 0.1383333333333333 0.026166666666666675 0.455 0.0 0.0 0.0021666666666666666 0.07283333333333333 0.8866666666666666 0.8390000000000001 0.012833333333333339 0.34733333333333327 0.6043333333333334 0.5881666666666666 0.012 0.16666666666666669 0.0003333333333333333 0.07916666666666665 0.0006666666666666666 0.21850000000000003 0.5975000000000001 0.6555 0.006833333333333334 0.008 0.006666666666666667 0.006500000000000001 0.020500000000000008 0.008166666666666666 0.007666666666666666 0.0085 0.004 0.01216666666666667 0.32416666666666677 0.30000000000000004 0.025833333333333326 0.11666666666666665 0.5233333333333333 0.4981666666666667 0.05016666666666666 0.09466666666666665 0.9501666666666666 0.9483333333333336 0.953666666666667 0.9473333333333335 0.07500000000000001 0.2983333333333333 0.00016666666666666666 0.0 0.6638333333333334 0.3976666666666666 0.3063333333333334 0.8268333333333332 0.8521666666666667 0.7749999999999999 0.8123333333333335 0.7530000000000001 0.0015 0.0023333333333333335 0.3931666666666667 0.13299999999999995 0.8441666666666668 0.45849999999999996 0.8268333333333335 0.8256666666666668 0.002833333333333333 0.0055 0.2058333333333333 0.1918333333333333 0.747 0.9213333333333337 
0.7390000000000001 0.44433333333333325 0.012666666666666668 0.2538333333333333 0.17316666666666675 0.2838333333333334 0.6551666666666667 0.7399999999999999 0.633 0.7443333333333332 0.8283333333333335 0.9580000000000005 0.8443333333333334 0.959166666666667 1.0 0.9630000000000003 0.4059999999999999 0.3873333333333334 0.6813333333333332 0.8091666666666667 0.1585 0.16616666666666668 0.0385 0.44283333333333325 0.010666666666666668 0.010666666666666668 0.014000000000000002 0.08916666666666667 0.8563333333333332 0.8043333333333333 0.02616666666666667 0.3353333333333333 0.5791666666666667 0.5641666666666666 0.024333333333333335 0.16150000000000003 0.011000000000000003 0.08433333333333333 0.011000000000000003 0.21733333333333335 0.5718333333333334 0.6216666666666666 0.016833333333333336 0.018000000000000002 0.016666666666666666 0.0165 0.03033333333333334 0.018166666666666668 0.017666666666666667 0.018500000000000003 0.01633333333333333 0.022 0.32516666666666666 0.29533333333333334 0.03566666666666665 0.1188333333333333 0.5168333333333335 0.49699999999999983 0.06399999999999999 0.10216666666666666 0.9441666666666667 0.9410000000000003 0.9451666666666668 0.9428333333333334 0.08900000000000001 0.29416666666666663 0.010333333333333335 0.010833333333333335 0.6516666666666666 0.3748333333333333 0.32533333333333336 0.8436666666666668 0.8249999999999998 0.7451666666666668 0.7838333333333334 0.7245000000000001 0.013166666666666669 0.013166666666666669 0.38683333333333325 0.14033333333333334 0.8109999999999999 0.44183333333333347 0.792 0.7933333333333334 0.014833333333333336 0.016833333333333332 0.18299999999999997 0.203 0.7408333333333332 0.9169999999999997 
0.7626666666666666 0.4396666666666666 0.0034999999999999996 0.24616666666666678 0.15150000000000002 0.26116666666666666 0.6366666666666666 0.7513333333333333 0.6095000000000002 0.7558333333333332 0.8525000000000001 0.968666666666667 0.8680000000000001 0.9770000000000004 0.9630000000000003 1.0 0.40199999999999997 0.3828333333333333 0.6828333333333332 0.8326666666666667 0.1376666666666667 0.1446666666666667 0.028666666666666677 0.46033333333333326 0.0003333333333333333 0.0005 0.004166666666666667 0.07716666666666666 0.8785 0.8288333333333333 0.015000000000000005 0.3509999999999999 0.5998333333333333 0.5843333333333333 0.014666666666666666 0.17 0.0005 0.07683333333333332 0.0006666666666666666 0.212 0.5918333333333333 0.6458333333333333 0.006833333333333334 0.007833333333333333 0.006500000000000001 0.006333333333333334 0.020000000000000004 0.008 0.007666666666666666 0.008333333333333333 0.0045 0.012000000000000002 0.3148333333333333 0.29150000000000004 0.02566666666666666 0.11166666666666666 0.514 0.4924999999999999 0.05383333333333334 0.09733333333333331 0.9553333333333335 0.9526666666666667 0.9576666666666668 0.9538333333333335 0.07750000000000001 0.3055 0.0013333333333333333 0.00016666666666666666 0.6536666666666667 0.39633333333333326 0.31066666666666665 0.8343333333333337 0.8493333333333334 0.7681666666666669 0.8078333333333334 0.7478333333333333 0.0021666666666666666 0.002833333333333333 0.3846666666666667 0.12999999999999998 0.8341666666666666 0.4606666666666666 0.8161666666666667 0.8153333333333331 0.005333333333333333 0.007833333333333333 0.2035 0.19733333333333333 0.7523333333333333 0.9268333333333334 
0.49766666666666687 0.9050000000000001 0.23283333333333334 0.24566666666666662 0.16816666666666663 0.19549999999999998 0.2653333333333334 0.17166666666666663 0.287 0.1718333333333333 0.5236666666666667 0.3895 0.5020000000000001 0.41099999999999975 0.4059999999999999 0.40199999999999997 1.0 0.938666666666667 0.5831666666666667 0.5518333333333332 0.16749999999999995 0.16883333333333334 0.2871666666666666 0.07699999999999997 0.21016666666666672 0.18133333333333332 0.21083333333333332 0.17766666666666667 0.49300000000000005 0.5473333333333332 0.17716666666666664 0.04233333333333333 0.20799999999999996 0.2095 0.2976666666666666 0.17833333333333332 0.17583333333333329 0.35416666666666663 0.17800000000000002 0.4833333333333332 0.23066666666666666 0.3964999999999999 0.18833333333333332 0.18983333333333335 0.1885 0.188 0.2068333333333333 0.19133333333333333 0.18950000000000003 0.19016666666666665 0.17666666666666664 0.19416666666666665 0.5283333333333331 0.5406666666666667 0.20866666666666667 0.4088333333333334 0.8518333333333333 0.8288333333333333 0.18533333333333332 0.16433333333333333 0.3675 0.3673333333333334 0.37099999999999994 0.36483333333333334 0.23833333333333329 0.033 0.20299999999999993 0.18933333333333338 0.7110000000000001 0.16716666666666669 0.4039999999999999 0.4675 0.4440000000000001 0.6003333333333332 0.5271666666666666 0.5916666666666666 0.23016666666666666 0.22283333333333336 0.8756666666666664 0.4674999999999999 0.5551666666666667 0.22099999999999997 0.5299999999999999 0.5723333333333335 0.2823333333333333 0.24500000000000002 0.276 0.18249999999999997 0.1743333333333333 0.36383333333333323 
0.45516666666666666 0.9193333333333329 0.2633333333333335 0.25916666666666666 0.17583333333333337 0.19716666666666666 0.2511666666666666 0.15200000000000002 0.2755000000000001 0.1525 0.4856666666666666 0.37 0.46349999999999997 0.3885 0.3873333333333334 0.3828333333333333 0.938666666666667 1.0 0.5838333333333334 0.5120000000000001 0.17533333333333334 0.17666666666666672 0.3265 0.092 0.23533333333333334 0.19333333333333336 0.23816666666666678 0.18483333333333335 0.45266666666666666 0.5065000000000002 0.18466666666666673 0.042833333333333334 0.16783333333333336 0.16866666666666671 0.33833333333333343 0.21299999999999997 0.18333333333333335 0.3466666666666666 0.18533333333333335 0.44499999999999995 0.1906666666666667 0.354 0.19583333333333336 0.19766666666666668 0.196 0.1955 0.21399999999999994 0.1985 0.19700000000000004 0.19766666666666668 0.18416666666666667 0.2016666666666667 0.5145000000000001 0.5246666666666667 0.21650000000000005 0.4264999999999998 0.8096666666666669 0.8476666666666669 0.19116666666666673 0.16033333333333336 0.3483333333333334 0.3484999999999999 0.3511666666666668 0.3463333333333334 0.27299999999999996 0.03216666666666666 0.2286666666666666 0.20583333333333337 0.6681666666666666 0.1891666666666666 0.39833333333333326 0.4551666666666666 0.42333333333333345 0.6003333333333333 0.5256666666666667 0.6076666666666667 0.2623333333333333 0.2503333333333333 0.8568333333333332 0.4881666666666666 0.5165000000000002 0.25350000000000006 0.4896666666666667 0.5415000000000001 0.3238333333333334 0.2763333333333334 0.3011666666666667 0.18899999999999995 0.15616666666666668 0.34733333333333344 
0.6708333333333334 0.6506666666666665 0.25249999999999995 0.24783333333333327 0.10133333333333333 0.16599999999999998 0.5136666666666667 0.449 0.5051666666666668 0.4526666666666667 0.7030000000000001 0.6676666666666665 0.6859999999999999 0.6841666666666666 0.6813333333333332 0.6828333333333332 0.5831666666666667 0.5838333333333334 1.0 0.7105 0.0998333333333333 0.09799999999999999 0.28516666666666673 0.2715000000000001 0.22816666666666666 0.18683333333333327 0.24066666666666667 0.10083333333333334 0.6865000000000001 0.7045 0.10499999999999998 0.19783333333333336 0.5281666666666667 0.5066666666666666 0.2713333333333334 0.22249999999999998 0.10333333333333332 0.18349999999999994 0.09683333333333335 0.251 0.5008333333333335 0.5506666666666669 0.10516666666666667 0.10616666666666667 0.105 0.10466666666666667 0.12116666666666666 0.10766666666666666 0.10583333333333333 0.10683333333333332 0.11966666666666663 0.11049999999999999 0.38049999999999995 0.37366666666666665 0.12466666666666666 0.2693333333333333 0.6395000000000001 0.6896666666666667 0.10499999999999998 0.13499999999999998 0.6506666666666666 0.6503333333333333 0.6541666666666667 0.6483333333333334 0.31000000000000005 0.05283333333333331 0.23049999999999998 0.20499999999999996 0.7606666666666668 0.34516666666666657 0.389 0.7404999999999998 0.8041666666666666 0.7233333333333333 0.7580000000000002 0.7201666666666665 0.21516666666666676 0.2238333333333333 0.4946666666666667 0.3253333333333333 0.7160000000000001 0.4796666666666667 0.6858333333333335 0.7289999999999998 0.25766666666666665 0.25383333333333336 0.18600000000000003 0.12266666666666665 0.45183333333333336 0.6345 
0.8901666666666666 0.5700000000000001 0.007166666666666666 0.1436666666666667 0.013666666666666669 0.11216666666666669 0.48883333333333334 0.6000000000000002 0.45866666666666656 0.6008333333333334 0.9620000000000001 0.819666666666667 0.9406666666666669 0.8428333333333334 0.8091666666666667 0.8326666666666667 0.5518333333333332 0.5120000000000001 0.7105 1.0 0.006166666666666667 0.005166666666666666 0.03200000000000001 0.3505 0.005833333333333333 0.0005 0.008 0.0003333333333333333 0.9336666666666666 0.9815000000000002 0.0 0.306 0.645 0.632 0.018000000000000002 0.17000000000000004 0.0 0.11133333333333333 0.0016666666666666668 0.29166666666666663 0.6530000000000001 0.7906666666666666 0.009833333333333335 0.011166666666666665 0.009833333333333335 0.009666666666666667 0.026500000000000003 0.011333333333333332 0.010833333333333332 0.0115 0.0 0.015166666666666669 0.42999999999999994 0.4111666666666667 0.028999999999999984 0.19800000000000004 0.6655000000000001 0.6035000000000001 0.0071666666666666675 0.04666666666666667 0.7979999999999999 0.7948333333333332 0.8023333333333333 0.7938333333333334 0.07850000000000003 0.171 0.004999999999999999 0.004 0.8068333333333332 0.4546666666666669 0.26850000000000007 0.6785 0.8693333333333334 0.896333333333333 0.8825 0.8646666666666668 0.0031666666666666666 0.004166666666666667 0.5338333333333334 0.21400000000000002 0.9820000000000004 0.4624999999999999 0.9641666666666666 0.9566666666666669 0.009166666666666667 0.010666666666666668 0.29883333333333334 0.06783333333333333 0.5986666666666668 0.7676666666666666 
0.005833333333333334 0.16116666666666668 0.7973333333333332 0.7846666666666668 0.9701666666666672 0.8510000000000001 0.47966666666666674 0.36983333333333346 0.5053333333333333 0.36550000000000005 0.004666666666666666 0.15233333333333335 0.018333333333333333 0.132 0.1585 0.1376666666666667 0.16749999999999995 0.17533333333333334 0.0998333333333333 0.006166666666666667 1.0 0.9765000000000006 0.5721666666666669 0.4131666666666667 0.8175000000000003 0.8278333333333333 0.8150000000000002 0.900666666666667 0.035500000000000004 0.0036666666666666666 0.8445 0.5713333333333334 0.249 0.25549999999999995 0.5646666666666668 0.4145 0.8255000000000001 0.44600000000000006 0.6488333333333332 0.28600000000000003 0.24516666666666664 0.004166666666666667 0.5816666666666666 0.5819999999999999 0.5821666666666665 0.5816666666666666 0.5803333333333331 0.5804999999999999 0.5821666666666665 0.5818333333333333 0.8328333333333333 0.5818333333333332 0.5376666666666666 0.5511666666666666 0.5804999999999998 0.5656666666666665 0.16516666666666666 0.1653333333333333 0.6373333333333333 0.5998333333333334 0.15566666666666665 0.15683333333333332 0.15366666666666667 0.1566666666666667 0.5558333333333335 0.8105000000000006 0.8230000000000001 0.8256666666666668 0.08900000000000001 0.033166666666666664 0.49683333333333324 0.2661666666666667 0.017666666666666674 0.0 0.009500000000000001 0.0 0.7356666666666666 0.7763333333333334 0.12899999999999998 0.6086666666666664 0.0045 0.25883333333333336 0.003333333333333333 0.001 0.6733333333333333 0.7758333333333332 0.5753333333333331 0.8000000000000004 0.36516666666666675 0.17900000000000002 
0.005333333333333333 0.1625 0.7859999999999998 0.7758333333333336 0.9736666666666671 0.8611666666666669 0.48750000000000016 0.3795 0.5145000000000001 0.37516666666666665 0.006999999999999999 0.1605000000000001 0.027000000000000007 0.1383333333333333 0.16616666666666668 0.1446666666666667 0.16883333333333334 0.17666666666666672 0.09799999999999999 0.005166666666666666 0.9765000000000006 1.0 0.5611666666666667 0.40233333333333327 0.8078333333333334 0.8188333333333335 0.8046666666666669 0.9000000000000001 0.04200000000000001 0.002833333333333333 0.8376666666666668 0.5643333333333334 0.23516666666666666 0.24333333333333335 0.5533333333333335 0.4021666666666666 0.8185000000000001 0.4481666666666667 0.6523333333333334 0.28550000000000003 0.2328333333333334 0.003666666666666667 0.5858333333333333 0.5858333333333334 0.5856666666666667 0.5858333333333334 0.5838333333333333 0.5840000000000001 0.5856666666666668 0.5856666666666668 0.8255000000000003 0.5856666666666668 0.5395 0.5538333333333332 0.5843333333333334 0.5684999999999999 0.16599999999999998 0.16699999999999998 0.6409999999999999 0.6033333333333334 0.16700000000000004 0.1673333333333334 0.16533333333333336 0.16766666666666674 0.5436666666666666 0.8008333333333333 0.8136666666666668 0.8173333333333334 0.08916666666666666 0.033499999999999995 0.49016666666666664 0.27699999999999997 0.015333333333333341 0.0 0.013000000000000003 0.0 0.7265 0.7680000000000003 0.12999999999999998 0.6081666666666664 0.004 0.24633333333333338 0.0026666666666666666 0.0006666666666666666 0.6623333333333333 0.7641666666666664 0.574 0.806666666666667 0.37466666666666676 0.19150000000000006 
0.032 0.3101666666666667 0.7721666666666666 0.4949999999999999 0.563 0.5201666666666666 0.3453333333333334 0.239 0.36399999999999993 0.2336666666666666 0.029333333333333336 0.024666666666666677 0.025833333333333344 0.026166666666666675 0.0385 0.028666666666666677 0.2871666666666666 0.3265 0.28516666666666673 0.03200000000000001 0.5721666666666669 0.5611666666666667 1.0 0.5383333333333334 0.7313333333333334 0.6859999999999998 0.7475000000000003 0.5736666666666667 0.02600000000000001 0.026666666666666675 0.5865 0.29700000000000015 0.36633333333333323 0.3588333333333333 0.9686666666666668 0.8093333333333332 0.588 0.3455 0.40616666666666673 0.276 0.32916666666666666 0.0305 0.33716666666666667 0.33716666666666667 0.33716666666666667 0.3365000000000001 0.3366666666666667 0.3366666666666667 0.33733333333333343 0.3376666666666667 0.6068333333333333 0.33716666666666667 0.30866666666666664 0.3421666666666667 0.337 0.37500000000000006 0.2051666666666667 0.29250000000000004 0.3335000000000001 0.28666666666666674 0.025166666666666674 0.024166666666666673 0.024000000000000007 0.024166666666666673 0.9295 0.4233333333333333 0.7310000000000001 0.7028333333333332 0.12083333333333333 0.2806666666666667 0.4193333333333334 0.1336666666666667 0.13583333333333333 0.11483333333333336 0.09466666666666669 0.14583333333333331 0.7933333333333334 0.7456666666666664 0.25433333333333336 0.5261666666666667 0.03966666666666667 0.5193333333333334 0.02600000000000001 0.06466666666666668 0.8816666666666666 0.7821666666666667 0.4911666666666666 0.5685 0.23333333333333328 0.02283333333333334 
0.3339999999999999 0.11133333333333333 0.3461666666666667 0.396 0.4095 0.3983333333333334 0.5625000000000001 0.6791666666666666 0.5319999999999997 0.6729999999999998 0.3503333333333332 0.4636666666666667 0.3575000000000001 0.455 0.44283333333333325 0.46033333333333326 0.07699999999999997 0.092 0.2715000000000001 0.3505 0.4131666666666667 0.40233333333333327 0.5383333333333334 1.0 0.3320000000000001 0.32166666666666666 0.3398333333333333 0.3583333333333333 0.37150000000000005 0.34416666666666657 0.3123333333333333 0.6039999999999999 0.6125 0.6098333333333333 0.5273333333333333 0.6869999999999998 0.30099999999999993 0.07199999999999997 0.12250000000000004 0.21516666666666664 0.601 0.33533333333333326 0.05099999999999999 0.05099999999999999 0.05116666666666665 0.05083333333333332 0.05116666666666665 0.05099999999999999 0.05116666666666665 0.05116666666666665 0.3049999999999999 0.05099999999999999 0.06833333333333332 0.07766666666666665 0.05083333333333332 0.06299999999999999 0.11416666666666667 0.10366666666666671 0.10383333333333333 0.13600000000000004 0.46516666666666673 0.46333333333333326 0.46300000000000013 0.46416666666666684 0.5896666666666668 0.5808333333333333 0.33199999999999996 0.32366666666666666 0.2340000000000001 0.5616666666666665 0.39400000000000013 0.35416666666666674 0.3768333333333333 0.33083333333333337 0.34849999999999987 0.3458333333333334 0.3868333333333333 0.34666666666666673 0.12016666666666667 0.17333333333333328 0.3526666666666666 0.6360000000000001 0.34633333333333327 0.3501666666666667 0.4331666666666667 0.35633333333333334 0.40599999999999986 0.4928333333333333 0.6719999999999997 0.4483333333333332 
