1.0 0.8808333333333336 0.6131666666666667 0.4914999999999998 0.31000000000000005 0.06733333333333333 0.7138333333333334 0.6934999999999999 0.05966666666666665 0.0025 0.1761666666666667 0.08966666666666667 0.002833333333333333 0.08866666666666666 0.08883333333333336 0.02483333333333333 0.002833333333333333 0.03816666666666666 0.9543333333333335 0.95 0.08066666666666666 0.015000000000000005 0.4026666666666667 0.5761666666666667 0.13483333333333328 0.11633333333333329 0.25166666666666676 0.3483333333333333 0.0011666666666666665 0.0015 0.0026666666666666666 0.001 0.7374999999999997 0.6634999999999998 0.7803333333333333 0.8928333333333336 0.33183333333333337 0.010166666666666668 0.414 0.08983333333333329 0.21599999999999997 0.0021666666666666666 0.008833333333333334 0.0075 0.037333333333333336 0.26199999999999996 0.41533333333333344 0.06533333333333334 0.163 0.25166666666666665 0.2641666666666666 0.375 0.16166666666666668 0.20399999999999996 0.16099999999999998 0.051 0.945 0.8248333333333335 0.8306666666666667 0.8863333333333333 0.6479999999999998 0.6943333333333335 0.1708333333333333 0.19283333333333327 0.6824999999999999 0.8943333333333335 0.8341666666666666 0.8586666666666666 0.5596666666666666 0.0034999999999999996 0.24850000000000005 0.9271666666666666 0.058666666666666666 0.4253333333333334 0.8390000000000001 0.2046666666666666 0.5206666666666667 0.6621666666666668 0.007166666666666667 0.0018333333333333333 0.0036666666666666666 0.14916666666666661 0.21499999999999997 0.056499999999999974 0.06633333333333333 0.0008333333333333333 0.5416666666666666 0.3763333333333332 0.3993333333333334 0.132 
0.8808333333333336 1.0 0.5313333333333332 0.41199999999999987 0.2821666666666667 0.02533333333333334 0.6148333333333335 0.6166666666666667 0.11266666666666665 0.06033333333333333 0.2316666666666667 0.14533333333333334 0.061 0.14416666666666667 0.15066666666666673 0.083 0.061 0.09533333333333331 0.8576666666666668 0.8558333333333334 0.0215 0.06816666666666667 0.4629999999999999 0.6263333333333335 0.08533333333333333 0.07433333333333335 0.18283333333333332 0.2823333333333333 0.059500000000000004 0.059500000000000004 0.0605 0.05916666666666667 0.6335 0.561333333333333 0.7015 0.8070000000000002 0.28916666666666674 0.07583333333333334 0.3425000000000001 0.06366666666666669 0.24783333333333343 0.06883333333333334 0.060333333333333315 0.0605 0.09483333333333337 0.2658333333333333 0.33616666666666667 0.012500000000000002 0.22016666666666665 0.2586666666666666 0.23983333333333334 0.29350000000000004 0.23700000000000002 0.20733333333333337 0.1093333333333334 0.019000000000000003 0.8486666666666668 0.9276666666666666 0.7333333333333332 0.8018333333333335 0.5648333333333332 0.7491666666666668 0.22666666666666668 0.24816666666666673 0.7098333333333333 0.8073333333333338 0.7471666666666666 0.7705000000000004 0.47633333333333333 0.06950000000000003 0.18116666666666667 0.9098333333333332 0.08766666666666667 0.4705 0.7951666666666667 0.2601666666666667 0.43666666666666687 0.5876666666666668 0.06449999999999999 0.06033333333333333 0.0605 0.20033333333333328 0.284 0.04883333333333334 0.1285 0.058833333333333335 0.4631666666666666 0.3323333333333334 0.36583333333333345 0.1981666666666667 
0.6131666666666667 0.5313333333333332 1.0 0.8363333333333334 0.27033333333333337 0.3948333333333332 0.43716666666666676 0.7003333333333334 0.07916666666666666 0.131 0.036333333333333336 0.027000000000000003 0.006666666666666666 0.023166666666666672 0.07783333333333334 0.016166666666666673 0.006666666666666667 0.004833333333333333 0.6376666666666668 0.6411666666666668 0.35449999999999987 0.2989999999999998 0.2856666666666666 0.5251666666666668 0.48216666666666685 0.46350000000000013 0.5983333333333333 0.6916666666666668 0.007833333333333335 0.008333333333333335 0.006666666666666667 0.011500000000000005 0.42716666666666675 0.36983333333333335 0.7653333333333333 0.6724999999999999 0.679 0.22233333333333336 0.7601666666666667 0.41183333333333344 0.1868333333333333 0.2465 0.31250000000000006 0.29833333333333334 0.011333333333333336 0.149 0.7641666666666665 0.3993333333333333 0.4108333333333333 0.5783333333333336 0.1658333333333334 0.28899999999999987 0.38783333333333336 0.5258333333333334 0.5073333333333333 0.3603333333333334 0.6506666666666665 0.5158333333333333 0.4686666666666667 0.645 0.34083333333333343 0.43716666666666676 0.035333333333333335 0.0685 0.5413333333333333 0.6716666666666667 0.5994999999999999 0.6236666666666667 0.8754999999999998 0.17999999999999997 0.5974999999999998 0.5514999999999999 0.08516666666666667 0.25866666666666666 0.5935000000000001 0.05700000000000001 0.856333333333333 0.7856666666666662 0.004999999999999999 0.008833333333333334 0.006 0.14150000000000001 0.162 0.3356666666666666 0.07833333333333332 0.02949999999999999 0.8816666666666667 0.7101666666666666 0.624 0.37949999999999995 
0.4914999999999998 0.41199999999999987 0.8363333333333334 1.0 0.19316666666666674 0.5311666666666668 0.30299999999999994 0.6088333333333333 0.014833333333333336 0.20933333333333337 0.018333333333333333 0.018500000000000003 0.007833333333333333 0.013666666666666667 0.005333333333333333 0.004833333333333333 0.006666666666666667 0.0005 0.4934999999999999 0.49566666666666653 0.47350000000000003 0.4358333333333333 0.18249999999999997 0.42433333333333323 0.6333333333333333 0.6151666666666666 0.7508333333333335 0.8140000000000001 0.012833333333333337 0.011500000000000002 0.008666666666666666 0.02166666666666667 0.3318333333333333 0.28300000000000003 0.6766666666666664 0.588 0.8230000000000003 0.3411666666666667 0.8989999999999999 0.5551666666666666 0.1858333333333333 0.36616666666666675 0.44900000000000007 0.4243333333333332 0.0 0.14066666666666666 0.9058333333333333 0.5345 0.5001666666666665 0.6936666666666663 0.14133333333333334 0.28566666666666674 0.5115000000000001 0.6713333333333331 0.6540000000000002 0.4901666666666668 0.5366666666666666 0.40900000000000003 0.3756666666666667 0.5700000000000003 0.272 0.3676666666666666 0.018666666666666668 0.05083333333333333 0.4218333333333333 0.5880000000000001 0.5155000000000001 0.5425000000000001 0.9074999999999998 0.2743333333333333 0.7483333333333334 0.4335 0.10200000000000004 0.2335 0.5196666666666668 0.03833333333333335 0.9475000000000001 0.7763333333333334 0.003833333333333333 0.011500000000000002 0.005666666666666666 0.08083333333333333 0.07016666666666663 0.4621666666666668 0.017166666666666667 0.08033333333333335 0.9239999999999999 0.844666666666667 0.7045 0.4975000000000002 
0.31000000000000005 0.2821666666666667 0.27033333333333337 0.19316666666666674 1.0 0.3586666666666667 0.40800000000000014 0.5186666666666665 0.5886666666666667 0.3863333333333333 0.41850000000000004 0.3740000000000001 0.4561666666666667 0.38850000000000007 0.5946666666666666 0.4908333333333331 0.4586666666666666 0.46399999999999997 0.3423333333333335 0.3448333333333333 0.3241666666666667 0.2544999999999999 0.5721666666666666 0.5043333333333333 0.3146666666666666 0.32083333333333336 0.19816666666666666 0.13199999999999995 0.4638333333333331 0.4610000000000001 0.45049999999999996 0.4518333333333333 0.324 0.3815 0.32516666666666666 0.35283333333333344 0.24583333333333335 0.31600000000000006 0.1741666666666667 0.30783333333333335 0.31750000000000006 0.27899999999999997 0.23766666666666672 0.2681666666666668 0.4618333333333333 0.32466666666666666 0.16033333333333336 0.39599999999999996 0.15133333333333338 0.06949999999999998 0.4278333333333333 0.3324999999999999 0.16916666666666663 0.2874999999999999 0.2985 0.3833333333333333 0.32233333333333336 0.28900000000000003 0.2693333333333334 0.327 0.2663333333333333 0.33866666666666667 0.41750000000000015 0.4013333333333334 0.47633333333333333 0.35350000000000004 0.38283333333333336 0.3646666666666667 0.2195 0.2825000000000001 0.2845 0.2865 0.37383333333333335 0.1899999999999999 0.32916666666666655 0.37349999999999994 0.1805 0.27216666666666667 0.4590000000000001 0.46099999999999997 0.45916666666666656 0.5251666666666666 0.5865 0.3486666666666666 0.5988333333333333 0.44266666666666654 0.21533333333333335 0.21233333333333326 0.2420000000000001 0.2633333333333333 
0.06733333333333333 0.02533333333333334 0.3948333333333332 0.5311666666666668 0.3586666666666667 1.0 0.1418333333333333 0.18450000000000003 0.2705 0.5784999999999999 0.17816666666666667 0.1845 0.2588333333333333 0.18766666666666662 0.24283333333333332 0.24500000000000002 0.25883333333333336 0.24483333333333332 0.06533333333333333 0.06549999999999999 0.8158333333333333 0.7729999999999997 0.12900000000000003 0.03599999999999999 0.8053333333333335 0.8230000000000001 0.6989999999999997 0.6836666666666668 0.265 0.2638333333333333 0.25616666666666676 0.27283333333333337 0.1393333333333333 0.21733333333333335 0.2395 0.16333333333333339 0.6656666666666666 0.7290000000000001 0.5879999999999999 0.8258333333333334 0.08800000000000001 0.7106666666666667 0.7683333333333334 0.7223333333333334 0.23983333333333332 0.32433333333333336 0.5795000000000001 0.8878333333333337 0.4658333333333335 0.5886666666666667 0.34649999999999986 0.35950000000000004 0.6275000000000002 0.6648333333333334 0.7838333333333333 0.9128333333333335 0.10949999999999997 0.04366666666666667 0.07983333333333334 0.1495 0.09466666666666666 0.01966666666666667 0.17983333333333337 0.16766666666666666 0.017333333333333333 0.16100000000000006 0.16883333333333336 0.16183333333333333 0.4743333333333333 0.5345 0.7215 0.04566666666666666 0.3369999999999999 0.11183333333333337 0.12900000000000003 0.1778333333333334 0.5233333333333335 0.3536666666666667 0.25416666666666665 0.264 0.256 0.3859999999999999 0.20566666666666666 0.872 0.23850000000000002 0.3608333333333333 0.49316666666666653 0.6038333333333332 0.5016666666666668 0.49983333333333335 
0.7138333333333334 0.6148333333333335 0.43716666666666676 0.30299999999999994 0.40800000000000014 0.1418333333333333 1.0 0.5380000000000001 0.3055 0.08866666666666669 0.3698333333333333 0.28983333333333333 0.21583333333333335 0.29150000000000004 0.33516666666666667 0.24350000000000005 0.21116666666666675 0.23583333333333337 0.7426666666666665 0.7383333333333333 0.16833333333333333 0.07266666666666664 0.37583333333333324 0.4075000000000001 0.08883333333333333 0.07716666666666662 0.18833333333333335 0.26883333333333337 0.2076666666666666 0.20950000000000002 0.21533333333333338 0.2133333333333334 0.8411666666666666 0.8073333333333332 0.5835000000000001 0.6363333333333334 0.15950000000000003 0.08933333333333332 0.23916666666666667 0.09383333333333332 0.33316666666666656 0.06333333333333332 0.07766666666666666 0.15516666666666667 0.24549999999999997 0.41966666666666663 0.24466666666666662 0.18866666666666657 0.259 0.17383333333333334 0.46283333333333343 0.5390000000000001 0.11633333333333334 0.0806666666666667 0.09833333333333333 0.15816666666666668 0.6795 0.5636666666666665 0.7764999999999995 0.6223333333333333 0.7698333333333334 0.44183333333333324 0.36816666666666675 0.389 0.5085000000000001 0.6371666666666665 0.6886666666666666 0.6608333333333334 0.36016666666666663 0.2001666666666667 0.1343333333333333 0.6724999999999999 0.2591666666666666 0.5033333333333333 0.6013333333333333 0.38033333333333325 0.3203333333333333 0.42500000000000004 0.21066666666666672 0.20900000000000002 0.21016666666666667 0.3926666666666665 0.4116666666666665 0.12766666666666668 0.29116666666666674 0.1838333333333333 0.3486666666666666 0.1945 0.22116666666666662 0.01766666666666667 
0.6934999999999999 0.6166666666666667 0.7003333333333334 0.6088333333333333 0.5186666666666665 0.18450000000000003 0.5380000000000001 1.0 0.22633333333333325 0.11633333333333334 0.18450000000000003 0.13550000000000004 0.12100000000000004 0.1423333333333333 0.244 0.14916666666666667 0.11933333333333333 0.1266666666666667 0.7238333333333332 0.7268333333333332 0.1576666666666667 0.0855 0.5206666666666666 0.7253333333333335 0.2555 0.23916666666666664 0.3710000000000001 0.4655 0.11900000000000002 0.11933333333333337 0.12000000000000002 0.12183333333333332 0.502 0.44416666666666665 0.7696666666666665 0.786 0.4506666666666667 0.029166666666666664 0.5251666666666666 0.18950000000000003 0.3035 0.025333333333333333 0.08200000000000003 0.07266666666666667 0.13649999999999998 0.21133333333333332 0.529 0.176 0.16850000000000004 0.3471666666666667 0.28150000000000014 0.3321666666666668 0.13833333333333336 0.31166666666666665 0.27516666666666656 0.15366666666666665 0.7316666666666667 0.6086666666666667 0.5381666666666666 0.7458333333333331 0.4083333333333334 0.5688333333333333 0.17850000000000005 0.2081666666666667 0.7505 0.7876666666666665 0.7053333333333334 0.7341666666666665 0.6488333333333333 0.047499999999999994 0.36900000000000005 0.6328333333333334 0.18300000000000005 0.31816666666666654 0.7228333333333333 0.1628333333333333 0.6168333333333333 0.6739999999999999 0.1191666666666667 0.11933333333333333 0.11950000000000002 0.1921666666666667 0.3351666666666667 0.11833333333333335 0.2388333333333333 0.11033333333333335 0.6505000000000001 0.4686666666666666 0.3635000000000001 0.16349999999999998 
0.05966666666666665 0.11266666666666665 0.07916666666666666 0.014833333333333336 0.5886666666666667 0.2705 0.3055 0.22633333333333325 1.0 0.5934999999999997 0.716 0.7569999999999998 0.8463333333333333 0.7660000000000002 0.9368333333333332 0.8661666666666666 0.8474999999999998 0.8468333333333332 0.09200000000000001 0.09483333333333333 0.33516666666666667 0.352 0.5609999999999999 0.4038333333333334 0.13033333333333336 0.1425 0.04933333333333333 0.021666666666666664 0.8473333333333332 0.8476666666666667 0.8401666666666665 0.8416666666666669 0.262 0.3326666666666666 0.075 0.05799999999999999 0.04366666666666668 0.43366666666666664 0.014833333333333336 0.172 0.5698333333333333 0.4324999999999999 0.3698333333333333 0.4651666666666667 0.8456666666666668 0.5465000000000001 0.015333333333333332 0.319 0.34083333333333327 0.12200000000000001 0.5873333333333336 0.41416666666666657 0.16033333333333327 0.14116666666666666 0.1293333333333333 0.3206666666666667 0.05466666666666666 0.12816666666666665 0.15616666666666665 0.04816666666666666 0.3098333333333333 0.28066666666666673 0.717166666666667 0.7113333333333334 0.3508333333333333 0.05966666666666664 0.10366666666666667 0.07683333333333331 0.0245 0.6616666666666668 0.12266666666666667 0.06333333333333331 0.7013333333333333 0.4526666666666667 0.10383333333333335 0.688666666666667 0.010166666666666668 0.04233333333333334 0.8481666666666666 0.8481666666666663 0.8479999999999999 0.7276666666666667 0.7861666666666669 0.2783333333333334 0.9253333333333331 0.8035 0.03366666666666668 0.029500000000000002 0.12499999999999999 0.327 
0.0025 0.06033333333333333 0.131 0.20933333333333337 0.3863333333333333 0.5784999999999999 0.08866666666666669 0.11633333333333334 0.5934999999999997 1.0 0.5351666666666667 0.5609999999999998 0.6656666666666665 0.5661666666666666 0.6054999999999999 0.6461666666666669 0.6656666666666666 0.6459999999999999 0.0026666666666666666 0.003333333333333333 0.5818333333333332 0.6779999999999995 0.46033333333333326 0.32049999999999995 0.42816666666666675 0.4378333333333335 0.3568333333333333 0.3328333333333333 0.670666666666667 0.6701666666666667 0.6646666666666667 0.6803333333333331 0.06283333333333335 0.1393333333333333 0.06850000000000003 0.006166666666666667 0.27349999999999997 0.6736666666666667 0.2526666666666667 0.48399999999999993 0.38499999999999995 0.7645000000000002 0.6918333333333334 0.6601666666666667 0.6336666666666667 0.37233333333333335 0.25616666666666676 0.5455000000000001 0.5405000000000002 0.4231666666666666 0.3658333333333335 0.24050000000000002 0.4918333333333333 0.3856666666666666 0.4171666666666665 0.5766666666666667 0.0031666666666666666 0.08049999999999999 0.0275 0.003833333333333333 0.10816666666666665 0.2763333333333334 0.5371666666666666 0.5225 0.2566666666666667 0.007166666666666666 0.022166666666666678 0.013000000000000003 0.16599999999999998 0.5483333333333335 0.3786666666666666 0.0105 0.5113333333333334 0.23983333333333332 0.05116666666666665 0.4839999999999998 0.2065 0.06516666666666665 0.6588333333333333 0.669 0.6625 0.35483333333333333 0.5105000000000002 0.5803333333333334 0.612 0.7558333333333335 0.17400000000000002 0.2593333333333333 0.30349999999999994 0.6038333333333334 
0.1761666666666667 0.2316666666666667 0.036333333333333336 0.018333333333333333 0.41850000000000004 0.17816666666666667 0.3698333333333333 0.18450000000000003 0.716 0.5351666666666667 1.0 0.8969999999999999 0.7706666666666666 0.903 0.7496666666666668 0.7861666666666666 0.7678333333333331 0.8065000000000001 0.15333333333333335 0.15049999999999997 0.23466666666666675 0.27083333333333337 0.6084999999999999 0.38150000000000006 0.03833333333333334 0.046 0.0285 0.021166666666666667 0.7568333333333332 0.7603333333333331 0.7731666666666667 0.7563333333333334 0.3996666666666668 0.4678333333333333 0.09133333333333332 0.17750000000000005 0.013333333333333334 0.3208333333333335 0.011666666666666667 0.07499999999999998 0.6408333333333331 0.35216666666666663 0.3018333333333333 0.39783333333333337 0.8063333333333337 0.6930000000000001 0.014166666666666668 0.22533333333333336 0.40916666666666657 0.18716666666666662 0.6531666666666668 0.5771666666666665 0.088 0.05216666666666666 0.044000000000000004 0.2133333333333333 0.17816666666666672 0.24949999999999992 0.32199999999999995 0.1928333333333333 0.5059999999999999 0.465 0.9550000000000004 0.9228333333333336 0.3826666666666668 0.17800000000000005 0.24100000000000002 0.21400000000000005 0.016000000000000004 0.5568333333333335 0.04366666666666666 0.19599999999999998 0.6535 0.5766666666666667 0.2331666666666666 0.8601666666666667 0.01866666666666667 0.09866666666666665 0.7716666666666666 0.7585 0.7668333333333333 0.4949999999999999 0.6556666666666666 0.17450000000000002 0.7116666666666664 0.6948333333333335 0.022000000000000002 0.016166666666666666 0.04766666666666665 0.2723333333333333 
0.08966666666666667 0.14533333333333334 0.027000000000000003 0.018500000000000003 0.3740000000000001 0.1845 0.28983333333333333 0.13550000000000004 0.7569999999999998 0.5609999999999998 0.8969999999999999 1.0 0.8578333333333333 0.9535000000000002 0.7584999999999998 0.8428333333333333 0.8561666666666666 0.8733333333333333 0.07100000000000001 0.06916666666666665 0.2685 0.2831666666666667 0.5368333333333335 0.3265 0.037166666666666674 0.045 0.03083333333333333 0.022166666666666664 0.8446666666666667 0.8478333333333334 0.8608333333333331 0.8421666666666667 0.31649999999999995 0.38716666666666677 0.05466666666666667 0.09116666666666669 0.01216666666666667 0.35516666666666674 0.011833333333333333 0.08399999999999999 0.7184999999999999 0.3681666666666667 0.3031666666666666 0.4031666666666668 0.8791666666666665 0.6665000000000001 0.014499999999999999 0.22683333333333336 0.4106666666666666 0.1873333333333333 0.639 0.5489999999999999 0.0918333333333333 0.05733333333333333 0.042333333333333334 0.22583333333333336 0.0915 0.1638333333333333 0.2368333333333333 0.10783333333333336 0.42200000000000015 0.38083333333333336 0.9010000000000002 0.8796666666666664 0.30633333333333335 0.09150000000000003 0.1555 0.12849999999999995 0.014500000000000002 0.6101666666666666 0.04166666666666665 0.10883333333333335 0.7403333333333335 0.5801666666666666 0.1458333333333334 0.8598333333333333 0.019 0.04999999999999999 0.8603333333333332 0.8454999999999999 0.8553333333333335 0.5404999999999999 0.6373333333333333 0.1886666666666667 0.7508333333333335 0.768 0.020166666666666666 0.014833333333333336 0.044333333333333336 0.2773333333333333 
0.002833333333333333 0.061 0.006666666666666666 0.007833333333333333 0.4561666666666667 0.2588333333333333 0.21583333333333335 0.12100000000000004 0.8463333333333333 0.6656666666666665 0.7706666666666666 0.8578333333333333 1.0 0.8576666666666665 0.8400000000000002 0.9535000000000002 0.9855000000000003 0.952666666666667 0.003333333333333333 0.005166666666666666 0.3531666666666666 0.36383333333333323 0.4889999999999998 0.316 0.11466666666666671 0.12233333333333336 0.041833333333333333 0.01566666666666667 0.979166666666667 0.9815000000000005 0.9813333333333335 0.9688333333333334 0.22383333333333325 0.29700000000000004 0.004999999999999999 0.002833333333333333 0.03200000000000001 0.44066666666666676 0.012500000000000006 0.16266666666666665 0.6916666666666668 0.44966666666666677 0.3838333333333335 0.4850000000000001 0.9381666666666668 0.5703333333333332 0.013000000000000003 0.3065 0.3643333333333333 0.14133333333333334 0.5996666666666666 0.42199999999999993 0.174 0.1391666666666666 0.11583333333333332 0.30966666666666665 0.003 0.07916666666666665 0.1433333333333333 0.018000000000000002 0.32016666666666665 0.292 0.7776666666666668 0.7726666666666666 0.2638333333333334 0.003833333333333333 0.06466666666666665 0.037000000000000005 0.005333333333333333 0.6985000000000001 0.11616666666666665 0.015000000000000003 0.8363333333333337 0.48766666666666664 0.05633333333333332 0.7344999999999999 0.009333333333333334 0.003333333333333333 0.9820000000000003 0.9793333333333335 0.985666666666667 0.6208333333333335 0.6901666666666665 0.26933333333333337 0.8408333333333331 0.8866666666666667 0.005166666666666666 0.02516666666666667 0.10550000000000002 0.35383333333333333 
0.08866666666666666 0.14416666666666667 0.023166666666666672 0.013666666666666667 0.38850000000000007 0.18766666666666662 0.29150000000000004 0.1423333333333333 0.7660000000000002 0.5661666666666666 0.903 0.9535000000000002 0.8576666666666665 1.0 0.7723333333333335 0.8555000000000001 0.8553333333333333 0.8819999999999996 0.07183333333333335 0.07016666666666667 0.26183333333333336 0.28350000000000003 0.5599999999999999 0.33883333333333326 0.04083333333333334 0.04883333333333332 0.02966666666666667 0.017833333333333336 0.8440000000000001 0.8473333333333334 0.8608333333333331 0.8426666666666668 0.313 0.38433333333333336 0.04416666666666666 0.09016666666666666 0.011500000000000002 0.3484999999999999 0.009666666666666667 0.08249999999999996 0.7108333333333331 0.36566666666666664 0.30649999999999994 0.40449999999999997 0.8836666666666666 0.6651666666666667 0.011333333333333332 0.23000000000000007 0.4065000000000001 0.18416666666666667 0.6311666666666668 0.5459999999999999 0.092 0.05833333333333333 0.044333333333333336 0.22600000000000006 0.09049999999999997 0.1625 0.23516666666666663 0.10683333333333332 0.4220000000000001 0.38099999999999995 0.9045000000000001 0.8818333333333332 0.3156666666666666 0.09033333333333333 0.15266666666666664 0.12566666666666662 0.010833333333333335 0.6045000000000001 0.04466666666666666 0.10850000000000001 0.7341666666666664 0.5646666666666667 0.14550000000000002 0.8454999999999999 0.01416666666666667 0.05266666666666667 0.8596666666666666 0.8461666666666668 0.8541666666666667 0.5418333333333333 0.6518333333333329 0.18683333333333338 0.7606666666666668 0.7666666666666666 0.015333333333333334 0.012000000000000002 0.046166666666666654 0.27566666666666667 
0.08883333333333336 0.15066666666666673 0.07783333333333334 0.005333333333333333 0.5946666666666666 0.24283333333333332 0.33516666666666667 0.244 0.9368333333333332 0.6054999999999999 0.7496666666666668 0.7584999999999998 0.8400000000000002 0.7723333333333335 1.0 0.8759999999999999 0.8401666666666664 0.8459999999999998 0.12133333333333335 0.12416666666666668 0.321 0.35716666666666663 0.6034999999999998 0.44666666666666655 0.11000000000000001 0.11850000000000004 0.034 0.004833333333333333 0.841 0.8414999999999999 0.8328333333333333 0.836 0.2886666666666667 0.35966666666666663 0.0866666666666667 0.08583333333333334 0.023500000000000007 0.4123333333333332 0.0034999999999999996 0.15016666666666664 0.5658333333333332 0.4350000000000002 0.3768333333333333 0.4703333333333334 0.8416666666666667 0.5598333333333333 0.0055000000000000005 0.298 0.3515 0.12933333333333333 0.5871666666666667 0.41316666666666657 0.16016666666666665 0.12133333333333333 0.11200000000000002 0.29466666666666674 0.08383333333333334 0.16716666666666666 0.18183333333333326 0.06999999999999998 0.3314999999999999 0.3226666666666667 0.7533333333333337 0.7414999999999999 0.3883333333333334 0.08733333333333335 0.1288333333333333 0.10166666666666663 0.016500000000000004 0.6538333333333333 0.11116666666666669 0.09233333333333332 0.700833333333333 0.4611666666666666 0.13733333333333334 0.6991666666666667 0.0013333333333333335 0.051833333333333315 0.8416666666666666 0.8404999999999997 0.8416666666666666 0.7004999999999997 0.8356666666666668 0.25549999999999995 0.9275000000000003 0.7983333333333331 0.02416666666666667 0.01533333333333334 0.12066666666666666 0.3375 
0.02483333333333333 0.083 0.016166666666666673 0.004833333333333333 0.4908333333333331 0.24500000000000002 0.24350000000000005 0.14916666666666667 0.8661666666666666 0.6461666666666669 0.7861666666666666 0.8428333333333333 0.9535000000000002 0.8555000000000001 0.8759999999999999 1.0 0.9530000000000003 0.946 0.034333333333333334 0.036000000000000004 0.33633333333333326 0.3569999999999999 0.5149999999999999 0.34733333333333327 0.11016666666666668 0.11850000000000001 0.03383333333333333 0.005833333333333334 0.9493333333333337 0.9505000000000001 0.9451666666666668 0.9360000000000003 0.24466666666666664 0.316 0.015666666666666672 0.024499999999999997 0.023500000000000007 0.42516666666666664 0.004166666666666667 0.15350000000000003 0.6756666666666666 0.44 0.37766666666666665 0.47433333333333344 0.9248333333333332 0.5626666666666665 0.006166666666666667 0.2998333333333333 0.3529999999999999 0.13149999999999998 0.5893333333333334 0.41583333333333344 0.16466666666666668 0.13166666666666665 0.11166666666666662 0.30016666666666664 0.02483333333333333 0.10249999999999998 0.1641666666666667 0.03866666666666667 0.33983333333333343 0.3153333333333333 0.7935000000000002 0.7863333333333332 0.295 0.025999999999999995 0.08583333333333336 0.058666666666666645 0.007333333333333334 0.6741666666666667 0.113 0.036500000000000005 0.8106666666666668 0.4838333333333334 0.07716666666666669 0.7244999999999999 0.0025 0.017333333333333333 0.9555000000000002 0.9493333333333337 0.9561666666666667 0.6353333333333334 0.7284999999999999 0.2601666666666667 0.8678333333333333 0.8594999999999997 0.008 0.01566666666666667 0.11333333333333336 0.3459999999999999 
0.002833333333333333 0.061 0.006666666666666667 0.006666666666666667 0.4586666666666666 0.25883333333333336 0.21116666666666675 0.11933333333333333 0.8474999999999998 0.6656666666666666 0.7678333333333331 0.8561666666666666 0.9855000000000003 0.8553333333333333 0.8401666666666664 0.9530000000000003 1.0 0.951666666666667 0.0026666666666666666 0.0045 0.35666666666666663 0.36749999999999994 0.4854999999999999 0.3141666666666667 0.11800000000000006 0.126 0.04449999999999999 0.016500000000000004 0.9801666666666671 0.9850000000000004 0.9805000000000003 0.9666666666666667 0.2231666666666666 0.296 0.0031666666666666666 0.003333333333333333 0.030999999999999996 0.4435 0.011666666666666669 0.16583333333333333 0.6911666666666667 0.4531666666666668 0.3875000000000001 0.48749999999999993 0.9376666666666666 0.5683333333333335 0.012166666666666668 0.3096666666666667 0.3615 0.13966666666666666 0.5981666666666666 0.4191666666666666 0.17700000000000002 0.1413333333333333 0.11833333333333332 0.312 0.003833333333333333 0.08033333333333333 0.14333333333333334 0.0195 0.318 0.2934999999999999 0.775 0.77 0.26166666666666677 0.004166666666666667 0.06433333333333331 0.037500000000000006 0.004833333333333333 0.6998333333333335 0.11733333333333336 0.015166666666666669 0.8363333333333337 0.48699999999999993 0.055999999999999994 0.7323333333333332 0.008833333333333334 0.003333333333333333 0.9860000000000003 0.9826666666666669 0.9891666666666669 0.6211666666666668 0.6893333333333331 0.2726666666666667 0.8439999999999999 0.8895000000000002 0.0045 0.0245 0.10816666666666666 0.3568333333333332 
0.03816666666666666 0.09533333333333331 0.004833333333333333 0.0005 0.46399999999999997 0.24483333333333332 0.23583333333333337 0.1266666666666667 0.8468333333333332 0.6459999999999999 0.8065000000000001 0.8733333333333333 0.952666666666667 0.8819999999999996 0.8459999999999998 0.946 0.951666666666667 1.0 0.026333333333333334 0.02733333333333333 0.33149999999999996 0.34916666666666657 0.5091666666666665 0.32966666666666666 0.1015 0.11016666666666666 0.030166666666666665 0.005333333333333333 0.9425000000000006 0.9475000000000005 0.9528333333333334 0.9378333333333331 0.2601666666666667 0.33299999999999996 0.00966666666666667 0.03866666666666667 0.019666666666666676 0.41816666666666646 0.0016666666666666666 0.14283333333333334 0.6773333333333333 0.4288333333333334 0.3708333333333335 0.46833333333333343 0.9600000000000004 0.5993333333333335 0.002833333333333333 0.2936666666666667 0.354 0.1338333333333333 0.6300000000000002 0.4506666666666666 0.15366666666666665 0.11849999999999998 0.10166666666666664 0.29050000000000004 0.03916666666666666 0.11633333333333333 0.17900000000000002 0.05466666666666665 0.354 0.3271666666666666 0.8136666666666664 0.8084999999999997 0.28033333333333327 0.03933333333333333 0.1005 0.07366666666666663 0.0003333333333333333 0.6726666666666667 0.103 0.05216666666666667 0.8045 0.5195 0.09233333333333334 0.7681666666666667 0.0 0.022833333333333327 0.9571666666666668 0.9453333333333337 0.951166666666667 0.6228333333333333 0.6968333333333331 0.24949999999999994 0.8428333333333332 0.8611666666666664 0.0008333333333333333 0.011333333333333332 0.09849999999999999 0.33266666666666667 
0.9543333333333335 0.8576666666666668 0.6376666666666668 0.4934999999999999 0.3423333333333335 0.06533333333333333 0.7426666666666665 0.7238333333333332 0.09200000000000001 0.0026666666666666666 0.15333333333333335 0.07100000000000001 0.003333333333333333 0.07183333333333335 0.12133333333333335 0.034333333333333334 0.0026666666666666666 0.026333333333333334 1.0 0.978666666666667 0.07950000000000002 0.014333333333333332 0.4325 0.6096666666666666 0.1343333333333333 0.11599999999999998 0.2515000000000001 0.34650000000000003 0.0021666666666666666 0.002 0.0023333333333333335 0.0045 0.7031666666666664 0.6299999999999999 0.7973333333333332 0.8593333333333333 0.33116666666666666 0.010166666666666666 0.4134999999999999 0.08949999999999997 0.20783333333333331 0.0016666666666666668 0.008333333333333333 0.007166666666666667 0.031833333333333325 0.22899999999999995 0.41533333333333344 0.064 0.16200000000000003 0.25116666666666676 0.24816666666666667 0.3411666666666666 0.16366666666666668 0.20499999999999996 0.16083333333333336 0.04949999999999998 0.9123333333333333 0.8059999999999999 0.7999999999999997 0.8501666666666666 0.6226666666666665 0.6675000000000001 0.14983333333333332 0.17199999999999996 0.7134999999999999 0.8601666666666666 0.7984999999999998 0.8216666666666669 0.5660000000000001 0.0031666666666666666 0.24850000000000003 0.896666666666667 0.05249999999999999 0.3931666666666668 0.8058333333333334 0.1761666666666666 0.5205000000000001 0.6436666666666668 0.0036666666666666666 0.0023333333333333335 0.0023333333333333335 0.18150000000000002 0.2473333333333333 0.05499999999999998 0.09816666666666665 0.0008333333333333334 0.5491666666666666 0.3758333333333334 0.408 0.13299999999999998 
0.95 0.8558333333333334 0.6411666666666668 0.49566666666666653 0.3448333333333333 0.06549999999999999 0.7383333333333333 0.7268333333333332 0.09483333333333333 0.003333333333333333 0.15049999999999997 0.06916666666666665 0.005166666666666666 0.07016666666666667 0.12416666666666668 0.036000000000000004 0.0045 0.02733333333333333 0.978666666666667 1.0 0.07950000000000002 0.013333333333333334 0.43250000000000005 0.6143333333333333 0.1365 0.11766666666666666 0.2531666666666668 0.34866666666666674 0.0036666666666666666 0.0036666666666666666 0.003833333333333333 0.005833333333333334 0.7001666666666665 0.6268333333333334 0.7945 0.8573333333333335 0.3335 0.010666666666666668 0.41566666666666646 0.09149999999999998 0.20633333333333329 0.0025 0.008333333333333333 0.006333333333333333 0.03366666666666666 0.2261666666666666 0.4168333333333335 0.0635 0.16099999999999995 0.25166666666666676 0.24666666666666667 0.33766666666666667 0.16716666666666666 0.20649999999999996 0.16266666666666668 0.04899999999999999 0.9100000000000001 0.8048333333333333 0.7945 0.8461666666666667 0.6149999999999999 0.6628333333333335 0.14733333333333332 0.16983333333333328 0.7113333333333334 0.858166666666667 0.7938333333333332 0.8180000000000003 0.5668333333333334 0.0036666666666666666 0.25033333333333335 0.894 0.05149999999999998 0.38850000000000007 0.7998333333333336 0.17316666666666664 0.5213333333333332 0.6446666666666667 0.004666666666666666 0.0034999999999999996 0.004 0.185 0.24950000000000003 0.05483333333333331 0.10166666666666664 0.002 0.5505 0.37816666666666665 0.4105 0.1353333333333333 
0.08066666666666666 0.0215 0.35449999999999987 0.47350000000000003 0.3241666666666667 0.8158333333333333 0.16833333333333333 0.1576666666666667 0.33516666666666667 0.5818333333333332 0.23466666666666675 0.2685 0.3531666666666666 0.26183333333333336 0.321 0.33633333333333326 0.35666666666666663 0.33149999999999996 0.07950000000000002 0.07950000000000002 1.0 0.7975 0.14 0.02683333333333334 0.7163333333333332 0.721 0.6405 0.5995 0.3690000000000001 0.366 0.352 0.36666666666666664 0.17233333333333334 0.2458333333333333 0.18616666666666665 0.14466666666666667 0.5485000000000002 0.7801666666666668 0.5331666666666667 0.7556666666666668 0.13916666666666663 0.7375 0.7949999999999998 0.7509999999999998 0.32666666666666655 0.36949999999999994 0.5288333333333333 0.826 0.4734999999999998 0.5598333333333333 0.39783333333333337 0.3591666666666667 0.6193333333333333 0.6064999999999998 0.7149999999999999 0.840333333333333 0.118 0.03183333333333334 0.10649999999999997 0.13899999999999996 0.131 0.044333333333333336 0.2376666666666667 0.22516666666666665 0.007333333333333335 0.14200000000000002 0.16466666666666668 0.15550000000000003 0.4241666666666667 0.6093333333333334 0.6738333333333333 0.05783333333333332 0.42316666666666664 0.18350000000000005 0.11533333333333333 0.23799999999999996 0.46649999999999997 0.3275 0.3538333333333333 0.36516666666666675 0.35633333333333317 0.38983333333333325 0.24249999999999997 0.8135000000000001 0.3403333333333333 0.4589999999999998 0.43566666666666665 0.5323333333333333 0.4976666666666667 0.5305 
0.015000000000000005 0.06816666666666667 0.2989999999999998 0.4358333333333333 0.2544999999999999 0.7729999999999997 0.07266666666666664 0.0855 0.352 0.6779999999999995 0.27083333333333337 0.2831666666666667 0.36383333333333323 0.28350000000000003 0.35716666666666663 0.3569999999999999 0.36749999999999994 0.34916666666666657 0.014333333333333332 0.013333333333333334 0.7975 1.0 0.2031666666666667 0.10700000000000004 0.6930000000000003 0.7030000000000001 0.616 0.5636666666666668 0.3801666666666666 0.37583333333333313 0.3619999999999999 0.3796666666666666 0.07383333333333335 0.14 0.1375 0.06666666666666667 0.5231666666666666 0.8043333333333333 0.49233333333333335 0.7438333333333333 0.15066666666666667 0.8531666666666667 0.8950000000000001 0.8205000000000001 0.34199999999999986 0.35033333333333333 0.49733333333333346 0.7501666666666668 0.5651666666666667 0.6235000000000002 0.32533333333333336 0.24366666666666664 0.7101666666666666 0.6406666666666667 0.6885000000000002 0.7726666666666668 0.0425 0.09866666666666667 0.036333333333333336 0.06716666666666667 0.06116666666666665 0.127 0.2725 0.2585 0.058499999999999996 0.06533333333333333 0.07566666666666666 0.07016666666666667 0.37933333333333347 0.6506666666666667 0.6298333333333331 0.030999999999999996 0.42066666666666663 0.21850000000000006 0.10049999999999999 0.25866666666666654 0.42333333333333323 0.27966666666666673 0.36433333333333323 0.37699999999999984 0.3673333333333333 0.3543333333333334 0.2851666666666666 0.8063333333333333 0.38066666666666654 0.4726666666666667 0.39166666666666655 0.5099999999999999 0.5256666666666667 0.6624999999999999 
0.4026666666666667 0.4629999999999999 0.2856666666666666 0.18249999999999997 0.5721666666666666 0.12900000000000003 0.37583333333333324 0.5206666666666666 0.5609999999999999 0.46033333333333326 0.6084999999999999 0.5368333333333335 0.4889999999999998 0.5599999999999999 0.6034999999999998 0.5149999999999999 0.4854999999999999 0.5091666666666665 0.4325 0.43250000000000005 0.14 0.2031666666666667 1.0 0.7203333333333336 0.07583333333333334 0.07666666666666665 0.07383333333333329 0.06816666666666664 0.47966666666666663 0.4826666666666666 0.49266666666666664 0.49133333333333323 0.264 0.287 0.345 0.39033333333333337 0.1365 0.22583333333333339 0.13600000000000004 0.07349999999999998 0.4335 0.28316666666666673 0.23233333333333334 0.2633333333333333 0.5226666666666667 0.4178333333333332 0.13399999999999998 0.12216666666666667 0.36283333333333323 0.2464999999999999 0.4070000000000001 0.30466666666666664 0.11066666666666668 0.14316666666666666 0.08733333333333335 0.11283333333333337 0.3933333333333333 0.47350000000000003 0.32266666666666666 0.3773333333333333 0.2696666666666668 0.6294999999999998 0.5978333333333332 0.5725000000000001 0.7068333333333331 0.3931666666666666 0.3815 0.391 0.2315 0.30483333333333323 0.13516666666666668 0.4153333333333334 0.3555 0.3483333333333333 0.4546666666666666 0.5633333333333335 0.18983333333333335 0.30150000000000005 0.48416666666666663 0.4813333333333331 0.4833333333333332 0.32183333333333336 0.6081666666666666 0.09833333333333336 0.5716666666666667 0.4726666666666665 0.22383333333333333 0.14650000000000002 0.20866666666666664 0.35600000000000004 
0.5761666666666667 0.6263333333333335 0.5251666666666668 0.42433333333333323 0.5043333333333333 0.03599999999999999 0.4075000000000001 0.7253333333333335 0.4038333333333334 0.32049999999999995 0.38150000000000006 0.3265 0.316 0.33883333333333326 0.44666666666666655 0.34733333333333327 0.3141666666666667 0.32966666666666666 0.6096666666666666 0.6143333333333333 0.02683333333333334 0.10700000000000004 0.7203333333333336 1.0 0.12633333333333333 0.11450000000000003 0.22266666666666662 0.28516666666666657 0.31416666666666665 0.315 0.31433333333333335 0.3175 0.35600000000000015 0.30250000000000005 0.5741666666666667 0.5845 0.3023333333333333 0.1216666666666667 0.35249999999999987 0.07833333333333331 0.4488333333333334 0.19 0.12749999999999995 0.118 0.33266666666666667 0.19749999999999993 0.34616666666666673 0.02683333333333334 0.3478333333333334 0.3086666666666666 0.19216666666666665 0.1643333333333333 0.1721666666666667 0.23016666666666663 0.14100000000000001 0.014499999999999999 0.5756666666666667 0.6376666666666667 0.4260000000000001 0.5561666666666667 0.3333333333333334 0.7456666666666666 0.37849999999999995 0.40349999999999997 0.8781666666666668 0.5856666666666668 0.5015000000000001 0.5278333333333333 0.46033333333333337 0.13600000000000004 0.21466666666666667 0.5606666666666669 0.19233333333333336 0.37566666666666665 0.6004999999999999 0.35533333333333333 0.42316666666666664 0.5143333333333334 0.31433333333333335 0.3145 0.31483333333333335 0.2 0.5263333333333334 0.02516666666666667 0.4343333333333333 0.30833333333333335 0.4571666666666668 0.3375000000000001 0.3156666666666667 0.37333333333333324 
