1.0 0.028000000000000004 0.18100000000000002 0.020333333333333335 0.02166666666666666 0.12633333333333333 0.5313333333333334 0.010666666666666668 0.7364999999999999 0.055333333333333325 0.9660000000000001 0.0 0.8596666666666664 0.0 0.937 0.0 0.9783333333333333 0.0 0.7385 0.052499999999999984 0.24749999999999997 0.25750000000000006 0.1918333333333333 0.01416666666666667 0.050666666666666665 0.16033333333333333 0.0415 0.15616666666666665 0.9840000000000002 0.0 0.4771666666666667 0.5581666666666667 0.9710000000000001 0.916833333333333 0.7568333333333332 0.7619999999999999 0.9401666666666667 0.014333333333333333 0.8075 0.6433333333333333 0.9696666666666668 0.44849999999999995 0.8068333333333332 0.8015000000000001 0.8129999999999998 0.7958333333333336 0.9206666666666667 0.9413333333333334 0.9845000000000003 0.14866666666666664 0.985166666666667 0.14283333333333334 0.8680000000000002 0.32083333333333314 0.9124999999999999 0.7678333333333334 0.9763333333333333 0.0008333333333333333 0.9420000000000003 0.0 0.9783333333333334 0.0 0.9768333333333333 0.0 0.8054999999999999 0.0 0.9693333333333335 0.29550000000000004 0.3536666666666667 0.0 0.0016666666666666668 0.0005 0.9766666666666669 0.0 0.9825000000000004 0.126 0.7063333333333334 0.34916666666666674 0.932 0.0 0.9774999999999998 0.0 0.974666666666667 0.0 0.9911666666666669 0.0 0.2998333333333333 0.21599999999999991 0.7678333333333335 0.0 
0.028000000000000004 1.0 0.561 0.6253333333333332 0.6196666666666666 0.6201666666666666 0.308 0.6910000000000001 0.10083333333333332 0.6323333333333335 0.04716666666666667 0.37383333333333346 0.05600000000000001 0.3735000000000001 0.08316666666666668 0.3733333333333334 0.03066666666666668 0.37366666666666676 0.020500000000000004 0.33133333333333326 0.5696666666666668 0.4696666666666667 0.5840000000000001 0.6473333333333331 0.6204999999999999 0.5918333333333333 0.6214999999999998 0.6068333333333331 0.039333333333333324 0.3730000000000001 0.4973333333333333 0.4053333333333334 0.05133333333333335 0.08833333333333336 0.09533333333333335 0.09216666666666667 0.05483333333333332 0.3696666666666666 0.15916666666666668 0.25099999999999995 0.045 0.042833333333333334 0.04100000000000001 0.043500000000000004 0.04083333333333334 0.12650000000000003 0.027833333333333335 0.027166666666666676 0.026500000000000013 0.6353333333333334 0.027833333333333342 0.5133333333333332 0.025666666666666667 0.2571666666666667 0.09200000000000003 0.04933333333333333 0.03133333333333335 0.4071666666666667 0.06649999999999999 0.37366666666666676 0.030833333333333345 0.3738333333333334 0.03200000000000001 0.37316666666666676 0.041833333333333333 0.3733333333333334 0.02800000000000001 0.24966666666666673 0.14766666666666672 0.3740000000000001 0.733 0.5589999999999998 0.031166666666666676 0.37316666666666676 0.034 0.38049999999999995 0.18716666666666668 0.5689999999999998 0.029666666666666678 0.3728333333333334 0.031833333333333345 0.3730000000000001 0.04899999999999999 0.3733333333333334 0.0325 0.3728333333333334 0.5628333333333334 0.5018333333333334 0.13366666666666668 0.3726666666666667 
0.18100000000000002 0.561 1.0 0.8306666666666667 0.8300000000000002 0.7051666666666665 0.6473333333333333 0.7038333333333333 0.4416666666666667 0.7671666666666666 0.2131666666666667 0.00016666666666666666 0.31933333333333336 0.0003333333333333333 0.23650000000000002 0.0 0.17100000000000004 0.0 0.17133333333333337 0.028500000000000004 0.5988333333333333 0.3153333333333333 0.8906666666666666 0.8061666666666666 0.8046666666666666 0.6963333333333331 0.8171666666666666 0.699 0.18966666666666673 0.0 0.6915000000000002 0.6126666666666667 0.20199999999999999 0.24333333333333326 0.3994999999999998 0.3983333333333332 0.2005 0.0016666666666666668 0.3263333333333333 0.31 0.1885 0.10683333333333332 0.3694999999999997 0.37399999999999983 0.36083333333333323 0.3828333333333333 0.2543333333333333 0.2323333333333334 0.17666666666666667 0.39516666666666667 0.17616666666666664 0.129 0.16600000000000004 0.0995 0.23183333333333334 0.1565 0.1716666666666667 0.03516666666666667 0.20799999999999996 0.00016666666666666666 0.1715 0.0 0.17200000000000004 0.00016666666666666666 0.36833333333333323 0.0 0.20366666666666666 0.10550000000000001 0.0911666666666667 0.0005 0.37316666666666676 0.1906666666666666 0.2001666666666667 0.0 0.1956666666666667 0.03183333333333334 0.4095 0.4998333333333334 0.17116666666666666 0.0 0.1721666666666667 0.0005 0.2005 0.0 0.18666666666666662 0.0 0.7259999999999998 0.35966666666666663 0.3061666666666667 0.00016666666666666666 
0.020333333333333335 0.6253333333333332 0.8306666666666667 1.0 0.9595000000000004 0.8280000000000001 0.4838333333333334 0.8400000000000003 0.27783333333333343 0.8648333333333332 0.05083333333333334 0.05266666666666667 0.15716666666666665 0.05266666666666667 0.07916666666666669 0.05216666666666667 0.013333333333333338 0.0525 0.015166666666666667 0.09216666666666669 0.716 0.37200000000000005 0.7551666666666671 0.9570000000000003 0.9356666666666668 0.8146666666666667 0.9471666666666668 0.8081666666666666 0.030333333333333334 0.051833333333333335 0.5383333333333333 0.45666666666666655 0.0435 0.09766666666666668 0.23666666666666664 0.23449999999999996 0.0405 0.052000000000000005 0.16883333333333328 0.24649999999999994 0.03066666666666667 0.04616666666666667 0.20533333333333334 0.21049999999999994 0.19766666666666668 0.2204999999999999 0.09116666666666667 0.06916666666666665 0.014833333333333339 0.36300000000000004 0.015 0.16249999999999998 0.009000000000000001 0.0 0.07400000000000002 0.13549999999999998 0.014000000000000002 0.09333333333333334 0.05016666666666666 0.05249999999999999 0.013333333333333338 0.05266666666666667 0.014333333333333339 0.05199999999999999 0.20516666666666666 0.052333333333333336 0.0405 0.06849999999999998 0.06033333333333331 0.05316666666666667 0.4236666666666666 0.2463333333333333 0.037333333333333336 0.05199999999999999 0.03383333333333333 0.08783333333333335 0.24983333333333338 0.46983333333333344 0.013500000000000002 0.051666666666666666 0.014333333333333335 0.05283333333333332 0.04066666666666666 0.05216666666666667 0.02533333333333333 0.05166666666666666 0.6920000000000001 0.42366666666666675 0.14633333333333332 0.0515 
0.02166666666666666 0.6196666666666666 0.8300000000000002 0.9595000000000004 1.0 0.8506666666666665 0.48566666666666664 0.8488333333333337 0.2806666666666668 0.8819999999999999 0.05283333333333332 0.025666666666666667 0.15866666666666668 0.025666666666666667 0.079 0.02516666666666667 0.012500000000000002 0.025500000000000002 0.01466666666666667 0.06499999999999999 0.7373333333333335 0.34166666666666673 0.7525000000000002 0.9331666666666668 0.956 0.8363333333333333 0.9653333333333335 0.8308333333333334 0.030833333333333348 0.02483333333333334 0.536 0.4536666666666666 0.043500000000000004 0.09783333333333338 0.23916666666666664 0.23766666666666666 0.04133333333333334 0.025500000000000002 0.1691666666666667 0.25483333333333336 0.03066666666666667 0.0225 0.20949999999999996 0.21366666666666664 0.20049999999999998 0.22166666666666665 0.09483333333333334 0.07266666666666667 0.017333333333333336 0.36733333333333335 0.016666666666666666 0.17883333333333337 0.007666666666666667 0.00016666666666666666 0.07350000000000002 0.13933333333333334 0.013000000000000001 0.06633333333333334 0.04933333333333332 0.025500000000000002 0.012499999999999997 0.025666666666666667 0.013333333333333334 0.025000000000000005 0.20816666666666664 0.02516666666666667 0.044000000000000004 0.04616666666666666 0.032 0.02616666666666667 0.3961666666666667 0.21816666666666668 0.040666666666666657 0.025000000000000005 0.036500000000000005 0.06299999999999999 0.2511666666666667 0.46166666666666667 0.013666666666666669 0.024666666666666674 0.013833333333333335 0.02583333333333334 0.040999999999999995 0.02516666666666667 0.027166666666666662 0.024666666666666674 0.7045 0.393 0.14716666666666664 0.024500000000000008 
0.12633333333333333 0.6201666666666666 0.7051666666666665 0.8280000000000001 0.8506666666666665 1.0 0.4061666666666666 0.7814999999999998 0.15116666666666664 0.7508333333333332 0.1466666666666666 0.024833333333333332 0.12366666666666662 0.024666666666666667 0.1855 0.02433333333333333 0.12466666666666665 0.024666666666666667 0.12466666666666665 0.06433333333333333 0.8658333333333332 0.4476666666666667 0.6691666666666667 0.8271666666666669 0.8720000000000002 0.9158333333333333 0.8426666666666668 0.8991666666666663 0.13816666666666666 0.02383333333333333 0.6468333333333333 0.5563333333333333 0.15066666666666664 0.20566666666666664 0.11699999999999999 0.11266666666666665 0.1505 0.022666666666666665 0.2808333333333333 0.37016666666666664 0.14283333333333328 0.12950000000000006 0.08200000000000002 0.0851666666666667 0.07633333333333331 0.19383333333333336 0.10733333333333334 0.124 0.12166666666666665 0.37516666666666665 0.12183333333333332 0.19566666666666666 0.12416666666666668 0.009000000000000001 0.18633333333333332 0.23916666666666664 0.12516666666666665 0.06333333333333332 0.16133333333333333 0.024666666666666667 0.12483333333333332 0.024666666666666663 0.12583333333333332 0.024333333333333332 0.08283333333333333 0.024499999999999997 0.12533333333333327 0.025333333333333336 0.07083333333333333 0.025333333333333333 0.3966666666666667 0.21883333333333335 0.13149999999999998 0.024166666666666666 0.13333333333333328 0.044833333333333336 0.2613333333333333 0.5734999999999999 0.12466666666666669 0.023666666666666662 0.1255 0.025 0.14833333333333332 0.024166666666666666 0.13066666666666665 0.023999999999999994 0.8166666666666664 0.5089999999999999 0.25116666666666665 0.023833333333333328 
0.5313333333333334 0.308 0.6473333333333333 0.4838333333333334 0.48566666666666664 0.4061666666666666 1.0 0.37983333333333336 0.7148333333333338 0.4646666666666668 0.5636666666666666 0.0 0.6669999999999999 0.0 0.5786666666666666 0.0 0.517 0.0 0.4095 0.021 0.33866666666666667 0.2811666666666667 0.6205 0.46616666666666684 0.5066666666666667 0.43099999999999994 0.5033333333333334 0.43566666666666665 0.5383333333333336 0.0 0.5968333333333331 0.6916666666666669 0.5489999999999998 0.5355000000000001 0.655 0.6551666666666668 0.5446666666666669 0.004 0.5781666666666667 0.38766666666666666 0.5329999999999999 0.21449999999999997 0.6638333333333335 0.6616666666666666 0.6536666666666667 0.7116666666666666 0.6001666666666667 0.5811666666666667 0.5271666666666667 0.24599999999999997 0.5261666666666666 0.08766666666666667 0.5046666666666667 0.26649999999999996 0.5758333333333335 0.4151666666666666 0.5183333333333334 0.02083333333333334 0.5529999999999999 0.0 0.5176666666666667 0.0 0.5178333333333334 0.0 0.6621666666666667 0.0 0.5523333333333332 0.16733333333333333 0.174 0.0 0.18266666666666673 0.13700000000000004 0.5515000000000001 0.0 0.5466666666666667 0.04633333333333334 0.5806666666666667 0.33083333333333337 0.5055000000000001 0.0 0.5188333333333336 0.0 0.5491666666666667 0.0 0.5368333333333336 0.0 0.4731666666666667 0.2811666666666666 0.5489999999999999 0.0 
0.010666666666666668 0.6910000000000001 0.7038333333333333 0.8400000000000003 0.8488333333333337 0.7814999999999998 0.37983333333333336 1.0 0.15933333333333333 0.7573333333333335 0.03383333333333333 0.16583333333333333 0.11349999999999999 0.16583333333333328 0.06416666666666665 0.16533333333333328 0.004833333333333334 0.16566666666666663 0.007833333333333336 0.20466666666666666 0.7255000000000001 0.3424999999999999 0.7423333333333335 0.8575 0.8348333333333332 0.7859999999999998 0.8498333333333338 0.7809999999999999 0.02116666666666667 0.16499999999999995 0.5228333333333333 0.44133333333333336 0.03283333333333334 0.08466666666666671 0.1683333333333334 0.16516666666666666 0.0335 0.15783333333333327 0.16149999999999998 0.2465 0.02333333333333333 0.021833333333333337 0.11049999999999997 0.1103333333333333 0.1078333333333333 0.1873333333333333 0.06983333333333334 0.04749999999999998 0.006499999999999999 0.49983333333333335 0.0068333333333333345 0.30900000000000005 0.0031666666666666666 0.13333333333333333 0.06650000000000002 0.1216666666666667 0.005333333333333333 0.20633333333333329 0.0415 0.16566666666666663 0.005333333333333333 0.16583333333333328 0.0058333333333333345 0.16516666666666663 0.10949999999999996 0.1653333333333333 0.02066666666666667 0.1456666666666667 0.036333333333333336 0.1663333333333333 0.5374999999999999 0.3596666666666668 0.019833333333333335 0.16516666666666663 0.020500000000000004 0.17450000000000002 0.24216666666666664 0.4555000000000002 0.004833333333333333 0.16483333333333328 0.006 0.16599999999999998 0.03133333333333333 0.1653333333333333 0.015166666666666669 0.1648333333333333 0.688 0.41266666666666674 0.13683333333333336 0.16466666666666666 
0.7364999999999999 0.10083333333333332 0.4416666666666667 0.27783333333333343 0.2806666666666668 0.15116666666666664 0.7148333333333338 0.15933333333333333 1.0 0.30866666666666664 0.7691666666666669 0.0 0.8751666666666664 0.0 0.7711666666666664 0.0 0.7218333333333331 0.0 0.4965 0.052499999999999984 0.06783333333333336 0.06433333333333333 0.40883333333333316 0.25549999999999995 0.25533333333333336 0.15650000000000003 0.27433333333333343 0.15949999999999998 0.7425 0.0 0.3264999999999999 0.4371666666666666 0.7518333333333334 0.7306666666666665 0.8674999999999998 0.8773333333333333 0.6833333333333332 0.005833333333333334 0.5514999999999999 0.3870000000000001 0.7333333333333333 0.20566666666666666 0.9256666666666666 0.9291666666666667 0.9168333333333335 0.8165 0.8113333333333336 0.7893333333333337 0.7323333333333332 0.14949999999999997 0.7308333333333333 0.1425 0.6370000000000001 0.32083333333333314 0.6581666666666667 0.5525000000000001 0.7203333333333332 0.002833333333333333 0.6893333333333332 0.0 0.7226666666666667 0.0 0.7211666666666666 0.0 0.9238333333333335 0.0 0.7606666666666668 0.255 0.19616666666666668 0.0 0.0045 0.0021666666666666666 0.7568333333333332 0.0 0.7518333333333332 0.12016666666666666 0.556 0.11299999999999999 0.6746666666666666 0.0 0.7216666666666666 0.0 0.7535 0.0 0.7424999999999998 0.0 0.1955 0.06066666666666665 0.5216666666666666 0.0 
0.055333333333333325 0.6323333333333335 0.7671666666666666 0.8648333333333332 0.8819999999999999 0.7508333333333332 0.4646666666666668 0.7573333333333335 0.30866666666666664 1.0 0.08416666666666664 0.09966666666666661 0.18900000000000003 0.09966666666666661 0.1143333333333333 0.09916666666666663 0.04816666666666666 0.09949999999999996 0.05049999999999999 0.1628333333333333 0.636 0.3898333333333334 0.7024999999999999 0.8453333333333336 0.8573333333333332 0.7341666666666667 0.8651666666666666 0.7466666666666665 0.06550000000000002 0.09883333333333329 0.5035000000000001 0.44449999999999995 0.07866666666666669 0.13183333333333333 0.26466666666666666 0.2638333333333333 0.07433333333333332 0.09899999999999996 0.2035 0.2796666666666666 0.06616666666666665 0.06949999999999999 0.23666666666666672 0.24100000000000002 0.22766666666666657 0.2525 0.12333333333333335 0.10133333333333339 0.04916666666666667 0.3953333333333333 0.048499999999999995 0.20616666666666672 0.04416666666666666 0.06783333333333333 0.1085 0.13583333333333333 0.048666666666666664 0.11783333333333333 0.0851666666666667 0.09949999999999996 0.04833333333333333 0.09966666666666663 0.048999999999999995 0.09899999999999995 0.23549999999999996 0.09916666666666663 0.07233333333333332 0.08016666666666666 0.09783333333333336 0.10016666666666663 0.43866666666666665 0.28966666666666663 0.06933333333333333 0.09899999999999996 0.06633333333333333 0.1298333333333333 0.2651666666666667 0.46833333333333327 0.049166666666666664 0.09866666666666664 0.04933333333333332 0.09983333333333329 0.07583333333333336 0.09916666666666663 0.05999999999999999 0.09866666666666662 0.637 0.42583333333333334 0.179 0.09849999999999996 
0.9660000000000001 0.04716666666666667 0.2131666666666667 0.05083333333333334 0.05283333333333332 0.1466666666666666 0.5636666666666666 0.03383333333333333 0.7691666666666669 0.08416666666666664 1.0 0.0 0.889 0.0 0.949 0.0 0.948 0.0 0.7118333333333335 0.052499999999999984 0.24483333333333332 0.25149999999999995 0.21533333333333332 0.038666666666666676 0.07766666666666666 0.17816666666666667 0.07200000000000001 0.17366666666666664 0.9690000000000003 0.0 0.4901666666666666 0.5723333333333332 0.966 0.92 0.7556666666666666 0.7623333333333333 0.9116666666666667 0.012666666666666668 0.7758333333333334 0.6123333333333333 0.952333333333333 0.4218333333333334 0.8055 0.7995 0.8103333333333333 0.8253333333333336 0.9165000000000001 0.9344999999999999 0.9595000000000001 0.14899999999999997 0.9568333333333334 0.1425 0.8441666666666666 0.32083333333333314 0.8825 0.7575 0.9466666666666665 0.0008333333333333333 0.9138333333333337 0.0 0.9480000000000001 0.0 0.9464999999999999 0.0 0.8026666666666665 0.0 0.9601666666666666 0.2868333333333333 0.3306666666666666 0.0 0.0025 0.001 0.9766666666666667 0.0 0.9770000000000002 0.12633333333333333 0.6781666666666668 0.32116666666666666 0.9013333333333332 0.0 0.9473333333333332 0.0 0.9690000000000002 0.0 0.9693333333333336 0.0 0.31633333333333336 0.21783333333333332 0.7413333333333333 0.0 
0.0 0.37383333333333346 0.00016666666666666666 0.05266666666666667 0.025666666666666667 0.024833333333333332 0.0 0.16583333333333333 0.0 0.09966666666666661 0.0 1.0 0.0 0.9991666666666668 0.0 0.9986666666666667 0.0 0.9993333333333334 0.2408333333333333 0.9073333333333331 0.014166666666666668 0.42833333333333334 0.059500000000000025 0.08316666666666667 0.027333333333333334 0.014333333333333332 0.03066666666666667 0.030333333333333337 0.0 0.9983333333333334 0.0 0.0 0.0 0.0005 0.017333333333333343 0.015500000000000003 0.0 0.9830000000000002 0.0045 0.08083333333333334 0.0 0.539 0.0 0.0 0.0 0.0 0.0 0.0 0.0 0.48566666666666664 0.0 0.6776666666666668 0.11533333333333334 0.6783333333333332 0.0 0.09233333333333338 0.0008333333333333334 0.9580000000000004 0.0 0.9990000000000001 0.0 0.9988333333333334 0.0 0.9991666666666668 0.0 0.9990000000000001 0.0 0.6883333333333336 0.6263333333333332 0.9990000000000001 0.6238333333333334 0.8048333333333333 0.0 0.9990000000000001 0.0 0.8373333333333332 0.023833333333333342 0.17666666666666672 0.0475 0.9985 0.0 0.9983333333333334 0.0 0.9986666666666667 0.0 0.9990000000000001 0.0026666666666666666 0.4110000000000001 0.06816666666666667 0.9988333333333334 
0.8596666666666664 0.05600000000000001 0.31933333333333336 0.15716666666666665 0.15866666666666668 0.12366666666666662 0.6669999999999999 0.11349999999999999 0.8751666666666664 0.18900000000000003 0.889 0.0 1.0 0.0 0.8623333333333336 0.0 0.8424999999999998 0.0 0.6108333333333336 0.052499999999999984 0.15749999999999997 0.16033333333333333 0.3125 0.14033333333333334 0.18 0.1831666666666667 0.177 0.1916666666666667 0.8645 0.0 0.41016666666666673 0.5206666666666667 0.8686666666666669 0.8280000000000001 0.833 0.8420000000000001 0.8056666666666666 0.012500000000000002 0.6720000000000002 0.5080000000000001 0.8516666666666666 0.322 0.8905000000000003 0.8846666666666668 0.8883333333333335 0.8843333333333336 0.9208333333333333 0.9081666666666668 0.8546666666666666 0.14899999999999997 0.8503333333333333 0.1425 0.7461666666666666 0.32083333333333314 0.7766666666666667 0.6685000000000001 0.8414999999999998 0.0 0.8086666666666669 0.0 0.8433333333333333 0.0 0.8415 0.0 0.8870000000000001 0.0 0.8781666666666667 0.2781666666666667 0.2884999999999999 0.0 0.0034999999999999996 0.0016666666666666668 0.8789999999999999 0.0 0.8743333333333334 0.12783333333333335 0.6366666666666666 0.2195 0.7956666666666671 0.0 0.8420000000000001 0.0 0.8718333333333338 0.0 0.8636666666666666 0.0 0.27 0.13300000000000006 0.6393333333333332 0.0 
0.0 0.3735000000000001 0.0003333333333333333 0.05266666666666667 0.025666666666666667 0.024666666666666667 0.0 0.16583333333333328 0.0 0.09966666666666661 0.0 0.9991666666666668 0.0 1.0 0.0 0.9985 0.0 0.9991666666666668 0.2408333333333333 0.906833333333333 0.014166666666666668 0.42833333333333334 0.059500000000000025 0.08316666666666667 0.027333333333333334 0.014166666666666666 0.030666666666666672 0.03033333333333334 0.0 0.9985 0.0 0.0 0.0 0.0005 0.017333333333333343 0.015500000000000003 0.0 0.983166666666667 0.0045 0.081 0.0 0.5393333333333333 0.0 0.0 0.0 0.0 0.0 0.0 0.0 0.48583333333333334 0.0 0.6778333333333335 0.11550000000000002 0.6781666666666666 0.0 0.09233333333333338 0.001 0.9575000000000005 0.0 0.9991666666666668 0.0 0.9990000000000001 0.00016666666666666666 0.9993333333333334 0.0 0.9988333333333334 0.0 0.6883333333333336 0.6261666666666665 0.9988333333333334 0.6230000000000001 0.8046666666666666 0.0 0.9988333333333334 0.0 0.8373333333333332 0.023833333333333342 0.17666666666666672 0.0475 0.9990000000000001 0.0 0.9985 0.0 0.9985 0.0 0.9988333333333334 0.0025 0.41100000000000003 0.06816666666666667 0.9986666666666667 
0.937 0.08316666666666668 0.23650000000000002 0.07916666666666669 0.079 0.1855 0.5786666666666666 0.06416666666666665 0.7711666666666664 0.1143333333333333 0.949 0.0 0.8623333333333336 0.0 1.0 0.0 0.9301666666666667 0.0 0.7041666666666667 0.052499999999999984 0.2796666666666666 0.27316666666666667 0.24749999999999997 0.07316666666666666 0.1101666666666667 0.21866666666666665 0.10016666666666668 0.21499999999999997 0.9493333333333334 0.0 0.5296666666666668 0.6130000000000002 0.9613333333333336 0.9445000000000003 0.7075 0.715 0.8816666666666667 0.0045 0.7565000000000001 0.5876666666666668 0.9425000000000001 0.4061666666666667 0.7578333333333334 0.7511666666666664 0.7618333333333331 0.8151666666666665 0.87 0.8889999999999999 0.9288333333333334 0.14899999999999997 0.9263333333333332 0.14266666666666666 0.8450000000000002 0.32083333333333314 0.8643333333333332 0.7200000000000002 0.93 0.0008333333333333333 0.8984999999999999 0.0 0.9313333333333336 0.0 0.9305000000000002 0.0 0.7556666666666668 0.0 0.9149999999999996 0.24266666666666667 0.32 0.0 0.004333333333333333 0.0025 0.9315000000000001 0.0 0.9421666666666667 0.10333333333333336 0.6473333333333335 0.3163333333333333 0.8841666666666668 0.0 0.9313333333333332 0.0 0.9576666666666672 0.0 0.9414999999999998 0.0 0.358 0.2576666666666666 0.7086666666666666 0.0 
0.0 0.3733333333333334 0.0 0.05216666666666667 0.02516666666666667 0.02433333333333333 0.0 0.16533333333333328 0.0 0.09916666666666663 0.0 0.9986666666666667 0.0 0.9985 0.0 1.0 0.0 0.9990000000000001 0.2408333333333333 0.9066666666666666 0.013666666666666667 0.4275 0.059500000000000025 0.08266666666666665 0.02683333333333333 0.013833333333333333 0.030166666666666665 0.029833333333333344 0.0 0.9983333333333334 0.0 0.0 0.0 0.00016666666666666666 0.017333333333333343 0.015500000000000003 0.0 0.9833333333333336 0.0045 0.08166666666666667 0.0 0.5393333333333333 0.0 0.0 0.0 0.0 0.0 0.0 0.0 0.4855 0.0 0.6776666666666668 0.1151666666666667 0.6783333333333332 0.0 0.0921666666666667 0.0008333333333333334 0.9573333333333336 0.0 0.9983333333333333 0.0 0.9988333333333334 0.0 0.9985 0.0 0.9990000000000001 0.0 0.6886666666666669 0.6259999999999999 0.9983333333333334 0.6235 0.8041666666666666 0.0 0.9983333333333334 0.0 0.8369999999999999 0.023833333333333342 0.17750000000000005 0.0475 0.9981666666666668 0.0 0.9976666666666668 0.0 0.9986666666666667 0.0 0.9986666666666667 0.0023333333333333335 0.41150000000000003 0.06816666666666667 0.9985 
0.9783333333333333 0.03066666666666668 0.17100000000000004 0.013333333333333338 0.012500000000000002 0.12466666666666665 0.517 0.004833333333333334 0.7218333333333331 0.04816666666666666 0.948 0.0 0.8424999999999998 0.0 0.9301666666666667 0.0 1.0 0.0 0.7543333333333335 0.052666666666666646 0.2526666666666667 0.2628333333333335 0.18683333333333327 0.009 0.04433333333333333 0.15516666666666665 0.03366666666666667 0.1516666666666667 0.9758333333333334 0.0 0.4723333333333333 0.5538333333333334 0.9658333333333333 0.9121666666666661 0.7368333333333333 0.7414999999999999 0.9415000000000002 0.010666666666666666 0.8144999999999999 0.6486666666666666 0.9788333333333336 0.44916666666666677 0.7865000000000001 0.7810000000000001 0.7926666666666666 0.7811666666666668 0.9004999999999999 0.922 0.9791666666666664 0.14866666666666664 0.9796666666666666 0.14283333333333334 0.8800000000000003 0.32083333333333314 0.9291666666666665 0.7591666666666665 0.9965000000000002 0.0008333333333333333 0.9610000000000006 0.0 0.9973333333333335 0.00016666666666666666 0.9968333333333335 0.0 0.7861666666666666 0.0 0.9501666666666669 0.2783333333333334 0.3708333333333334 0.0 0.0015000000000000002 0.00016666666666666666 0.9570000000000001 0.0 0.9636666666666666 0.11933333333333339 0.7080000000000001 0.36899999999999994 0.9486666666666664 0.0 0.9965000000000002 0.00016666666666666666 0.9646666666666667 0.0 0.9731666666666666 0.0 0.2973333333333333 0.22149999999999995 0.7688333333333331 0.0 
0.0 0.37366666666666676 0.0 0.0525 0.025500000000000002 0.024666666666666667 0.0 0.16566666666666663 0.0 0.09949999999999996 0.0 0.9993333333333334 0.0 0.9991666666666668 0.0 0.9990000000000001 0.0 1.0 0.2408333333333333 0.9073333333333331 0.013999999999999999 0.4278333333333334 0.059500000000000025 0.08299999999999998 0.027166666666666662 0.014166666666666666 0.030500000000000003 0.03016666666666667 0.0 0.9983333333333334 0.0 0.0 0.0 0.0003333333333333333 0.017333333333333343 0.015500000000000003 0.0 0.9833333333333336 0.0045 0.08116666666666666 0.0 0.5391666666666667 0.0 0.0 0.0 0.0 0.0 0.0 0.0 0.48583333333333334 0.0 0.6776666666666668 0.11550000000000002 0.6781666666666666 0.0 0.0921666666666667 0.001 0.9576666666666671 0.0 0.9993333333333334 0.0 0.9991666666666668 0.00016666666666666666 0.9991666666666668 0.0 0.9993333333333334 0.0 0.6883333333333336 0.6264999999999998 0.9990000000000001 0.6235 0.8048333333333333 0.0 0.9986666666666667 0.0 0.8371666666666665 0.023833333333333342 0.1771666666666667 0.0475 0.9988333333333334 0.0 0.9983333333333334 0.0 0.9983333333333334 0.0 0.9990000000000001 0.0025 0.41116666666666674 0.06816666666666667 0.9985 
0.7385 0.020500000000000004 0.17133333333333337 0.015166666666666667 0.01466666666666667 0.12466666666666665 0.4095 0.007833333333333336 0.4965 0.05049999999999999 0.7118333333333335 0.2408333333333333 0.6108333333333336 0.2408333333333333 0.7041666666666667 0.2408333333333333 0.7543333333333335 0.2408333333333333 1.0 0.2935 0.2481666666666667 0.3256666666666666 0.18949999999999995 0.011500000000000002 0.04566666666666665 0.15499999999999994 0.035833333333333335 0.15183333333333338 0.7368333333333336 0.2408333333333333 0.4621666666666666 0.5383333333333333 0.7300000000000001 0.6833333333333335 0.516 0.5175 0.7136666666666668 0.24899999999999992 0.7011666666666666 0.5441666666666667 0.7371666666666669 0.6605 0.5505 0.5446666666666666 0.556 0.5668333333333332 0.6628333333333333 0.6845 0.7368333333333333 0.1253333333333333 0.7376666666666667 0.15183333333333335 0.6808333333333333 0.5433333333333334 0.7033333333333335 0.5621666666666666 0.755166666666667 0.2416666666666666 0.7261666666666667 0.2408333333333333 0.7548333333333335 0.24099999999999994 0.7548333333333334 0.2408333333333333 0.5495 0.2408333333333333 0.7124999999999999 0.46566666666666684 0.5844999999999999 0.2408333333333333 0.06033333333333333 0.12599999999999997 0.7189999999999998 0.2408333333333333 0.7258333333333334 0.24716666666666665 0.6278333333333334 0.35466666666666663 0.7988333333333333 0.2408333333333333 0.7546666666666667 0.24099999999999994 0.7278333333333333 0.2408333333333333 0.7341666666666669 0.2408333333333333 0.2956666666666667 0.321 0.7576666666666668 0.2408333333333333 
0.052499999999999984 0.33133333333333326 0.028500000000000004 0.09216666666666669 0.06499999999999999 0.06433333333333333 0.021 0.20466666666666666 0.052499999999999984 0.1628333333333333 0.052499999999999984 0.9073333333333331 0.052499999999999984 0.906833333333333 0.052499999999999984 0.9066666666666666 0.052666666666666646 0.9073333333333331 0.2935 1.0 0.05366666666666666 0.37499999999999994 0.07600000000000003 0.1213333333333333 0.06683333333333331 0.053833333333333316 0.06999999999999999 0.06833333333333332 0.052499999999999984 0.9059999999999998 0.018666666666666675 0.024000000000000007 0.052499999999999984 0.07133333333333333 0.06983333333333334 0.06800000000000002 0.052499999999999984 0.8908333333333331 0.056999999999999974 0.11733333333333335 0.052499999999999984 0.5654999999999999 0.052499999999999984 0.052499999999999984 0.052499999999999984 0.052499999999999984 0.052499999999999984 0.052499999999999984 0.052499999999999984 0.45366666666666666 0.052499999999999984 0.5853333333333333 0.16833333333333333 0.7003333333333331 0.052499999999999984 0.1811666666666667 0.05366666666666665 0.9101666666666667 0.052499999999999984 0.9069999999999997 0.052666666666666646 0.9071666666666665 0.052833333333333315 0.906833333333333 0.052499999999999984 0.9073333333333331 0.052499999999999984 0.6776666666666666 0.6781666666666668 0.9076666666666664 0.5311666666666669 0.7163333333333334 0.052499999999999984 0.9063333333333331 0.052499999999999984 0.7736666666666668 0.036000000000000004 0.09933333333333333 0.1 0.9061666666666665 0.052666666666666646 0.9063333333333331 0.052499999999999984 0.9059999999999998 0.052499999999999984 0.9063333333333331 0.04100000000000001 0.3671666666666667 0.12066666666666663 0.9061666666666665 
0.24749999999999997 0.5696666666666668 0.5988333333333333 0.716 0.7373333333333335 0.8658333333333332 0.33866666666666667 0.7255000000000001 0.06783333333333336 0.636 0.24483333333333332 0.014166666666666668 0.15749999999999997 0.014166666666666668 0.2796666666666666 0.013666666666666667 0.2526666666666667 0.013999999999999999 0.2481666666666667 0.05366666666666666 1.0 0.5706666666666668 0.5698333333333331 0.7081666666666665 0.7698333333333334 0.8941666666666666 0.7576666666666667 0.8761666666666664 0.26116666666666677 0.013333333333333334 0.7326666666666667 0.6188333333333333 0.2718333333333333 0.31366666666666665 0.09699999999999998 0.09483333333333337 0.27266666666666667 0.01866666666666667 0.4056666666666666 0.49316666666666686 0.2715 0.24683333333333343 0.058833333333333335 0.05350000000000001 0.0645 0.2243333333333333 0.17233333333333334 0.19083333333333335 0.241 0.36666666666666664 0.2451666666666667 0.18599999999999994 0.24650000000000005 0.0 0.3146666666666666 0.3329999999999999 0.25366666666666665 0.05283333333333332 0.287 0.013999999999999999 0.2528333333333334 0.014166666666666668 0.25400000000000006 0.013500000000000002 0.057666666666666665 0.013833333333333333 0.22 0.03433333333333334 0.174 0.014666666666666666 0.38566666666666677 0.20799999999999996 0.23266666666666655 0.013499999999999998 0.2433333333333334 0.04633333333333334 0.3763333333333334 0.7006666666666667 0.25250000000000006 0.013166666666666667 0.25416666666666676 0.014333333333333333 0.26866666666666666 0.013666666666666669 0.25116666666666676 0.013166666666666669 0.8578333333333333 0.5848333333333334 0.36966666666666675 0.013000000000000001 
0.25750000000000006 0.4696666666666667 0.3153333333333333 0.37200000000000005 0.34166666666666673 0.4476666666666667 0.2811666666666667 0.3424999999999999 0.06433333333333333 0.3898333333333334 0.25149999999999995 0.42833333333333334 0.16033333333333333 0.42833333333333334 0.27316666666666667 0.4275 0.2628333333333335 0.4278333333333334 0.3256666666666666 0.37499999999999994 0.5706666666666668 1.0 0.3051666666666668 0.37566666666666665 0.37683333333333346 0.47649999999999987 0.3698333333333333 0.4888333333333332 0.2708333333333334 0.42750000000000005 0.5185 0.4975000000000002 0.2798333333333333 0.2863333333333334 0.07333333333333333 0.07300000000000001 0.2825 0.435 0.407 0.4470000000000001 0.2796666666666667 0.5223333333333335 0.06883333333333333 0.06299999999999999 0.0735 0.22283333333333327 0.18166666666666673 0.20049999999999993 0.2510000000000001 0.25566666666666665 0.2553333333333334 0.1833333333333334 0.25033333333333335 0.138 0.32416666666666655 0.2378333333333334 0.26366666666666677 0.4483333333333332 0.29716666666666663 0.4281666666666667 0.2626666666666668 0.42833333333333334 0.2638333333333334 0.42833333333333334 0.0675 0.4278333333333334 0.2298333333333333 0.33716666666666667 0.46716666666666656 0.4281666666666667 0.42083333333333334 0.5181666666666666 0.24249999999999994 0.42833333333333334 0.25266666666666665 0.423 0.34983333333333333 0.6340000000000001 0.26300000000000007 0.42766666666666675 0.2643333333333334 0.4278333333333334 0.2751666666666668 0.4281666666666667 0.26000000000000006 0.42800000000000005 0.5143333333333334 0.8176666666666668 0.3895 0.4278333333333334 
0.1918333333333333 0.5840000000000001 0.8906666666666666 0.7551666666666671 0.7525000000000002 0.6691666666666667 0.6205 0.7423333333333335 0.40883333333333316 0.7024999999999999 0.21533333333333332 0.059500000000000025 0.3125 0.059500000000000025 0.24749999999999997 0.059500000000000025 0.18683333333333327 0.059500000000000025 0.18949999999999995 0.07600000000000003 0.5698333333333331 0.3051666666666668 1.0 0.7783333333333334 0.736666666666667 0.6581666666666668 0.7488333333333337 0.6623333333333332 0.20216666666666666 0.059500000000000025 0.7048333333333335 0.6256666666666668 0.21433333333333338 0.23433333333333334 0.3780000000000001 0.3770000000000001 0.2145 0.05416666666666666 0.34283333333333327 0.32183333333333336 0.20516666666666666 0.1235 0.34883333333333333 0.35033333333333333 0.3396666666666666 0.3801666666666666 0.25300000000000006 0.2303333333333333 0.18749999999999997 0.4371666666666667 0.18799999999999994 0.19049999999999997 0.18433333333333335 0.17016666666666672 0.24783333333333332 0.11566666666666668 0.18716666666666662 0.08733333333333335 0.22333333333333322 0.059500000000000025 0.18699999999999994 0.059500000000000025 0.18783333333333327 0.059500000000000025 0.3473333333333333 0.059500000000000025 0.20266666666666658 0.14949999999999997 0.1085 0.059500000000000025 0.43383333333333335 0.2505 0.20133333333333328 0.059500000000000025 0.20199999999999999 0.05550000000000001 0.423 0.4898333333333331 0.1868333333333333 0.059500000000000025 0.18783333333333332 0.059500000000000025 0.2125 0.059500000000000025 0.19649999999999987 0.059500000000000025 0.6905000000000001 0.3658333333333333 0.31749999999999995 0.059500000000000025 
0.01416666666666667 0.6473333333333331 0.8061666666666666 0.9570000000000003 0.9331666666666668 0.8271666666666669 0.46616666666666684 0.8575 0.25549999999999995 0.8453333333333336 0.038666666666666676 0.08316666666666667 0.14033333333333334 0.08316666666666667 0.07316666666666666 0.08266666666666665 0.009 0.08299999999999998 0.011500000000000002 0.1213333333333333 0.7081666666666665 0.37566666666666665 0.7783333333333334 1.0 0.9156666666666666 0.8026666666666666 0.9241666666666666 0.798333333333333 0.025 0.08233333333333333 0.5338333333333334 0.4519999999999999 0.03783333333333333 0.09150000000000004 0.2146666666666666 0.21316666666666662 0.036 0.08033333333333331 0.16533333333333336 0.24150000000000002 0.027333333333333338 0.04783333333333333 0.1848333333333333 0.18849999999999997 0.17583333333333329 0.2078333333333333 0.07616666666666667 0.054333333333333324 0.009333333333333334 0.3838333333333334 0.009666666666666669 0.18333333333333332 0.006833333333333334 0.0245 0.07016666666666668 0.1221666666666667 0.009500000000000001 0.12300000000000003 0.04583333333333332 0.08299999999999998 0.008833333333333335 0.08316666666666665 0.010166666666666668 0.08249999999999998 0.18416666666666662 0.08266666666666665 0.02583333333333334 0.08 0.06366666666666668 0.08366666666666665 0.45449999999999996 0.2766666666666666 0.0245 0.08249999999999998 0.024000000000000004 0.10316666666666668 0.24449999999999997 0.468 0.009500000000000001 0.08216666666666665 0.010333333333333335 0.08333333333333331 0.035333333333333335 0.08266666666666665 0.018500000000000003 0.08216666666666667 0.6839999999999999 0.436 0.14 0.08199999999999999 
0.050666666666666665 0.6204999999999999 0.8046666666666666 0.9356666666666668 0.956 0.8720000000000002 0.5066666666666667 0.8348333333333332 0.25533333333333336 0.8573333333333332 0.07766666666666666 0.027333333333333334 0.18 0.027333333333333334 0.1101666666666667 0.02683333333333333 0.04433333333333333 0.027166666666666662 0.04566666666666665 0.06683333333333331 0.7698333333333334 0.37683333333333346 0.736666666666667 0.9156666666666666 1.0 0.8691666666666665 0.9586666666666669 0.8626666666666665 0.06133333333333334 0.0265 0.5693333333333334 0.48783333333333323 0.07466666666666667 0.1295 0.21483333333333324 0.21333333333333326 0.07016666666666664 0.02683333333333333 0.19949999999999996 0.28266666666666657 0.06233333333333333 0.051999999999999984 0.18649999999999992 0.188 0.1765 0.23199999999999996 0.11233333333333334 0.09500000000000001 0.044999999999999984 0.3665 0.043166666666666666 0.17816666666666664 0.03900000000000001 0.00016666666666666666 0.1045 0.16050000000000003 0.044833333333333315 0.06533333333333331 0.08116666666666669 0.02716666666666667 0.04416666666666665 0.02733333333333333 0.04499999999999999 0.026666666666666665 0.18483333333333327 0.026999999999999996 0.06366666666666665 0.04166666666666667 0.04616666666666665 0.02783333333333333 0.3983333333333334 0.2206666666666666 0.06383333333333333 0.026666666666666665 0.061333333333333344 0.05966666666666664 0.24316666666666673 0.4938333333333332 0.04516666666666666 0.026333333333333334 0.045666666666666654 0.0275 0.07183333333333333 0.02683333333333333 0.055500000000000015 0.026333333333333334 0.739166666666667 0.4243333333333333 0.1741666666666667 0.026166666666666668 
0.16033333333333333 0.5918333333333333 0.6963333333333331 0.8146666666666667 0.8363333333333333 0.9158333333333333 0.43099999999999994 0.7859999999999998 0.15650000000000003 0.7341666666666667 0.17816666666666667 0.014333333333333332 0.1831666666666667 0.014166666666666666 0.21866666666666665 0.013833333333333333 0.15516666666666665 0.014166666666666666 0.15499999999999994 0.053833333333333316 0.8941666666666666 0.47649999999999987 0.6581666666666668 0.8026666666666666 0.8691666666666665 1.0 0.8558333333333333 0.9556666666666671 0.1725 0.013333333333333332 0.68 0.595 0.18583333333333335 0.23999999999999994 0.14283333333333334 0.1411666666666667 0.18050000000000005 0.015166666666666667 0.3111666666666667 0.39833333333333326 0.17350000000000002 0.1548333333333333 0.11116666666666668 0.10800000000000001 0.10749999999999998 0.25833333333333336 0.16700000000000004 0.1756666666666667 0.1543333333333333 0.3661666666666667 0.15299999999999994 0.18716666666666662 0.15049999999999997 0.00016666666666666666 0.21666666666666667 0.26166666666666666 0.1558333333333333 0.05299999999999999 0.19233333333333336 0.014166666666666668 0.15549999999999997 0.014166666666666668 0.15683333333333332 0.013833333333333331 0.11166666666666669 0.013999999999999999 0.1566666666666667 0.028333333333333335 0.11266666666666665 0.014666666666666666 0.3856666666666667 0.20766666666666667 0.16383333333333333 0.013666666666666667 0.16749999999999995 0.038833333333333345 0.3023333333333333 0.6030000000000001 0.15599999999999994 0.013166666666666665 0.15683333333333332 0.014499999999999997 0.18300000000000005 0.013666666666666666 0.1653333333333334 0.013499999999999998 0.8456666666666669 0.513 0.27916666666666656 0.013333333333333332 
