1.0 0.9920000000000002 0.0013333333333333333 0.43633333333333335 0.0013333333333333333 0.002 0.6081666666666667 0.6415000000000001 0.8298333333333338 0.7856666666666666 0.9886666666666667 0.9921666666666666 0.9896666666666668 0.9900000000000001 0.1831666666666667 0.44116666666666676 0.9149999999999997 0.9208333333333333 0.8821666666666667 0.7281666666666666 0.002833333333333333 0.002833333333333333 0.20883333333333337 0.3798333333333334 0.0013333333333333333 0.013333333333333334 0.0013333333333333333 0.0013333333333333333 0.7884999999999998 0.8731666666666665 0.013166666666666669 0.024999999999999994 0.989166666666667 0.9876666666666668 0.6063333333333332 0.6106666666666668 0.002833333333333333 0.002833333333333333 0.002833333333333333 0.002833333333333333 0.002833333333333333 0.002833333333333333 0.002833333333333333 0.016500000000000004 0.19333333333333338 0.11016666666666666 0.002833333333333333 0.002833333333333333 0.6648333333333335 0.6543333333333333 0.27883333333333327 0.0013333333333333333 0.43200000000000005 0.31350000000000006 0.002833333333333333 0.002833333333333333 0.9611666666666668 0.9933333333333334 0.9456666666666668 0.9324999999999997 0.9930000000000001 0.9880000000000002 0.9550000000000002 0.9251666666666661 0.6093333333333332 0.6508333333333333 0.6068333333333331 0.5988333333333332 0.8070000000000003 0.002833333333333333 0.4208333333333332 0.5995000000000001 0.916333333333333 0.9476666666666665 0.8005 0.8440000000000003 0.002833333333333333 0.10300000000000002 0.02516666666666667 0.38416666666666655 0.02766666666666667 0.2601666666666666 0.17783333333333334 0.5163333333333333 0.002833333333333333 0.0016666666666666668 0.003333333333333333 0.002833333333333333 0.22449999999999992 0.031333333333333345 
0.9920000000000002 1.0 0.003 0.43800000000000006 0.003 0.0036666666666666666 0.6103333333333335 0.6426666666666668 0.8306666666666672 0.7793333333333332 0.9913333333333334 0.9945000000000002 0.9933333333333333 0.9931666666666668 0.17799999999999996 0.43500000000000016 0.9088333333333332 0.9136666666666666 0.8815 0.73 0.0 0.0 0.21066666666666667 0.38166666666666677 0.003 0.015 0.003 0.003 0.7829999999999998 0.8675 0.014833333333333334 0.02666666666666666 0.9841666666666669 0.9810000000000001 0.6081666666666666 0.6125000000000003 0.0 0.0 0.0 0.0 0.0 0.0 0.0 0.011166666666666665 0.19516666666666677 0.11183333333333331 0.0 0.0 0.6580000000000001 0.6558333333333333 0.2733333333333332 0.003 0.42733333333333334 0.30933333333333335 0.0 0.0 0.9546666666666668 0.9963333333333335 0.9476666666666668 0.9339999999999996 0.9965 0.9826666666666668 0.9485000000000002 0.9189999999999996 0.6108333333333333 0.6529999999999998 0.6089999999999999 0.6008333333333333 0.809166666666667 0.0 0.4179999999999999 0.6015 0.9179999999999996 0.9414999999999998 0.8019999999999999 0.8433333333333336 0.0 0.10016666666666668 0.019666666666666673 0.3775 0.022833333333333337 0.2541666666666666 0.1721666666666667 0.5098333333333332 0.0 0.003 0.0005 0.0 0.22449999999999992 0.029166666666666674 
0.0013333333333333333 0.003 1.0 0.5333333333333335 0.9725000000000003 0.9068333333333334 0.354 0.34166666666666673 0.17000000000000004 0.11766666666666664 0.0075 0.004333333333333333 0.006166666666666667 0.005833333333333333 0.5956666666666668 0.44350000000000006 0.0 0.0 0.0015 0.26850000000000007 0.6421666666666666 0.6423333333333332 0.6495000000000001 0.49383333333333324 0.9628333333333337 0.885166666666667 0.9548333333333335 0.9256666666666666 0.12033333333333329 0.005333333333333333 0.8826666666666668 0.8498333333333333 0.0008333333333333334 0.0013333333333333333 0.355 0.3536666666666666 0.6435 0.6413333333333333 0.6428333333333334 0.6428333333333331 0.6424999999999998 0.6433333333333331 0.6428333333333331 0.6438333333333333 0.7228333333333333 0.8373333333333335 0.6443333333333332 0.6435 0.2838333333333332 0.33516666666666667 0.5988333333333334 0.9655000000000001 0.21816666666666668 0.4335000000000001 0.6424999999999998 0.6419999999999999 0.0003333333333333333 0.002833333333333333 0.05316666666666667 0.06683333333333336 0.0025 0.0 0.0 0.0 0.3543333333333333 0.3368333333333333 0.3543333333333333 0.35816666666666663 0.19149999999999998 0.6419999999999999 0.23066666666666666 0.3526666666666667 0.0831666666666667 0.0015000000000000002 0.19883333333333333 0.14716666666666667 0.6416666666666666 0.5426666666666666 0.6425 0.49249999999999994 0.6409999999999999 0.5851666666666667 0.6201666666666666 0.31133333333333335 0.6626666666666666 0.8676666666666667 0.643 0.6431666666666667 0.6803333333333336 0.6438333333333333 
0.43633333333333335 0.43800000000000006 0.5333333333333335 1.0 0.5368333333333335 0.44966666666666666 0.8156666666666668 0.7908333333333333 0.6028333333333333 0.46066666666666656 0.4423333333333334 0.43933333333333335 0.44100000000000006 0.4406666666666667 0.2255 0.18183333333333337 0.43483333333333335 0.435 0.43633333333333335 0.7045 0.18133333333333337 0.18150000000000002 0.7543333333333334 0.767 0.5078333333333334 0.5376666666666667 0.49283333333333346 0.46300000000000013 0.3838333333333333 0.43900000000000006 0.5396666666666667 0.5523333333333335 0.436 0.43633333333333335 0.8170000000000002 0.8146666666666667 0.18150000000000005 0.1805 0.18133333333333337 0.18150000000000002 0.18083333333333335 0.18150000000000005 0.1811666666666667 0.18150000000000005 0.44116666666666654 0.5243333333333334 0.18233333333333335 0.18150000000000005 0.14883333333333337 0.7784999999999997 0.2036666666666666 0.5036666666666666 0.11583333333333332 0.020499999999999994 0.18100000000000005 0.1811666666666667 0.4356666666666667 0.43833333333333335 0.4883333333333333 0.5026666666666667 0.43800000000000006 0.4355 0.43583333333333335 0.4353333333333333 0.8158333333333333 0.7815000000000002 0.8161666666666667 0.8215 0.6275000000000001 0.1811666666666667 0.5899999999999997 0.7999999999999997 0.5181666666666666 0.43650000000000005 0.635 0.4996666666666667 0.1806666666666667 0.281 0.18050000000000005 0.11433333333333336 0.18 0.1765 0.16866666666666671 0.34466666666666657 0.20149999999999998 0.406 0.18133333333333337 0.18200000000000002 0.25666666666666665 0.18250000000000008 
0.0013333333333333333 0.003 0.9725000000000003 0.5368333333333335 1.0 0.8953333333333333 0.35649999999999993 0.34349999999999986 0.17000000000000004 0.11849999999999998 0.0075 0.004333333333333333 0.006166666666666667 0.005833333333333333 0.5835000000000002 0.43599999999999994 0.0 0.0 0.0015 0.26850000000000007 0.6270000000000003 0.6265000000000002 0.6636666666666667 0.5056666666666666 0.9580000000000003 0.8983333333333333 0.9390000000000004 0.9101666666666667 0.11666666666666664 0.0055 0.8904999999999997 0.8643333333333334 0.0008333333333333334 0.0013333333333333333 0.3573333333333333 0.3561666666666666 0.6273333333333336 0.6255000000000003 0.6266666666666669 0.6270000000000003 0.6270000000000003 0.6275000000000003 0.6270000000000003 0.6283333333333336 0.7285000000000003 0.8415 0.628166666666667 0.627666666666667 0.2761666666666666 0.33599999999999997 0.588 0.9500000000000004 0.22816666666666666 0.4195000000000001 0.6266666666666669 0.626166666666667 0.0003333333333333333 0.002833333333333333 0.05316666666666667 0.06683333333333336 0.0025 0.0 0.0 0.0 0.3568333333333332 0.3398333333333332 0.3564999999999998 0.36033333333333323 0.19149999999999998 0.626166666666667 0.2281666666666667 0.3566666666666666 0.0831666666666667 0.0015000000000000002 0.19883333333333333 0.14700000000000002 0.6258333333333336 0.527 0.6270000000000002 0.48783333333333323 0.6255000000000003 0.5804999999999998 0.6068333333333334 0.31533333333333335 0.6475000000000002 0.8531666666666666 0.627166666666667 0.6273333333333337 0.6678333333333336 0.6280000000000002 
0.002 0.0036666666666666666 0.9068333333333334 0.44966666666666666 0.8953333333333333 1.0 0.2688333333333333 0.26283333333333336 0.17066666666666674 0.11816666666666664 0.008166666666666666 0.005 0.006833333333333334 0.006499999999999999 0.6776666666666666 0.44550000000000006 0.0006666666666666666 0.0006666666666666666 0.0026666666666666666 0.2439999999999999 0.7253333333333333 0.7254999999999999 0.567 0.4113333333333333 0.9286666666666666 0.8236666666666669 0.9483333333333331 0.9725000000000003 0.1213333333333333 0.006333333333333333 0.8175000000000001 0.7850000000000001 0.0015000000000000002 0.002 0.2693333333333333 0.2688333333333333 0.7263333333333333 0.7248333333333333 0.726 0.726 0.726 0.7261666666666666 0.7263333333333333 0.7273333333333334 0.6333333333333333 0.7525 0.7261666666666667 0.7263333333333333 0.28016666666666656 0.2668333333333333 0.5269999999999999 0.937 0.24450000000000002 0.4508333333333332 0.726 0.7254999999999999 0.001 0.0034999999999999996 0.05383333333333333 0.06750000000000002 0.0031666666666666666 0.0006666666666666666 0.0006666666666666666 0.0006666666666666666 0.269 0.266 0.26966666666666667 0.27299999999999996 0.17283333333333328 0.7251666666666665 0.318 0.2685 0.08383333333333337 0.0021666666666666666 0.19200000000000003 0.1476666666666667 0.7248333333333333 0.6261666666666665 0.726 0.4871666666666667 0.7244999999999999 0.5921666666666666 0.6593333333333332 0.32133333333333325 0.7418333333333332 0.9374999999999999 0.7261666666666666 0.7263333333333333 0.6221666666666666 0.7273333333333334 
0.6081666666666667 0.6103333333333335 0.354 0.8156666666666668 0.35649999999999993 0.2688333333333333 1.0 0.9660000000000005 0.7739999999999999 0.48016666666666663 0.6141666666666666 0.6110000000000001 0.6126666666666669 0.6121666666666667 0.045166666666666674 0.13583333333333333 0.606 0.6061666666666666 0.6078333333333333 0.8756666666666668 0.0006666666666666666 0.0006666666666666666 0.5974999999999998 0.7698333333333331 0.3276666666666666 0.35850000000000004 0.3118333333333334 0.2828333333333333 0.48316666666666674 0.5905000000000001 0.3591666666666667 0.37233333333333335 0.6071666666666669 0.6073333333333334 0.9940000000000002 0.9926666666666669 0.0006666666666666666 0.0003333333333333333 0.0006666666666666666 0.0008333333333333333 0.0005 0.0008333333333333333 0.0005 0.0006666666666666666 0.5836666666666669 0.4784999999999999 0.0011666666666666668 0.0006666666666666666 0.3211666666666666 0.9523333333333334 0.3256666666666667 0.3238333333333333 0.28900000000000003 0.17400000000000002 0.0003333333333333333 0.0003333333333333333 0.6071666666666665 0.6101666666666667 0.6603333333333335 0.6746666666666666 0.6098333333333334 0.6075 0.6080000000000001 0.6068333333333333 0.9940000000000002 0.9545000000000001 0.9943333333333336 0.9880000000000002 0.7995000000000002 0.0006666666666666666 0.4161666666666667 0.9523333333333339 0.6895000000000002 0.6078333333333333 0.8070000000000002 0.5811666666666666 0.0005 0.1005 0.0003333333333333333 0.10216666666666667 0.0003333333333333333 0.02283333333333333 0.004 0.28016666666666656 0.020500000000000008 0.22516666666666674 0.0005 0.0008333333333333334 0.3900000000000001 0.0016666666666666666 
0.6415000000000001 0.6426666666666668 0.34166666666666673 0.7908333333333333 0.34349999999999986 0.26283333333333336 0.9660000000000005 1.0 0.7986666666666667 0.5096666666666667 0.6471666666666667 0.6443333333333334 0.6459999999999999 0.6451666666666667 0.04500000000000001 0.165 0.6351666666666668 0.6371666666666668 0.6405 0.8946666666666667 0.0 0.00016666666666666666 0.5663333333333334 0.7373333333333332 0.3194999999999999 0.34766666666666657 0.3048333333333334 0.2765 0.5123333333333333 0.62 0.3478333333333333 0.3613333333333334 0.6401666666666668 0.6409999999999999 0.9640000000000005 0.9680000000000004 0.00016666666666666666 0.0 0.00016666666666666666 0.00016666666666666666 0.0 0.0003333333333333333 0.00016666666666666666 0.0003333333333333333 0.5511666666666667 0.4598333333333333 0.0003333333333333333 0.00016666666666666666 0.3513333333333333 0.9660000000000004 0.3116666666666667 0.31566666666666665 0.31283333333333335 0.19666666666666668 0.0 0.0 0.6378333333333335 0.6425 0.6936666666666667 0.7073333333333331 0.6435 0.6405000000000001 0.6383333333333335 0.6360000000000001 0.9663333333333339 0.9735000000000003 0.9625000000000002 0.9563333333333337 0.8181666666666666 0.0003333333333333333 0.4158333333333333 0.9278333333333333 0.7158333333333331 0.6376666666666668 0.8286666666666668 0.6061666666666666 0.0 0.10016666666666668 0.0 0.128 0.0 0.040166666666666656 0.013500000000000003 0.30683333333333346 0.019833333333333338 0.22000000000000003 0.00016666666666666666 0.0003333333333333333 0.4078333333333334 0.004666666666666666 
0.8298333333333338 0.8306666666666672 0.17000000000000004 0.6028333333333333 0.17000000000000004 0.17066666666666674 0.7739999999999999 0.7986666666666667 1.0 0.7029999999999998 0.8358333333333338 0.8326666666666669 0.8343333333333338 0.8345000000000004 0.09666666666666669 0.3595000000000001 0.8276666666666671 0.8265000000000005 0.8196666666666667 0.8929999999999998 0.001 0.001 0.37550000000000006 0.5456666666666665 0.17000000000000004 0.1818333333333334 0.17000000000000004 0.17000000000000004 0.7051666666666666 0.8025000000000001 0.18166666666666673 0.19250000000000006 0.8285000000000003 0.8300000000000003 0.7724999999999999 0.7763333333333334 0.001 0.001 0.001 0.001 0.001 0.001 0.001 0.001 0.361 0.27866666666666673 0.001 0.001 0.5438333333333333 0.8195000000000001 0.243 0.17000000000000004 0.4018333333333334 0.2900000000000001 0.001 0.001 0.8285000000000003 0.8305000000000003 0.8799999999999999 0.8936666666666666 0.830166666666667 0.828166666666667 0.8280000000000004 0.828166666666667 0.7753333333333332 0.8173333333333334 0.7726666666666665 0.7644999999999998 0.8788333333333332 0.001 0.4141666666666666 0.7281666666666665 0.9084999999999996 0.8288333333333339 0.9420000000000001 0.8038333333333331 0.001 0.10116666666666667 0.0013333333333333333 0.312 0.0031666666666666666 0.19416666666666668 0.10983333333333337 0.4531666666666667 0.001 0.16100000000000006 0.001 0.001 0.30316666666666675 0.0021666666666666666 
0.7856666666666666 0.7793333333333332 0.11766666666666664 0.46066666666666656 0.11849999999999998 0.11816666666666664 0.48016666666666663 0.5096666666666667 0.7029999999999998 1.0 0.7771666666666666 0.7798333333333332 0.7781666666666667 0.7779999999999998 0.3721666666666667 0.6443333333333331 0.8649999999999999 0.8551666666666666 0.7679999999999998 0.6021666666666668 0.20499999999999993 0.2051666666666666 0.3096666666666666 0.2903333333333334 0.11749999999999997 0.13 0.1173333333333333 0.11749999999999997 0.9065000000000001 0.8525 0.12966666666666668 0.14083333333333334 0.7918333333333333 0.7951666666666665 0.4788333333333334 0.48283333333333334 0.2051666666666666 0.20499999999999993 0.2051666666666666 0.2051666666666666 0.20499999999999993 0.2051666666666666 0.20499999999999993 0.22016666666666665 0.08583333333333336 0.03899999999999999 0.20499999999999993 0.2051666666666666 0.5423333333333334 0.5266666666666668 0.3371666666666666 0.1173333333333333 0.3906666666666666 0.3641666666666667 0.2051666666666666 0.20499999999999993 0.8198333333333335 0.7799999999999998 0.7640000000000002 0.7645000000000001 0.7794999999999999 0.7946666666666666 0.8241666666666667 0.8541666666666664 0.4818333333333334 0.5241666666666667 0.47900000000000004 0.4711666666666667 0.6725000000000001 0.2051666666666666 0.5605 0.4545 0.7626666666666668 0.8286666666666669 0.6714999999999999 0.8616666666666667 0.2051666666666666 0.30516666666666664 0.22866666666666663 0.4346666666666666 0.23083333333333328 0.46183333333333343 0.37666666666666665 0.7076666666666669 0.20499999999999993 0.11766666666666664 0.20566666666666664 0.2051666666666666 0.26 0.17600000000000002 
0.9886666666666667 0.9913333333333334 0.0075 0.4423333333333334 0.0075 0.008166666666666666 0.6141666666666666 0.6471666666666667 0.8358333333333338 0.7771666666666666 1.0 0.9945000000000002 0.9956666666666668 0.9963333333333334 0.1748333333333333 0.43250000000000005 0.9063333333333331 0.9113333333333334 0.8796666666666667 0.7334999999999999 0.0 0.0 0.21483333333333335 0.3855000000000001 0.0075 0.019500000000000003 0.0075 0.0075 0.7805 0.8649999999999999 0.019333333333333338 0.031166666666666662 0.9795000000000003 0.9790000000000002 0.6129999999999999 0.6166666666666667 0.0 0.0 0.0 0.0 0.0 0.0 0.0 0.011 0.19933333333333342 0.11616666666666667 0.0 0.0 0.6558333333333334 0.66 0.2736666666666666 0.0075 0.4263333333333334 0.30800000000000005 0.0 0.0 0.9518333333333336 0.9910000000000001 0.9515000000000002 0.9378333333333332 0.9923333333333335 0.9785000000000004 0.9453333333333335 0.9158333333333328 0.6156666666666665 0.6574999999999999 0.6131666666666664 0.6049999999999999 0.8123333333333335 0.0 0.4179999999999999 0.6053333333333335 0.921833333333333 0.9386666666666666 0.8055000000000001 0.8415000000000004 0.0 0.10016666666666668 0.018000000000000002 0.37599999999999995 0.02116666666666667 0.25149999999999995 0.16950000000000004 0.5078333333333334 0.0 0.0068333333333333345 0.0005 0.0 0.22249999999999992 0.02900000000000001 
0.9921666666666666 0.9945000000000002 0.004333333333333333 0.43933333333333335 0.004333333333333333 0.005 0.6110000000000001 0.6443333333333334 0.8326666666666669 0.7798333333333332 0.9945000000000002 1.0 0.9965 0.9960000000000001 0.17733333333333332 0.4348333333333334 0.9086666666666665 0.9143333333333332 0.8815000000000001 0.7316666666666666 0.0 0.0 0.21200000000000002 0.38250000000000006 0.004333333333333333 0.01633333333333333 0.004333333333333333 0.004333333333333333 0.7829999999999999 0.8675 0.01616666666666667 0.027999999999999997 0.9843333333333334 0.9821666666666666 0.6094999999999999 0.6133333333333336 0.0 0.0 0.0 0.0 0.0 0.0 0.0 0.011166666666666667 0.19600000000000006 0.11316666666666665 0.0 0.0 0.6586666666666667 0.6568333333333334 0.27383333333333326 0.004333333333333333 0.42716666666666675 0.3091666666666667 0.0 0.0 0.954666666666667 0.9941666666666668 0.9491666666666667 0.9354999999999997 0.9963333333333334 0.9818333333333337 0.9488333333333335 0.9186666666666663 0.6123333333333333 0.6543333333333332 0.6096666666666666 0.6015 0.8105000000000002 0.0 0.4179999999999999 0.6021666666666667 0.9191666666666661 0.9418333333333331 0.8029999999999999 0.8428333333333335 0.0 0.10016666666666668 0.019500000000000003 0.37766666666666665 0.022666666666666672 0.25449999999999995 0.17200000000000004 0.5108333333333333 0.0 0.003833333333333333 0.0005 0.0 0.22333333333333327 0.029166666666666674 
0.9896666666666668 0.9933333333333333 0.006166666666666667 0.44100000000000006 0.006166666666666667 0.006833333333333334 0.6126666666666669 0.6459999999999999 0.8343333333333338 0.7781666666666667 0.9956666666666668 0.9965 1.0 0.9966666666666667 0.17566666666666664 0.4336666666666668 0.9068333333333333 0.9124999999999999 0.8806666666666666 0.7333333333333333 0.0 0.0 0.21366666666666667 0.38416666666666677 0.006166666666666667 0.018166666666666668 0.006166666666666667 0.006166666666666667 0.7818333333333333 0.8660000000000001 0.018000000000000006 0.029833333333333326 0.9821666666666669 0.9796666666666668 0.6111666666666667 0.6150000000000003 0.0 0.0 0.0 0.0 0.0 0.0 0.0 0.011 0.19766666666666674 0.11483333333333333 0.0 0.0 0.6568333333333333 0.6585 0.27333333333333326 0.006166666666666667 0.4263333333333334 0.309 0.0 0.0 0.9528333333333336 0.9926666666666667 0.9506666666666669 0.9373333333333332 0.9945 0.9800000000000003 0.9466666666666669 0.9168333333333331 0.6140000000000001 0.6563333333333331 0.6113333333333333 0.6031666666666667 0.8118333333333336 0.0 0.4179999999999999 0.6038333333333334 0.9209999999999997 0.9403333333333331 0.805 0.8423333333333336 0.0 0.10016666666666668 0.01866666666666667 0.3761666666666666 0.02183333333333334 0.2526666666666666 0.1701666666666667 0.509 0.0 0.005666666666666666 0.0005 0.0 0.2231666666666666 0.028833333333333343 
0.9900000000000001 0.9931666666666668 0.005833333333333333 0.4406666666666667 0.005833333333333333 0.006499999999999999 0.6121666666666667 0.6451666666666667 0.8345000000000004 0.7779999999999998 0.9963333333333334 0.9960000000000001 0.9966666666666667 1.0 0.1753333333333333 0.4331666666666667 0.9061666666666665 0.9118333333333333 0.8811666666666667 0.7324999999999998 0.0 0.0 0.21333333333333335 0.38366666666666677 0.005833333333333333 0.017833333333333333 0.005833333333333333 0.005833333333333333 0.7809999999999999 0.8658333333333332 0.01766666666666667 0.0295 0.9821666666666666 0.9800000000000001 0.6106666666666666 0.6145000000000003 0.0 0.0 0.0 0.0 0.0 0.0 0.0 0.010666666666666666 0.1971666666666667 0.11449999999999999 0.0 0.0 0.6565000000000001 0.6579999999999999 0.2726666666666666 0.005833333333333333 0.4260000000000001 0.3083333333333334 0.0 0.0 0.9525000000000002 0.9928333333333333 0.9500000000000002 0.9363333333333332 0.9946666666666667 0.9796666666666668 0.9463333333333337 0.9166666666666662 0.6134999999999999 0.6554999999999999 0.6108333333333332 0.6026666666666666 0.8116666666666669 0.0 0.4179999999999999 0.6033333333333335 0.9206666666666662 0.9393333333333332 0.8041666666666667 0.8411666666666668 0.0 0.10016666666666668 0.018000000000000006 0.37566666666666665 0.021166666666666677 0.2524999999999999 0.1698333333333334 0.5086666666666666 0.0 0.005166666666666666 0.0005 0.0 0.22316666666666662 0.02900000000000001 
0.1831666666666667 0.17799999999999996 0.5956666666666668 0.2255 0.5835000000000002 0.6776666666666666 0.045166666666666674 0.04500000000000001 0.09666666666666669 0.3721666666666667 0.1748333333333333 0.17733333333333332 0.17566666666666664 0.1753333333333333 1.0 0.6171666666666664 0.25783333333333336 0.24066666666666667 0.15549999999999997 0.048833333333333326 0.8150000000000003 0.8143333333333335 0.2811666666666667 0.14799999999999996 0.6175 0.5186666666666665 0.6405000000000001 0.6686666666666667 0.3568333333333332 0.2401666666666667 0.5123333333333333 0.4841666666666665 0.18916666666666665 0.19150000000000003 0.045500000000000006 0.045500000000000006 0.8136666666666669 0.8150000000000003 0.8143333333333335 0.8141666666666668 0.8141666666666668 0.8138333333333335 0.8143333333333335 0.8283333333333333 0.3336666666666666 0.45300000000000007 0.812666666666667 0.8135000000000002 0.4996666666666667 0.04633333333333334 0.5741666666666666 0.6293333333333333 0.3795000000000001 0.5401666666666667 0.8143333333333335 0.8143333333333335 0.21633333333333338 0.17883333333333332 0.16183333333333338 0.16233333333333333 0.17783333333333332 0.1925 0.22183333333333333 0.25066666666666665 0.045333333333333344 0.045333333333333344 0.04583333333333334 0.048999999999999995 0.11166666666666664 0.8143333333333335 0.4891666666666668 0.06100000000000001 0.15933333333333333 0.22616666666666677 0.08716666666666667 0.26650000000000007 0.8145000000000002 0.7368333333333333 0.8376666666666667 0.645333333333333 0.8408333333333334 0.7541666666666668 0.8176666666666668 0.5316666666666666 0.7943333333333336 0.6940000000000001 0.8143333333333335 0.8135000000000002 0.43633333333333324 0.785 
0.44116666666666676 0.43500000000000016 0.44350000000000006 0.18183333333333337 0.43599999999999994 0.44550000000000006 0.13583333333333333 0.165 0.3595000000000001 0.6443333333333331 0.43250000000000005 0.4348333333333334 0.4336666666666668 0.4331666666666667 0.6171666666666664 1.0 0.5198333333333334 0.5085000000000001 0.42116666666666674 0.257 0.5293333333333332 0.5289999999999998 0.26283333333333336 0.14049999999999996 0.4393333333333333 0.42283333333333323 0.4421666666666667 0.4421666666666667 0.6455 0.5148333333333331 0.41283333333333344 0.39550000000000013 0.44733333333333325 0.4506666666666666 0.1346666666666667 0.13833333333333336 0.5295 0.5289999999999999 0.5289999999999999 0.5291666666666666 0.5291666666666666 0.5289999999999999 0.5291666666666666 0.5445 0.31016666666666665 0.3071666666666667 0.5291666666666666 0.5288333333333333 0.6041666666666667 0.18183333333333337 0.5991666666666666 0.44233333333333336 0.5018333333333334 0.6218333333333333 0.5286666666666665 0.5289999999999999 0.4761666666666667 0.43566666666666687 0.4191666666666667 0.4191666666666668 0.43500000000000016 0.4501666666666667 0.48033333333333333 0.5106666666666668 0.13733333333333336 0.1795 0.13416666666666666 0.12766666666666668 0.32733333333333337 0.5286666666666665 0.28500000000000003 0.1338333333333333 0.41766666666666674 0.48616666666666675 0.3265 0.5278333333333335 0.5288333333333333 0.4556666666666666 0.5531666666666667 0.7329999999999999 0.5553333333333331 0.7585 0.7024999999999999 0.7183333333333332 0.5293333333333333 0.44333333333333336 0.5296666666666666 0.5293333333333332 0.5165 0.5003333333333333 
0.9149999999999997 0.9088333333333332 0.0 0.43483333333333335 0.0 0.0006666666666666666 0.606 0.6351666666666668 0.8276666666666671 0.8649999999999999 0.9063333333333331 0.9086666666666665 0.9068333333333333 0.9061666666666665 0.25783333333333336 0.5198333333333334 1.0 0.9763333333333334 0.8881666666666667 0.7263333333333333 0.08333333333333334 0.08333333333333334 0.2071666666666667 0.3776666666666668 0.0 0.012000000000000002 0.0 0.0 0.8678333333333335 0.9533333333333331 0.011833333333333336 0.023666666666666662 0.9206666666666667 0.924 0.6044999999999998 0.6086666666666667 0.08333333333333334 0.08333333333333334 0.08333333333333334 0.08333333333333334 0.08333333333333334 0.08333333333333334 0.08333333333333334 0.09899999999999999 0.1913333333333334 0.10866666666666668 0.08333333333333334 0.08333333333333334 0.6726666666666667 0.6521666666666667 0.3521666666666667 0.0 0.5108333333333333 0.3928333333333333 0.08333333333333334 0.08333333333333334 0.9493333333333334 0.9096666666666665 0.8928333333333334 0.8931666666666663 0.9091666666666665 0.9245000000000002 0.9543333333333337 0.983666666666667 0.6073333333333332 0.6493333333333332 0.6049999999999998 0.5968333333333331 0.7995 0.08333333333333334 0.4973333333333333 0.5786666666666666 0.8908333333333331 0.9600000000000002 0.7980000000000002 0.8271666666666665 0.08333333333333334 0.18349999999999997 0.10766666666666662 0.4633333333333334 0.10949999999999996 0.3398333333333333 0.2576666666666667 0.5970000000000002 0.08333333333333334 0.0003333333333333333 0.08383333333333334 0.08333333333333334 0.25466666666666665 0.05466666666666668 
0.9208333333333333 0.9136666666666666 0.0 0.435 0.0 0.0006666666666666666 0.6061666666666666 0.6371666666666668 0.8265000000000005 0.8551666666666666 0.9113333333333334 0.9143333333333332 0.9124999999999999 0.9118333333333333 0.24066666666666667 0.5085000000000001 0.9763333333333334 1.0 0.9003333333333332 0.7275 0.07600000000000001 0.07600000000000001 0.2075 0.3780000000000001 0.0 0.012000000000000002 0.0 0.0 0.8533333333333334 0.945 0.011833333333333336 0.023666666666666662 0.9271666666666667 0.9305000000000001 0.6043333333333332 0.6086666666666668 0.07600000000000001 0.07600000000000001 0.07600000000000001 0.07600000000000001 0.07600000000000001 0.07600000000000001 0.07600000000000001 0.09066666666666666 0.1913333333333334 0.1085 0.07600000000000001 0.07600000000000001 0.6753333333333333 0.6523333333333333 0.3385000000000001 0.0 0.5038333333333331 0.3863333333333334 0.07600000000000001 0.07600000000000001 0.9570000000000002 0.9151666666666665 0.897 0.8953333333333333 0.915 0.9263333333333335 0.9611666666666668 0.9656666666666667 0.6073333333333332 0.6491666666666666 0.6048333333333331 0.5968333333333332 0.7973333333333334 0.07600000000000001 0.4899999999999999 0.585 0.8864999999999997 0.959 0.7971666666666667 0.8218333333333332 0.07600000000000001 0.17616666666666667 0.09933333333333333 0.45399999999999996 0.10183333333333333 0.33166666666666667 0.24749999999999997 0.5878333333333334 0.07600000000000001 0.0008333333333333333 0.0765 0.07600000000000001 0.25800000000000006 0.06933333333333333 
0.8821666666666667 0.8815 0.0015 0.43633333333333335 0.0015 0.0026666666666666666 0.6078333333333333 0.6405 0.8196666666666667 0.7679999999999998 0.8796666666666667 0.8815000000000001 0.8806666666666666 0.8811666666666667 0.15549999999999997 0.42116666666666674 0.8881666666666667 0.9003333333333332 1.0 0.7291666666666665 0.11616666666666665 0.11599999999999998 0.20900000000000002 0.37933333333333347 0.0015 0.013500000000000002 0.0018333333333333335 0.0018333333333333335 0.7681666666666667 0.873333333333333 0.013333333333333334 0.02516666666666666 0.8778333333333331 0.8784999999999998 0.6056666666666666 0.6101666666666669 0.11599999999999998 0.11616666666666665 0.11616666666666665 0.11616666666666665 0.11633333333333332 0.11616666666666665 0.11599999999999998 0.10283333333333333 0.19283333333333338 0.10999999999999999 0.11616666666666665 0.11599999999999998 0.5905000000000001 0.6536666666666666 0.26766666666666655 0.0015 0.5105 0.3970000000000001 0.11633333333333332 0.11616666666666665 0.8758333333333332 0.8813333333333333 0.8628333333333336 0.855666666666667 0.8811666666666667 0.8766666666666666 0.8756666666666666 0.8811666666666667 0.6084999999999998 0.6501666666666667 0.6064999999999998 0.5983333333333333 0.7759999999999998 0.11616666666666665 0.5298333333333334 0.5983333333333334 0.844666666666667 0.8738333333333334 0.7904999999999999 0.7621666666666664 0.11599999999999998 0.21616666666666667 0.10133333333333333 0.3788333333333334 0.10816666666666666 0.2673333333333333 0.1821666666666667 0.5311666666666667 0.11616666666666665 0.009000000000000001 0.11566666666666664 0.11599999999999998 0.30466666666666664 0.13483333333333336 
0.7281666666666666 0.73 0.26850000000000007 0.7045 0.26850000000000007 0.2439999999999999 0.8756666666666668 0.8946666666666667 0.8929999999999998 0.6021666666666668 0.7334999999999999 0.7316666666666666 0.7333333333333333 0.7324999999999998 0.048833333333333326 0.257 0.7263333333333333 0.7275 0.7291666666666665 1.0 0.0008333333333333333 0.0008333333333333333 0.47716666666666663 0.6473333333333333 0.26833333333333337 0.2805 0.26583333333333337 0.2515 0.6045 0.7120000000000001 0.2803333333333334 0.2921666666666668 0.7284999999999999 0.7283333333333333 0.8735 0.8781666666666671 0.0008333333333333333 0.0008333333333333333 0.0008333333333333333 0.0008333333333333333 0.0008333333333333333 0.0008333333333333333 0.0008333333333333333 0.0008333333333333333 0.4608333333333332 0.3770000000000001 0.0008333333333333333 0.0008333333333333333 0.4408333333333333 0.9205 0.22066666666666668 0.2681666666666667 0.38983333333333337 0.2773333333333334 0.0008333333333333333 0.0008333333333333333 0.7271666666666667 0.7298333333333332 0.7803333333333333 0.7950000000000002 0.7301666666666666 0.7271666666666665 0.7269999999999999 0.7271666666666665 0.8765000000000001 0.9089999999999998 0.8743333333333335 0.8663333333333334 0.9158333333333333 0.0008333333333333333 0.4163333333333333 0.8303333333333336 0.8098333333333332 0.7291666666666665 0.925 0.7021666666666668 0.0008333333333333333 0.10100000000000002 0.0008333333333333333 0.2136666666666666 0.0015 0.12099999999999998 0.06933333333333333 0.39516666666666667 0.004666666666666666 0.2031666666666667 0.0008333333333333333 0.0008333333333333333 0.4 0.002 
0.002833333333333333 0.0 0.6421666666666666 0.18133333333333337 0.6270000000000003 0.7253333333333333 0.0006666666666666666 0.0 0.001 0.20499999999999993 0.0 0.0 0.0 0.0 0.8150000000000003 0.5293333333333332 0.08333333333333334 0.07600000000000001 0.11616666666666665 0.0008333333333333333 1.0 0.9983333333333334 0.2931666666666666 0.1376666666666667 0.6633333333333334 0.5499999999999998 0.687 0.7158333333333333 0.2076666666666666 0.11549999999999999 0.5441666666666666 0.5113333333333332 0.008333333333333335 0.010000000000000002 0.0011666666666666668 0.0006666666666666666 0.9981666666666668 0.9985 0.9986666666666667 0.9986666666666667 0.9981666666666668 0.9985 0.9981666666666668 0.9816666666666669 0.36699999999999994 0.4866666666666667 0.9975000000000002 0.9978333333333335 0.33199999999999996 0.0003333333333333333 0.5361666666666668 0.6756666666666667 0.46199999999999997 0.6813333333333332 0.9981666666666668 0.9985 0.035500000000000004 0.0 0.0 0.0 0.0 0.012500000000000002 0.04216666666666666 0.0741666666666667 0.0008333333333333333 0.00016666666666666666 0.0013333333333333333 0.0045 0.0 0.9981666666666668 0.5805 0.016833333333333336 0.0 0.04633333333333333 0.0 0.0891666666666667 0.9983333333333334 0.8981666666666669 0.973 0.5930000000000001 0.9713333333333333 0.7265000000000001 0.8208333333333333 0.4683333333333335 0.9788333333333338 0.7728333333333333 0.9973333333333335 0.9978333333333335 0.5416666666666667 0.9695000000000005 
0.002833333333333333 0.0 0.6423333333333332 0.18150000000000002 0.6265000000000002 0.7254999999999999 0.0006666666666666666 0.00016666666666666666 0.001 0.2051666666666666 0.0 0.0 0.0 0.0 0.8143333333333335 0.5289999999999998 0.08333333333333334 0.07600000000000001 0.11599999999999998 0.0008333333333333333 0.9983333333333334 1.0 0.2931666666666666 0.1376666666666667 0.6635000000000001 0.5501666666666665 0.6868333333333334 0.7159999999999997 0.2078333333333333 0.11549999999999999 0.5439999999999999 0.5108333333333333 0.008333333333333335 0.010000000000000002 0.0011666666666666668 0.0008333333333333334 0.9988333333333334 0.9981666666666668 0.9990000000000001 0.9993333333333334 0.9978333333333335 0.9985 0.9988333333333334 0.9821666666666669 0.3668333333333333 0.4866666666666667 0.9971666666666669 0.9988333333333334 0.3318333333333333 0.0003333333333333333 0.5356666666666667 0.6751666666666668 0.4619999999999999 0.6813333333333332 0.9985 0.9988333333333334 0.035500000000000004 0.0 0.0 0.0 0.0 0.012500000000000002 0.04216666666666666 0.0741666666666667 0.0008333333333333333 0.0003333333333333333 0.0016666666666666666 0.004833333333333334 0.0 0.9981666666666668 0.5808333333333333 0.017166666666666667 0.0 0.04633333333333333 0.0 0.08933333333333335 0.9980000000000001 0.8980000000000002 0.9725 0.5926666666666667 0.9711666666666666 0.7256666666666669 0.8206666666666667 0.4686666666666668 0.9781666666666672 0.7726666666666665 0.9983333333333334 0.9988333333333334 0.5420000000000001 0.9691666666666672 
0.20883333333333337 0.21066666666666667 0.6495000000000001 0.7543333333333334 0.6636666666666667 0.567 0.5974999999999998 0.5663333333333334 0.37550000000000006 0.3096666666666666 0.21483333333333335 0.21200000000000002 0.21366666666666667 0.21333333333333335 0.2811666666666667 0.26283333333333336 0.2071666666666667 0.2075 0.20900000000000002 0.47716666666666663 0.2931666666666666 0.2931666666666666 1.0 0.8175000000000003 0.6291666666666668 0.7273333333333334 0.6054999999999999 0.5761666666666668 0.29333333333333345 0.21116666666666667 0.7401666666666665 0.7603333333333334 0.20866666666666667 0.20866666666666667 0.5986666666666667 0.5953333333333333 0.29366666666666663 0.292 0.2929999999999999 0.29333333333333333 0.2931666666666666 0.2935 0.2934999999999999 0.29466666666666663 0.5461666666666666 0.6068333333333334 0.295 0.294 0.05766666666666666 0.5531666666666667 0.3238333333333334 0.6171666666666665 0.17766666666666667 0.139 0.2929999999999999 0.293 0.20816666666666667 0.21083333333333334 0.26116666666666677 0.2753333333333334 0.21066666666666667 0.20816666666666667 0.20866666666666667 0.20783333333333331 0.5968333333333331 0.5556666666666668 0.5989999999999999 0.6043333333333333 0.40016666666666656 0.2921666666666666 0.38866666666666666 0.5955 0.29033333333333333 0.209 0.40766666666666684 0.3403333333333334 0.2918333333333333 0.3345 0.29316666666666663 0.22616666666666663 0.29166666666666663 0.3055 0.2883333333333333 0.21783333333333327 0.31433333333333335 0.5196666666666665 0.2938333333333333 0.29399999999999993 0.38049999999999995 0.2943333333333333 
0.3798333333333334 0.38166666666666677 0.49383333333333324 0.767 0.5056666666666666 0.4113333333333333 0.7698333333333331 0.7373333333333332 0.5456666666666665 0.2903333333333334 0.3855000000000001 0.38250000000000006 0.38416666666666677 0.38366666666666677 0.14799999999999996 0.14049999999999996 0.3776666666666668 0.3780000000000001 0.37933333333333347 0.6473333333333333 0.1376666666666667 0.1376666666666667 0.8175000000000003 1.0 0.47350000000000003 0.5601666666666669 0.44983333333333325 0.4204999999999999 0.2971666666666667 0.3770000000000001 0.5731666666666668 0.5905000000000001 0.37866666666666676 0.37900000000000006 0.7705000000000001 0.7676666666666666 0.138 0.13649999999999998 0.13733333333333336 0.13783333333333334 0.1376666666666667 0.13783333333333334 0.13783333333333336 0.13899999999999998 0.6168333333333332 0.636 0.13933333333333336 0.13849999999999998 0.1885 0.7243333333333333 0.3 0.4616666666666667 0.2901666666666667 0.13766666666666671 0.13733333333333334 0.1375 0.37883333333333347 0.3816666666666667 0.4321666666666667 0.4463333333333333 0.38150000000000006 0.37900000000000006 0.3795 0.37866666666666676 0.7678333333333334 0.7264999999999998 0.7706666666666666 0.7771666666666667 0.5710000000000001 0.1366666666666667 0.36766666666666664 0.7659999999999999 0.46099999999999997 0.37933333333333347 0.5786666666666668 0.3583333333333332 0.13633333333333333 0.19566666666666674 0.1375 0.2285 0.136 0.16333333333333333 0.139 0.1641666666666667 0.15866666666666662 0.364 0.13816666666666666 0.1385 0.34866666666666674 0.13883333333333334 
0.0013333333333333333 0.003 0.9628333333333337 0.5078333333333334 0.9580000000000003 0.9286666666666666 0.3276666666666666 0.3194999999999999 0.17000000000000004 0.11749999999999997 0.0075 0.004333333333333333 0.006166666666666667 0.005833333333333333 0.6175 0.4393333333333333 0.0 0.0 0.0015 0.26833333333333337 0.6633333333333334 0.6635000000000001 0.6291666666666668 0.47350000000000003 1.0 0.884 0.9720000000000004 0.9458333333333335 0.11883333333333329 0.0055 0.8785000000000001 0.8456666666666668 0.0008333333333333334 0.0013333333333333333 0.32816666666666655 0.3276666666666666 0.664 0.6621666666666668 0.6633333333333334 0.6636666666666667 0.6633333333333333 0.6638333333333334 0.6636666666666667 0.6643333333333333 0.7008333333333334 0.8193333333333329 0.6645000000000002 0.6643333333333333 0.28033333333333327 0.3229999999999999 0.568 0.9830000000000004 0.2236666666666666 0.42716666666666675 0.6633333333333334 0.6631666666666668 0.0003333333333333333 0.002833333333333333 0.05316666666666667 0.06683333333333336 0.0025 0.0 0.0 0.0 0.32783333333333325 0.32049999999999995 0.32866666666666655 0.3318333333333332 0.19133333333333333 0.6625000000000001 0.25750000000000006 0.32650000000000007 0.0831666666666667 0.0015000000000000002 0.19883333333333333 0.14700000000000002 0.6621666666666668 0.5633333333333335 0.6629999999999999 0.4906666666666665 0.6618333333333335 0.5893333333333334 0.6263333333333333 0.3145 0.6838333333333334 0.8884999999999998 0.6641666666666669 0.6643333333333333 0.6686666666666669 0.6646666666666668 
