1.0 0.997 0.32733333333333337 0.6534999999999997 0.13916666666666663 0.08333333333333334 0.3311666666666667 0.7401666666666666 0.41683333333333344 0.1843333333333333 0.970666666666667 0.9975 0.8888333333333334 0.9985 0.2681666666666667 0.36900000000000005 0.9963333333333334 0.9736666666666669 0.9966666666666667 0.9970000000000002 0.7021666666666667 0.8458333333333337 0.22583333333333333 0.1075 0.018500000000000003 0.0003333333333333333 0.0003333333333333333 0.006833333333333334 0.9961666666666668 0.5151666666666667 0.5233333333333333 0.3125 0.5973333333333333 0.9973333333333335 0.9490000000000001 0.9971666666666666 0.0 0.0015 0.0 0.0 0.0 0.0 0.0 0.0 0.34450000000000003 0.49050000000000005 0.0 0.0 0.038000000000000006 0.5578333333333333 0.012333333333333333 0.5773333333333333 0.0 0.016166666666666666 0.0 0.0 0.9970000000000002 0.9980000000000001 0.7368333333333332 0.997 0.9966666666666667 0.9970000000000002 0.9965000000000002 0.9973333333333335 0.9946666666666668 0.9978333333333335 0.9540000000000002 0.8418333333333332 0.9980000000000001 0.9971666666666666 0.0008333333333333333 0.4366666666666665 0.9966666666666667 0.9173333333333329 0.9946666666666668 0.9019999999999996 0.001 0.22266666666666668 0.022333333333333337 0.0 0.0 0.0 0.0 0.0 0.0 0.0 0.0 0.0 0.0 0.029833333333333344 
0.997 1.0 0.3253333333333333 0.651833333333333 0.1378333333333333 0.08266666666666668 0.3296666666666666 0.7391666666666665 0.4153333333333334 0.1838333333333333 0.9693333333333338 0.9978333333333335 0.8875000000000002 0.9968333333333333 0.2681666666666667 0.37000000000000005 0.9966666666666668 0.9753333333333337 0.9973333333333335 0.9970000000000002 0.7015 0.8445000000000001 0.22433333333333338 0.10666666666666666 0.017666666666666667 0.0 0.0 0.006666666666666666 0.9961666666666668 0.5155 0.5213333333333332 0.311 0.5969999999999999 0.9973333333333335 0.948 0.9971666666666666 0.0 0.0015 0.0 0.0 0.0 0.0 0.0 0.0 0.3428333333333334 0.4888333333333334 0.0 0.0 0.037 0.5573333333333335 0.012000000000000002 0.5753333333333333 0.0 0.015333333333333336 0.0 0.0 0.9973333333333333 0.9973333333333335 0.7361666666666664 0.9960000000000001 0.9963333333333335 0.997 0.9971666666666666 0.9963333333333334 0.9926666666666667 0.9971666666666666 0.9530000000000003 0.8398333333333333 0.9980000000000001 0.9971666666666669 0.0006666666666666666 0.43583333333333324 0.9980000000000001 0.9179999999999996 0.9946666666666668 0.9029999999999996 0.001 0.22300000000000003 0.022500000000000006 0.0 0.0 0.0 0.0 0.0 0.0 0.0 0.0 0.0 0.0 0.029833333333333344 
0.32733333333333337 0.3253333333333333 1.0 0.5958333333333334 0.5088333333333331 0.4558333333333335 0.7793333333333333 0.5336666666666668 0.402 0.1721666666666667 0.3543333333333333 0.326 0.4351666666666666 0.3275 0.17266666666666666 0.10133333333333333 0.32616666666666666 0.32799999999999996 0.32733333333333325 0.32616666666666666 0.36966666666666675 0.4155000000000002 0.8091666666666667 0.6418333333333334 0.4253333333333334 0.2835 0.29883333333333334 0.35 0.32483333333333336 0.10550000000000001 0.7331666666666665 0.4548333333333334 0.29350000000000004 0.3265 0.3764999999999999 0.3276666666666666 0.0705 0.06883333333333333 0.07083333333333335 0.06933333333333333 0.07150000000000001 0.06883333333333333 0.07033333333333334 0.1628333333333333 0.7283333333333336 0.6473333333333335 0.07083333333333335 0.07083333333333333 0.4836666666666669 0.53 0.4241666666666667 0.6061666666666666 0.077 0.2056666666666667 0.07016666666666667 0.07083333333333335 0.3256666666666667 0.3265 0.3018333333333333 0.3281666666666667 0.3266666666666667 0.3268333333333333 0.3268333333333333 0.3263333333333333 0.33100000000000007 0.3263333333333333 0.37083333333333335 0.4818333333333333 0.3263333333333333 0.32666666666666666 0.11249999999999996 0.3881666666666667 0.3251666666666667 0.3241666666666667 0.32583333333333336 0.3231666666666667 0.0775 0.15249999999999997 0.07216666666666666 0.06966666666666665 0.06933333333333333 0.06966666666666665 0.07 0.06933333333333333 0.0725 0.07133333333333333 0.07016666666666667 0.07016666666666667 0.06916666666666665 0.064 
0.6534999999999997 0.651833333333333 0.5958333333333334 1.0 0.4128333333333332 0.37216666666666653 0.5566666666666665 0.7981666666666668 0.39733333333333354 0.18149999999999994 0.6280000000000001 0.6519999999999997 0.5495 0.6536666666666665 0.23633333333333337 0.32766666666666666 0.6514999999999997 0.6288333333333332 0.6521666666666666 0.6521666666666666 0.4138333333333333 0.6008333333333332 0.5635000000000001 0.38933333333333336 0.3271666666666666 0.2133333333333333 0.18700000000000003 0.23550000000000001 0.6509999999999999 0.29966666666666664 0.7550000000000001 0.5246666666666665 0.403 0.6524999999999999 0.7021666666666668 0.6536666666666665 0.0033333333333333335 0.005166666666666666 0.0034999999999999996 0.0034999999999999996 0.003666666666666667 0.0031666666666666666 0.0034999999999999996 0.09383333333333332 0.6803333333333333 0.8110000000000004 0.003666666666666667 0.0034999999999999996 0.36316666666666664 0.7175 0.2701666666666668 0.8569999999999998 0.007499999999999999 0.03666666666666667 0.0033333333333333335 0.003666666666666667 0.6519999999999997 0.6531666666666665 0.42999999999999994 0.6548333333333334 0.6521666666666666 0.6531666666666667 0.6526666666666665 0.6524999999999999 0.6558333333333333 0.6523333333333332 0.6970000000000001 0.7888333333333332 0.6524999999999997 0.6526666666666665 0.028500000000000004 0.4908333333333335 0.6504999999999999 0.6501666666666666 0.6488333333333333 0.6485 0.0045000000000000005 0.1851666666666667 0.02 0.0034999999999999996 0.0033333333333333335 0.0031666666666666666 0.0031666666666666666 0.0031666666666666666 0.004166666666666667 0.003666666666666667 0.0031666666666666666 0.0033333333333333335 0.003666666666666667 0.03266666666666668 
0.13916666666666663 0.1378333333333333 0.5088333333333331 0.4128333333333332 1.0 0.787 0.5814999999999999 0.36516666666666675 0.4143333333333333 0.23133333333333334 0.14016666666666663 0.13849999999999996 0.17383333333333337 0.13916666666666666 0.18533333333333335 0.14866666666666664 0.13899999999999996 0.15333333333333335 0.13916666666666663 0.13883333333333328 0.3428333333333334 0.2038333333333334 0.5415 0.4100000000000001 0.7831666666666667 0.7293333333333335 0.6455000000000001 0.6661666666666668 0.13866666666666663 0.17449999999999996 0.49450000000000005 0.39866666666666667 0.4358333333333335 0.13883333333333328 0.18783333333333338 0.13983333333333328 0.5186666666666667 0.515 0.5184999999999998 0.5176666666666666 0.5206666666666667 0.5178333333333334 0.5193333333333333 0.6108333333333335 0.5501666666666665 0.4671666666666666 0.5198333333333334 0.5203333333333332 0.7596666666666669 0.33666666666666667 0.6941666666666667 0.44749999999999995 0.5126666666666666 0.4066666666666666 0.5181666666666666 0.5188333333333334 0.1383333333333333 0.13883333333333334 0.39800000000000013 0.14016666666666666 0.13899999999999998 0.13916666666666663 0.1393333333333333 0.13916666666666663 0.14049999999999999 0.1388333333333333 0.18099999999999997 0.2681666666666666 0.13899999999999998 0.13949999999999999 0.5186666666666667 0.36916666666666664 0.13799999999999998 0.13749999999999998 0.13849999999999998 0.1375 0.5091666666666665 0.24316666666666673 0.49699999999999994 0.5169999999999999 0.5178333333333334 0.518 0.5188333333333334 0.5176666666666666 0.5211666666666668 0.5195000000000001 0.5186666666666667 0.5188333333333334 0.5175 0.4941666666666667 
0.08333333333333334 0.08266666666666668 0.4558333333333335 0.37216666666666653 0.787 1.0 0.5523333333333333 0.29866666666666664 0.2891666666666667 0.37516666666666665 0.08416666666666668 0.08266666666666668 0.10516666666666664 0.08350000000000002 0.2561666666666667 0.22266666666666668 0.08316666666666667 0.09850000000000002 0.083 0.08283333333333336 0.34099999999999997 0.2111666666666666 0.5348333333333333 0.48583333333333334 0.8676666666666669 0.7331666666666666 0.7561666666666667 0.7935 0.083 0.24966666666666668 0.4083333333333334 0.43133333333333335 0.3506666666666667 0.08283333333333336 0.13233333333333333 0.08416666666666668 0.5198333333333334 0.5151666666666669 0.5205000000000001 0.5186666666666668 0.5215000000000001 0.5186666666666668 0.5206666666666667 0.6136666666666666 0.5546666666666669 0.473 0.5216666666666667 0.5220000000000001 0.8441666666666666 0.35533333333333333 0.7713333333333335 0.45366666666666666 0.5268333333333334 0.4715 0.5203333333333335 0.5201666666666668 0.08266666666666668 0.08316666666666668 0.3035000000000001 0.08366666666666667 0.08383333333333334 0.08333333333333334 0.08333333333333334 0.08333333333333334 0.08466666666666668 0.0825 0.12316666666666665 0.20033333333333328 0.08316666666666668 0.08333333333333334 0.5768333333333335 0.397 0.08233333333333334 0.0825 0.08266666666666668 0.08200000000000002 0.5125000000000002 0.28633333333333344 0.503 0.519 0.5188333333333334 0.5190000000000001 0.5205000000000001 0.5191666666666669 0.5231666666666668 0.5211666666666668 0.5198333333333334 0.5205000000000002 0.5178333333333336 0.4911666666666666 
0.3311666666666667 0.3296666666666666 0.7793333333333333 0.5566666666666665 0.5814999999999999 0.5523333333333333 1.0 0.5573333333333333 0.5656666666666668 0.22883333333333336 0.3468333333333333 0.32983333333333326 0.4138333333333333 0.3313333333333335 0.07083333333333332 0.034666666666666665 0.3296666666666666 0.3273333333333334 0.3313333333333333 0.33049999999999996 0.5011666666666669 0.46733333333333343 0.6071666666666666 0.4523333333333332 0.5159999999999999 0.37616666666666665 0.40183333333333343 0.4398333333333333 0.32933333333333337 0.039 0.6206666666666666 0.35283333333333333 0.4360000000000002 0.3306666666666666 0.37999999999999995 0.332 0.16649999999999998 0.16316666666666665 0.16666666666666663 0.16549999999999998 0.168 0.16616666666666663 0.16716666666666669 0.2593333333333333 0.7861666666666665 0.7155000000000001 0.16716666666666666 0.16816666666666666 0.5636666666666666 0.5861666666666666 0.5119999999999998 0.6335000000000001 0.17316666666666666 0.2518333333333333 0.16666666666666663 0.1668333333333333 0.32983333333333337 0.33016666666666666 0.3993333333333334 0.3318333333333334 0.3311666666666667 0.33116666666666666 0.33149999999999996 0.3303333333333333 0.3345000000000001 0.331 0.37449999999999994 0.48583333333333334 0.33033333333333337 0.3313333333333334 0.217 0.39116666666666655 0.3296666666666666 0.3288333333333333 0.32933333333333337 0.32766666666666666 0.16633333333333333 0.08299999999999998 0.15216666666666667 0.16516666666666668 0.1653333333333333 0.16616666666666668 0.16716666666666666 0.16566666666666666 0.16899999999999996 0.16766666666666666 0.16649999999999998 0.1663333333333333 0.16566666666666666 0.16816666666666666 
0.7401666666666666 0.7391666666666665 0.5336666666666668 0.7981666666666668 0.36516666666666675 0.29866666666666664 0.5573333333333333 1.0 0.46533333333333327 0.15183333333333332 0.7256666666666668 0.7388333333333332 0.6626666666666666 0.741 0.23133333333333328 0.28416666666666673 0.7383333333333333 0.7168333333333332 0.7394999999999999 0.7398333333333332 0.5166666666666666 0.6759999999999999 0.42516666666666664 0.3016666666666667 0.23999999999999996 0.21966666666666673 0.20166666666666663 0.22400000000000003 0.7376666666666667 0.2881666666666667 0.6626666666666666 0.43300000000000005 0.46599999999999997 0.7404999999999999 0.7875000000000001 0.741 0.05449999999999999 0.05466666666666666 0.05449999999999999 0.05466666666666666 0.054833333333333324 0.05466666666666667 0.05449999999999999 0.1385 0.5339999999999999 0.6495000000000001 0.05449999999999999 0.05449999999999999 0.2678333333333333 0.5829999999999999 0.21600000000000003 0.6913333333333332 0.04833333333333333 0.035666666666666666 0.05416666666666666 0.054833333333333324 0.7396666666666667 0.7395 0.6136666666666666 0.7413333333333333 0.7408333333333332 0.7401666666666666 0.7404999999999999 0.7396666666666667 0.7430000000000001 0.7401666666666666 0.7696666666666667 0.8048333333333332 0.7396666666666667 0.7404999999999999 0.05649999999999999 0.45349999999999996 0.7385 0.7376666666666667 0.737 0.7368333333333332 0.04816666666666667 0.1761666666666667 0.047666666666666656 0.054333333333333324 0.054333333333333324 0.05449999999999999 0.05449999999999999 0.054333333333333324 0.055166666666666656 0.05516666666666667 0.054333333333333324 0.05466666666666666 0.054333333333333324 0.0845 
0.41683333333333344 0.4153333333333334 0.402 0.39733333333333354 0.4143333333333333 0.2891666666666667 0.5656666666666668 0.46533333333333327 1.0 0.3791666666666667 0.42966666666666664 0.41583333333333344 0.4071666666666666 0.41650000000000004 0.26249999999999996 0.24133333333333326 0.41600000000000004 0.39583333333333337 0.41616666666666674 0.41550000000000004 0.5536666666666666 0.449 0.2531666666666666 0.11833333333333337 0.2456666666666667 0.26433333333333336 0.2346666666666667 0.183 0.4146666666666667 0.06549999999999999 0.32599999999999985 0.09 0.5691666666666666 0.41583333333333344 0.4175 0.41650000000000004 0.4585 0.45733333333333337 0.4579999999999999 0.4578333333333333 0.4588333333333334 0.4585 0.458 0.36849999999999994 0.4710000000000001 0.48449999999999993 0.4585 0.45866666666666667 0.25766666666666665 0.4255 0.24266666666666672 0.42083333333333345 0.45216666666666677 0.42499999999999993 0.4575 0.4581666666666667 0.41516666666666674 0.41533333333333333 0.5238333333333332 0.4173333333333334 0.41616666666666674 0.4163333333333334 0.41650000000000004 0.41583333333333344 0.41800000000000004 0.4166666666666668 0.41966666666666674 0.4495 0.4159999999999999 0.41650000000000004 0.43933333333333346 0.5195000000000001 0.4151666666666667 0.49333333333333357 0.41466666666666674 0.5058333333333335 0.4619999999999998 0.31083333333333346 0.44366666666666676 0.45866666666666667 0.4588333333333334 0.4575 0.4581666666666666 0.45883333333333326 0.4588333333333333 0.45833333333333326 0.45833333333333337 0.4590000000000001 0.4585 0.4880000000000001 
0.1843333333333333 0.1838333333333333 0.1721666666666667 0.18149999999999994 0.23133333333333334 0.37516666666666665 0.22883333333333336 0.15183333333333332 0.3791666666666667 1.0 0.17700000000000002 0.1833333333333333 0.16766666666666666 0.1843333333333333 0.7011666666666665 0.7455000000000003 0.184 0.1696666666666667 0.18299999999999997 0.18333333333333332 0.23916666666666664 0.29283333333333345 0.23866666666666667 0.441 0.41466666666666674 0.47616666666666674 0.5740000000000002 0.5346666666666667 0.1825 0.5455 0.18349999999999989 0.4528333333333333 0.2731666666666667 0.18349999999999994 0.1845 0.184 0.6831666666666665 0.6813333333333331 0.6833333333333332 0.6826666666666665 0.6834999999999998 0.6821666666666666 0.6826666666666665 0.595 0.2906666666666667 0.23383333333333337 0.6831666666666665 0.6846666666666665 0.39166666666666666 0.30250000000000005 0.4986666666666666 0.2981666666666667 0.6908333333333333 0.7343333333333334 0.6828333333333333 0.6826666666666665 0.18349999999999997 0.18416666666666665 0.07916666666666666 0.18483333333333335 0.18349999999999997 0.18366666666666664 0.1838333333333333 0.18333333333333332 0.18516666666666662 0.18383333333333332 0.18283333333333332 0.15949999999999995 0.18366666666666664 0.18333333333333332 0.6878333333333336 0.46166666666666667 0.18283333333333332 0.2618333333333333 0.18383333333333332 0.27483333333333326 0.6836666666666668 0.7276666666666664 0.6816666666666664 0.6816666666666665 0.6828333333333333 0.6823333333333332 0.6838333333333333 0.6823333333333332 0.6841666666666666 0.6838333333333334 0.6833333333333332 0.6829999999999998 0.6809999999999999 0.6816666666666668 
0.970666666666667 0.9693333333333338 0.3543333333333333 0.6280000000000001 0.14016666666666663 0.08416666666666668 0.3468333333333333 0.7256666666666668 0.42966666666666664 0.17700000000000002 1.0 0.9695000000000004 0.9130000000000003 0.9708333333333337 0.2913333333333334 0.34333333333333327 0.9700000000000003 0.9476666666666665 0.971666666666667 0.9700000000000004 0.6930000000000001 0.825 0.25383333333333336 0.13383333333333336 0.019500000000000003 0.0006666666666666666 0.0006666666666666666 0.0055000000000000005 0.9685000000000004 0.49149999999999994 0.5396666666666668 0.3308333333333332 0.5825000000000002 0.9703333333333337 0.9229999999999994 0.9708333333333337 0.0 0.0013333333333333333 0.0 0.0 0.0 0.0 0.0 0.0 0.3423333333333333 0.4695 0.0 0.0 0.0405 0.5366666666666667 0.01616666666666667 0.5576666666666666 0.00016666666666666666 0.0215 0.0 0.0 0.9693333333333336 0.9690000000000003 0.7259999999999998 0.9703333333333336 0.9708333333333337 0.9703333333333337 0.9705000000000004 0.9696666666666671 0.9683333333333336 0.9708333333333337 0.9279999999999995 0.8174999999999999 0.9703333333333336 0.9711666666666671 0.001 0.4294999999999999 0.9700000000000004 0.8898333333333334 0.9686666666666669 0.8751666666666666 0.006833333333333334 0.2428333333333333 0.02 0.0 0.0 0.0 0.0 0.0 0.0 0.0 0.0 0.0 0.0 0.029833333333333344 
0.9975 0.9978333333333335 0.326 0.6519999999999997 0.13849999999999996 0.08266666666666668 0.32983333333333326 0.7388333333333332 0.41583333333333344 0.1833333333333333 0.9695000000000004 1.0 0.8871666666666667 0.9966666666666667 0.2681666666666667 0.36950000000000005 0.9968333333333333 0.9755000000000003 0.9975 0.9981666666666668 0.7013333333333334 0.8443333333333335 0.2248333333333333 0.10683333333333334 0.018000000000000002 0.0 0.0 0.006666666666666666 0.997 0.5161666666666667 0.5213333333333332 0.31083333333333335 0.5973333333333332 0.9971666666666669 0.9481666666666669 0.9966666666666667 0.0 0.0015 0.0 0.0 0.0 0.0 0.0 0.0 0.343 0.48900000000000005 0.0 0.0 0.03733333333333333 0.5573333333333333 0.011833333333333333 0.5755 0.0 0.01566666666666667 0.0 0.0 0.9975000000000002 0.9975000000000002 0.7368333333333332 0.9961666666666669 0.9961666666666669 0.9968333333333335 0.9966666666666668 0.9975000000000002 0.9934999999999999 0.9976666666666668 0.9535000000000002 0.84 0.9981666666666668 0.9970000000000002 0.0008333333333333333 0.4363333333333332 0.9981666666666668 0.9181666666666662 0.9955000000000002 0.9031666666666662 0.001 0.22333333333333336 0.022333333333333337 0.0 0.0 0.0 0.0 0.0 0.0 0.0 0.0 0.0 0.0 0.029833333333333344 
0.8888333333333334 0.8875000000000002 0.4351666666666666 0.5495 0.17383333333333337 0.10516666666666664 0.4138333333333333 0.6626666666666666 0.4071666666666666 0.16766666666666666 0.9130000000000003 0.8871666666666667 1.0 0.8890000000000002 0.3201666666666667 0.3141666666666667 0.8880000000000001 0.8725000000000002 0.8893333333333335 0.8876666666666668 0.6303333333333335 0.7533333333333334 0.33333333333333337 0.20900000000000005 0.05383333333333334 0.013500000000000002 0.02066666666666667 0.026166666666666668 0.8866666666666667 0.47866666666666674 0.6186666666666666 0.3923333333333334 0.5086666666666667 0.8883333333333333 0.8408333333333331 0.8878333333333335 0.012333333333333333 0.013166666666666669 0.012166666666666668 0.012166666666666668 0.012666666666666666 0.012333333333333333 0.012333333333333333 0.0125 0.34983333333333333 0.39033333333333337 0.012333333333333333 0.0125 0.074 0.4575000000000001 0.06150000000000001 0.4850000000000001 0.013666666666666669 0.07283333333333329 0.012166666666666668 0.012333333333333333 0.8876666666666666 0.8871666666666667 0.6813333333333336 0.8885000000000002 0.8881666666666668 0.8880000000000001 0.8888333333333334 0.8876666666666668 0.8863333333333334 0.8885000000000002 0.8456666666666667 0.7354999999999999 0.8880000000000001 0.8883333333333334 0.015333333333333334 0.4278333333333333 0.888 0.8078333333333334 0.8876666666666666 0.7928333333333333 0.02016666666666667 0.2685 0.030333333333333334 0.012166666666666668 0.012333333333333333 0.012333333333333333 0.012333333333333333 0.012333333333333333 0.0125 0.012333333333333333 0.012333333333333333 0.0125 0.012166666666666668 0.027666666666666662 
0.9985 0.9968333333333333 0.3275 0.6536666666666665 0.13916666666666666 0.08350000000000002 0.3313333333333335 0.741 0.41650000000000004 0.1843333333333333 0.9708333333333337 0.9966666666666667 0.8890000000000002 1.0 0.2681666666666667 0.36866666666666675 0.9965000000000002 0.9738333333333334 0.9968333333333333 0.9971666666666669 0.7025 0.8463333333333335 0.22616666666666668 0.10783333333333334 0.018666666666666668 0.0003333333333333333 0.0003333333333333333 0.006833333333333334 0.9953333333333334 0.5143333333333334 0.5233333333333333 0.31233333333333335 0.5971666666666666 0.9978333333333335 0.9491666666666666 0.9966666666666667 0.0 0.0015 0.0 0.0 0.0 0.0 0.0 0.0 0.3446666666666667 0.49066666666666675 0.0 0.0 0.03816666666666667 0.5588333333333333 0.0125 0.5775 0.0 0.015833333333333335 0.0 0.0 0.9975000000000002 0.9971666666666669 0.7361666666666666 0.9975 0.9978333333333335 0.9965000000000002 0.9970000000000002 0.9971666666666669 0.9955000000000003 0.9970000000000002 0.9551666666666668 0.8419999999999999 0.9978333333333335 0.9973333333333333 0.0006666666666666666 0.43616666666666654 0.9965 0.9171666666666662 0.9941666666666669 0.9021666666666662 0.001 0.22250000000000003 0.022333333333333337 0.0 0.0 0.0 0.0 0.0 0.0 0.0 0.0 0.0 0.0 0.030000000000000013 
0.2681666666666667 0.2681666666666667 0.17266666666666666 0.23633333333333337 0.18533333333333335 0.2561666666666667 0.07083333333333332 0.23133333333333328 0.26249999999999996 0.7011666666666665 0.2913333333333334 0.2681666666666667 0.3201666666666667 0.2681666666666667 1.0 0.8943333333333334 0.26833333333333337 0.28733333333333333 0.26899999999999996 0.26833333333333337 0.02766666666666667 0.16333333333333333 0.29616666666666663 0.5016666666666666 0.30500000000000005 0.44933333333333325 0.47683333333333344 0.43833333333333335 0.26833333333333337 0.7429999999999999 0.35033333333333333 0.6368333333333334 0.12449999999999996 0.2681666666666667 0.26833333333333337 0.2681666666666667 0.6625000000000003 0.6626666666666668 0.6613333333333336 0.6621666666666668 0.6615000000000002 0.6628333333333335 0.6616666666666668 0.5703333333333332 0.071 0.07899999999999999 0.6615000000000002 0.6621666666666668 0.2771666666666667 0.1678333333333334 0.36683333333333334 0.16216666666666665 0.6603333333333334 0.6219999999999999 0.661666666666667 0.6621666666666668 0.26783333333333337 0.26783333333333337 0.12216666666666669 0.2681666666666667 0.26833333333333337 0.268 0.268 0.2681666666666667 0.268 0.26833333333333337 0.26916666666666667 0.24633333333333338 0.26833333333333337 0.2685 0.6330000000000002 0.4885 0.26899999999999996 0.3473333333333333 0.2695 0.3615 0.6691666666666669 0.9148333333333334 0.672 0.6613333333333334 0.6618333333333335 0.6625000000000003 0.6625000000000003 0.6625000000000003 0.6606666666666667 0.6615000000000002 0.6620000000000004 0.6621666666666668 0.6623333333333334 0.6318333333333334 
0.36900000000000005 0.37000000000000005 0.10133333333333333 0.32766666666666666 0.14866666666666664 0.22266666666666668 0.034666666666666665 0.28416666666666673 0.24133333333333326 0.7455000000000003 0.34333333333333327 0.36950000000000005 0.3141666666666667 0.36866666666666675 0.8943333333333334 1.0 0.3691666666666667 0.38616666666666677 0.36933333333333335 0.36950000000000005 0.07533333333333332 0.25299999999999995 0.22266666666666665 0.42933333333333346 0.2703333333333333 0.41350000000000003 0.4415 0.4046666666666667 0.371 0.7950000000000002 0.3303333333333335 0.6290000000000001 0.19083333333333333 0.36933333333333335 0.36866666666666675 0.3696666666666667 0.6256666666666667 0.6265 0.6253333333333333 0.6258333333333334 0.6246666666666667 0.6251666666666668 0.6253333333333333 0.5340000000000001 0.09533333333333335 0.16216666666666665 0.6251666666666668 0.6256666666666667 0.23900000000000002 0.2578333333333333 0.3350000000000001 0.25083333333333335 0.6248333333333335 0.5908333333333335 0.6253333333333334 0.6256666666666667 0.36933333333333335 0.3696666666666667 0.12450000000000003 0.3688333333333334 0.36900000000000005 0.3691666666666667 0.36983333333333335 0.36933333333333335 0.3660000000000001 0.3695000000000001 0.3671666666666667 0.33866666666666667 0.3696666666666667 0.37016666666666675 0.596 0.4823333333333334 0.36983333333333335 0.4489999999999998 0.36933333333333335 0.4634999999999998 0.6268333333333334 0.8486666666666669 0.643666666666667 0.625 0.6258333333333334 0.6261666666666666 0.6258333333333334 0.626 0.6245 0.6249999999999999 0.6253333333333334 0.6251666666666666 0.6248333333333334 0.5993333333333332 
0.9963333333333334 0.9966666666666668 0.32616666666666666 0.6514999999999997 0.13899999999999996 0.08316666666666667 0.3296666666666666 0.7383333333333333 0.41600000000000004 0.184 0.9700000000000003 0.9968333333333333 0.8880000000000001 0.9965000000000002 0.26833333333333337 0.3691666666666667 1.0 0.9740000000000002 0.9960000000000001 0.9963333333333334 0.7013333333333334 0.845166666666667 0.22516666666666665 0.10666666666666667 0.018166666666666668 0.00016666666666666666 0.0 0.006666666666666667 0.9955000000000002 0.5156666666666667 0.5225 0.31116666666666665 0.5965 0.9963333333333334 0.9486666666666668 0.9958333333333335 0.0 0.0015 0.0 0.0 0.0 0.0 0.0 0.0 0.3435000000000001 0.48933333333333345 0.0 0.0 0.03733333333333333 0.5583333333333332 0.012166666666666666 0.5756666666666667 0.0 0.015333333333333334 0.0 0.0 0.9963333333333334 0.9963333333333334 0.7356666666666666 0.9956666666666668 0.9953333333333334 0.9960000000000001 0.9961666666666668 0.9963333333333334 0.9926666666666667 0.9961666666666669 0.952666666666667 0.8405 0.997 0.9958333333333335 0.001 0.43583333333333324 0.9963333333333335 0.9173333333333328 0.9953333333333336 0.9026666666666663 0.001 0.22333333333333338 0.02216666666666667 0.0 0.0 0.0 0.0 0.0 0.0 0.0 0.0 0.0 0.0 0.030000000000000013 
0.9736666666666669 0.9753333333333337 0.32799999999999996 0.6288333333333332 0.15333333333333335 0.09850000000000002 0.3273333333333334 0.7168333333333332 0.39583333333333337 0.1696666666666667 0.9476666666666665 0.9755000000000003 0.8725000000000002 0.9738333333333334 0.28733333333333333 0.38616666666666677 0.9740000000000002 1.0 0.9748333333333337 0.975666666666667 0.6778333333333332 0.8221666666666664 0.22833333333333336 0.1121666666666667 0.03233333333333333 0.018833333333333334 0.017833333333333333 0.024333333333333335 0.9763333333333337 0.5365000000000002 0.5238333333333334 0.31583333333333335 0.5786666666666667 0.9751666666666668 0.9251666666666665 0.9738333333333336 0.01916666666666667 0.021 0.019333333333333334 0.019333333333333334 0.018833333333333334 0.019166666666666665 0.019166666666666665 0.018833333333333334 0.3305000000000001 0.4658333333333334 0.01916666666666667 0.018833333333333334 0.0535 0.5356666666666665 0.026166666666666668 0.5531666666666666 0.018666666666666668 0.02166666666666666 0.01916666666666667 0.019 0.9756666666666669 0.9740000000000003 0.7304999999999998 0.9740000000000001 0.9748333333333333 0.9746666666666668 0.9751666666666668 0.9753333333333336 0.9706666666666668 0.9745000000000001 0.931333333333333 0.8178333333333334 0.9753333333333335 0.9750000000000001 0.019833333333333335 0.45199999999999996 0.9756666666666669 0.8968333333333333 0.9738333333333337 0.883 0.020166666666666666 0.24349999999999997 0.04066666666666667 0.019000000000000003 0.019333333333333334 0.019333333333333334 0.019166666666666665 0.0195 0.018833333333333334 0.019000000000000003 0.01916666666666667 0.019 0.019333333333333334 0.04250000000000001 
0.9966666666666667 0.9973333333333335 0.32733333333333325 0.6521666666666666 0.13916666666666663 0.083 0.3313333333333333 0.7394999999999999 0.41616666666666674 0.18299999999999997 0.971666666666667 0.9975 0.8893333333333335 0.9968333333333333 0.26899999999999996 0.36933333333333335 0.9960000000000001 0.9748333333333337 1.0 0.9980000000000001 0.7016666666666667 0.8438333333333335 0.22633333333333333 0.10783333333333335 0.01866666666666667 0.0003333333333333333 0.0003333333333333333 0.006833333333333334 0.9965 0.515 0.5228333333333333 0.31166666666666665 0.5979999999999999 0.9980000000000001 0.9486666666666668 0.9971666666666666 0.0 0.0015 0.0 0.0 0.0 0.0 0.0 0.0 0.34450000000000003 0.4891666666666667 0.0 0.0 0.03783333333333333 0.5578333333333333 0.012333333333333333 0.5756666666666667 0.0 0.016 0.0 0.0 0.9973333333333333 0.9966666666666667 0.7358333333333331 0.9963333333333335 0.9966666666666668 0.997 0.9978333333333335 0.9966666666666667 0.9933333333333334 0.9968333333333333 0.9543333333333335 0.8408333333333333 0.9980000000000001 0.9981666666666668 0.0008333333333333333 0.43566666666666654 0.997 0.9173333333333329 0.9943333333333335 0.9023333333333329 0.001 0.2238333333333334 0.022500000000000006 0.0 0.0 0.0 0.0 0.0 0.0 0.0 0.0 0.0 0.0 0.029833333333333344 
0.9970000000000002 0.9970000000000002 0.32616666666666666 0.6521666666666666 0.13883333333333328 0.08283333333333336 0.33049999999999996 0.7398333333333332 0.41550000000000004 0.18333333333333332 0.9700000000000004 0.9981666666666668 0.8876666666666668 0.9971666666666669 0.26833333333333337 0.36950000000000005 0.9963333333333334 0.975666666666667 0.9980000000000001 1.0 0.7015 0.8445000000000004 0.22516666666666665 0.10733333333333334 0.018500000000000006 0.0003333333333333333 0.0003333333333333333 0.006833333333333334 0.9968333333333335 0.5156666666666667 0.5221666666666667 0.3115 0.5975 0.9980000000000001 0.9480000000000001 0.9968333333333333 0.0 0.0015 0.0 0.0 0.0 0.0 0.0 0.0 0.3431666666666667 0.4891666666666667 0.0 0.0 0.03783333333333333 0.5578333333333333 0.012166666666666668 0.5756666666666667 0.0 0.015166666666666667 0.0 0.0 0.9976666666666667 0.9970000000000002 0.7366666666666666 0.9966666666666668 0.9966666666666668 0.9976666666666668 0.9971666666666669 0.9976666666666668 0.9936666666666669 0.9971666666666666 0.9543333333333335 0.8405 0.9980000000000001 0.9978333333333335 0.0008333333333333333 0.43583333333333324 0.9970000000000002 0.9179999999999996 0.9950000000000001 0.9036666666666663 0.001 0.22333333333333336 0.022333333333333337 0.0 0.0 0.0 0.0 0.0 0.0 0.0 0.0 0.0 0.0 0.030000000000000013 
0.7021666666666667 0.7015 0.36966666666666675 0.4138333333333333 0.3428333333333334 0.34099999999999997 0.5011666666666669 0.5166666666666666 0.5536666666666666 0.23916666666666664 0.6930000000000001 0.7013333333333334 0.6303333333333335 0.7025 0.02766666666666667 0.07533333333333332 0.7013333333333334 0.6778333333333332 0.7016666666666667 0.7015 1.0 0.7705 0.2079999999999999 0.08800000000000006 0.26933333333333337 0.20199999999999999 0.25949999999999995 0.26416666666666655 0.6995 0.22250000000000006 0.27566666666666667 0.051 0.7091666666666667 0.7016666666666667 0.6541666666666669 0.7020000000000002 0.19833333333333336 0.1973333333333334 0.1983333333333334 0.19783333333333336 0.1993333333333333 0.19833333333333336 0.199 0.2006666666666667 0.48883333333333323 0.5094999999999998 0.19883333333333336 0.19983333333333334 0.2798333333333334 0.5253333333333332 0.28049999999999997 0.4951666666666666 0.20716666666666664 0.2758333333333332 0.1986666666666667 0.1985 0.7013333333333334 0.7013333333333334 0.7734999999999999 0.7016666666666667 0.7015 0.7018333333333335 0.701 0.7006666666666668 0.7008333333333334 0.7016666666666667 0.6596666666666667 0.5731666666666665 0.7018333333333334 0.7011666666666667 0.23233333333333323 0.3418333333333333 0.7006666666666668 0.6213333333333334 0.6986666666666668 0.6058333333333334 0.19466666666666668 0.05766666666666667 0.1978333333333333 0.19700000000000004 0.198 0.19850000000000004 0.19916666666666671 0.1981666666666667 0.19983333333333334 0.19899999999999995 0.19850000000000004 0.19849999999999998 0.198 0.22733333333333333 
0.8458333333333337 0.8445000000000001 0.4155000000000002 0.6008333333333332 0.2038333333333334 0.2111666666666666 0.46733333333333343 0.6759999999999999 0.449 0.29283333333333345 0.825 0.8443333333333335 0.7533333333333334 0.8463333333333335 0.16333333333333333 0.25299999999999995 0.845166666666667 0.8221666666666664 0.8438333333333335 0.8445000000000004 0.7705 1.0 0.2713333333333333 0.15366666666666665 0.13899999999999998 0.06199999999999999 0.11866666666666666 0.13416666666666666 0.8426666666666668 0.36716666666666664 0.4634999999999998 0.24100000000000005 0.5740000000000001 0.8448333333333337 0.8561666666666669 0.8460000000000002 0.027333333333333338 0.02866666666666667 0.02766666666666667 0.02766666666666667 0.02766666666666667 0.02766666666666667 0.027833333333333335 0.05266666666666666 0.48999999999999994 0.6083333333333334 0.027500000000000004 0.028000000000000004 0.16949999999999998 0.6008333333333332 0.14616666666666667 0.6911666666666667 0.03350000000000001 0.0955 0.02816666666666667 0.027333333333333338 0.845166666666667 0.8448333333333333 0.6728333333333333 0.8465000000000004 0.8455000000000001 0.844666666666667 0.8450000000000002 0.8448333333333337 0.8443333333333335 0.8443333333333336 0.8036666666666666 0.6923333333333334 0.845166666666667 0.844666666666667 0.06166666666666667 0.4831666666666666 0.8431666666666667 0.7948333333333332 0.8425000000000005 0.7803333333333334 0.027999999999999997 0.162 0.036166666666666666 0.027500000000000004 0.027500000000000004 0.027833333333333335 0.027833333333333335 0.027333333333333338 0.027500000000000004 0.027833333333333335 0.02766666666666667 0.027500000000000004 0.027333333333333338 0.05733333333333334 
0.22583333333333333 0.22433333333333338 0.8091666666666667 0.5635000000000001 0.5415 0.5348333333333333 0.6071666666666666 0.42516666666666664 0.2531666666666666 0.23866666666666667 0.25383333333333336 0.2248333333333333 0.33333333333333337 0.22616666666666668 0.29616666666666663 0.22266666666666665 0.22516666666666665 0.22833333333333336 0.22633333333333333 0.22516666666666665 0.2079999999999999 0.2713333333333333 1.0 0.7791666666666666 0.5245000000000001 0.3531666666666666 0.3571666666666667 0.40716666666666673 0.22483333333333333 0.2241666666666667 0.6898333333333333 0.5861666666666667 0.17850000000000002 0.2253333333333333 0.2745000000000001 0.22633333333333333 0.14383333333333334 0.1423333333333333 0.14483333333333331 0.14283333333333334 0.14516666666666667 0.1418333333333333 0.14383333333333329 0.23333333333333328 0.6423333333333333 0.5586666666666666 0.14466666666666667 0.1443333333333333 0.5811666666666667 0.43249999999999994 0.4915 0.533 0.15016666666666667 0.2606666666666667 0.1435 0.14466666666666667 0.2245 0.22516666666666665 0.16666666666666669 0.22733333333333333 0.22566666666666663 0.22566666666666663 0.22599999999999998 0.225 0.2298333333333334 0.22516666666666665 0.26933333333333337 0.3791666666666667 0.2255 0.22599999999999998 0.18133333333333337 0.35916666666666663 0.22416666666666665 0.2241666666666667 0.22466666666666668 0.22400000000000003 0.152 0.26566666666666666 0.14983333333333332 0.14316666666666664 0.14283333333333334 0.1433333333333333 0.1438333333333333 0.14266666666666666 0.14583333333333331 0.14483333333333331 0.144 0.1435 0.142 0.1263333333333333 
0.1075 0.10666666666666666 0.6418333333333334 0.38933333333333336 0.4100000000000001 0.48583333333333334 0.4523333333333332 0.3016666666666667 0.11833333333333337 0.441 0.13383333333333336 0.10683333333333334 0.20900000000000005 0.10783333333333334 0.5016666666666666 0.42933333333333346 0.10666666666666667 0.1121666666666667 0.10783333333333335 0.10733333333333334 0.08800000000000006 0.15366666666666665 0.7791666666666666 1.0 0.5734999999999999 0.5515000000000001 0.5568333333333332 0.6006666666666667 0.10683333333333334 0.42466666666666675 0.5168333333333331 0.7665 0.15616666666666668 0.10716666666666667 0.15516666666666667 0.10783333333333335 0.3493333333333334 0.3476666666666667 0.3503333333333332 0.3481666666666668 0.35100000000000003 0.3475 0.34983333333333333 0.4383333333333333 0.4576666666666669 0.38049999999999995 0.35083333333333333 0.35 0.5738333333333332 0.34333333333333327 0.618 0.3554999999999998 0.35650000000000015 0.45683333333333337 0.3496666666666667 0.35016666666666674 0.10716666666666667 0.10750000000000001 0.05 0.10833333333333334 0.10750000000000001 0.10716666666666667 0.10750000000000001 0.10716666666666667 0.11083333333333334 0.10666666666666667 0.14883333333333343 0.24683333333333338 0.107 0.10733333333333332 0.3506666666666668 0.21766666666666665 0.10633333333333335 0.10716666666666667 0.10783333333333335 0.1075 0.3573333333333333 0.4706666666666668 0.35516666666666663 0.3493333333333334 0.34866666666666674 0.34900000000000003 0.3491666666666666 0.3484999999999999 0.35150000000000003 0.35100000000000003 0.3495000000000001 0.3488333333333334 0.3473333333333333 0.3286666666666666 
0.018500000000000003 0.017666666666666667 0.4253333333333334 0.3271666666666666 0.7831666666666667 0.8676666666666669 0.5159999999999999 0.23999999999999996 0.2456666666666667 0.41466666666666674 0.019500000000000003 0.018000000000000002 0.05383333333333334 0.018666666666666668 0.30500000000000005 0.2703333333333333 0.018166666666666668 0.03233333333333333 0.01866666666666667 0.018500000000000006 0.26933333333333337 0.13899999999999998 0.5245000000000001 0.5734999999999999 1.0 0.792 0.8055000000000002 0.8365000000000002 0.018500000000000006 0.2948333333333334 0.38433333333333336 0.5276666666666667 0.34766666666666657 0.018500000000000006 0.06716666666666665 0.019000000000000006 0.5756666666666667 0.5715 0.5766666666666667 0.5743333333333333 0.578 0.5745 0.5768333333333334 0.6698333333333332 0.5186666666666665 0.4228333333333334 0.5776666666666666 0.578 0.9076666666666671 0.3166666666666667 0.8633333333333334 0.4036666666666667 0.5831666666666667 0.5196666666666665 0.5765 0.5765 0.018166666666666668 0.01866666666666667 0.24316666666666667 0.019333333333333338 0.018500000000000006 0.018833333333333337 0.01883333333333334 0.01883333333333334 0.02116666666666667 0.018000000000000006 0.06 0.14816666666666667 0.018333333333333333 0.01883333333333334 0.6301666666666665 0.3243333333333333 0.017666666666666667 0.0175 0.018000000000000002 0.017666666666666667 0.5688333333333333 0.3369999999999999 0.5574999999999999 0.575 0.5751666666666666 0.5753333333333334 0.5763333333333334 0.5751666666666666 0.5795 0.5776666666666667 0.5760000000000001 0.576 0.5738333333333333 0.5469999999999999 
0.0003333333333333333 0.0 0.2835 0.2133333333333333 0.7293333333333335 0.7331666666666666 0.37616666666666665 0.21966666666666673 0.26433333333333336 0.47616666666666674 0.0006666666666666666 0.0 0.013500000000000002 0.0003333333333333333 0.44933333333333325 0.41350000000000003 0.00016666666666666666 0.018833333333333334 0.0003333333333333333 0.0003333333333333333 0.20199999999999999 0.06199999999999999 0.3531666666666666 0.5515000000000001 0.792 1.0 0.889166666666667 0.8905 0.0003333333333333333 0.42883333333333346 0.26866666666666666 0.5375 0.37449999999999994 0.0003333333333333333 0.048499999999999995 0.001 0.7821666666666666 0.7788333333333333 0.7829999999999999 0.7813333333333332 0.7841666666666666 0.7814999999999999 0.7826666666666665 0.8740000000000003 0.3213333333333333 0.25999999999999995 0.7836666666666665 0.7839999999999998 0.7160000000000005 0.24033333333333334 0.8036666666666663 0.2378333333333333 0.7780000000000002 0.6325 0.7829999999999998 0.7828333333333332 0.0003333333333333333 0.0005 0.259 0.0005 0.0005 0.0006666666666666666 0.0005 0.0005 0.0006666666666666666 0.0 0.03666666666666665 0.10899999999999997 0.0003333333333333333 0.0005 0.7355000000000002 0.2161666666666667 0.0 0.0 0.0005 0.0 0.7748333333333335 0.507 0.7576666666666668 0.7826666666666666 0.7824999999999999 0.7814999999999999 0.7826666666666665 0.7813333333333331 0.7851666666666666 0.7848333333333332 0.7821666666666666 0.7823333333333332 0.7804999999999999 0.7498333333333335 
