1.0 0.3518333333333333 0.11400000000000002 0.08966666666666669 0.11516666666666664 0.107 0.5275000000000002 0.15616666666666668 0.23933333333333334 0.035666666666666666 0.6233333333333335 0.2571666666666666 0.5988333333333332 0.28833333333333344 0.5416666666666667 0.2691666666666667 0.5878333333333333 0.6318333333333334 0.9443333333333337 0.8330000000000001 0.11533333333333337 0.023499999999999997 0.05299999999999999 0.05199999999999999 0.05233333333333332 0.05299999999999998 0.0668333333333333 0.09850000000000005 0.6159999999999998 0.5364999999999999 0.11899999999999995 0.12816666666666665 0.9531666666666669 0.7815000000000001 0.05583333333333332 0.05433333333333332 0.06983333333333332 0.24699999999999997 0.023499999999999997 0.25666666666666665 0.07950000000000002 0.1881666666666666 0.28350000000000003 0.34233333333333327 0.24033333333333334 0.38266666666666665 0.3446666666666667 0.21666666666666665 0.2915 0.5179999999999999 0.3431666666666666 0.39666666666666667 0.2895000000000001 0.4705000000000002 0.325 0.13816666666666666 0.917 0.3565 0.8148333333333332 0.7848333333333335 0.8016666666666665 0.8393333333333334 0.9055 0.8126666666666668 0.3423333333333333 0.5386666666666667 0.5411666666666668 0.5474999999999999 0.7444999999999999 0.8156666666666671 0.4371666666666666 0.43716666666666654 0.18033333333333332 0.1898333333333333 0.182 0.18633333333333332 0.02583333333333333 0.02616666666666666 0.6351666666666667 0.7316666666666669 0.6064999999999999 0.6415 0.5574999999999999 0.4734999999999999 0.293 0.05266666666666666 0.21600000000000003 0.042 0.08083333333333333 0.06383333333333331 
0.3518333333333333 1.0 0.128 0.14966666666666667 0.13183333333333333 0.11800000000000006 0.08233333333333333 0.08466666666666667 0.38483333333333336 0.31066666666666665 0.09566666666666662 0.3983333333333332 0.041499999999999995 0.3691666666666666 0.08666666666666664 0.401 0.06716666666666665 0.17050000000000004 0.3626666666666665 0.48533333333333334 0.22899999999999998 0.5618333333333334 0.07 0.06883333333333334 0.0685 0.06983333333333334 0.06799999999999998 0.07466666666666667 0.07066666666666667 0.14533333333333334 0.0898333333333333 0.11066666666666668 0.3534999999999999 0.20133333333333336 0.07216666666666667 0.07200000000000002 0.5688333333333333 0.684666666666667 0.5868333333333332 0.28700000000000003 0.535 0.45699999999999996 0.33183333333333337 0.389 0.2878333333333334 0.3916666666666667 0.39233333333333337 0.26450000000000007 0.3378333333333334 0.4175 0.36016666666666675 0.43766666666666665 0.33483333333333326 0.37166666666666665 0.5153333333333334 0.5439999999999998 0.36316666666666664 0.9278333333333332 0.3050000000000001 0.3784999999999999 0.29766666666666663 0.3514999999999999 0.3371666666666666 0.502 0.3575000000000001 0.12499999999999999 0.30216666666666664 0.31183333333333335 0.338 0.32900000000000007 0.10983333333333337 0.11183333333333331 0.44550000000000006 0.4378333333333333 0.44666666666666655 0.43783333333333324 0.46649999999999997 0.4433333333333333 0.12933333333333336 0.2243333333333333 0.055166666666666656 0.11616666666666671 0.07883333333333334 0.1825 0.3395 0.07633333333333335 0.13399999999999998 0.5071666666666669 0.2949999999999999 0.13849999999999998 
0.11400000000000002 0.128 1.0 0.6471666666666667 0.7688333333333333 0.7943333333333333 0.5481666666666666 0.5163333333333334 0.10916666666666669 0.46399999999999986 0.05916666666666668 0.013166666666666669 0.016000000000000004 0.009833333333333335 0.08349999999999999 0.059333333333333335 0.004 0.0026666666666666666 0.07233333333333332 0.06133333333333333 0.5296666666666667 0.24250000000000005 0.9288333333333335 0.9271666666666669 0.9280000000000003 0.9305000000000001 0.8403333333333333 0.802333333333333 0.004166666666666667 0.004333333333333333 0.5861666666666666 0.5465000000000001 0.08599999999999998 0.029166666666666657 0.9366666666666669 0.9321666666666668 0.05933333333333334 0.048 0.10166666666666668 0.18233333333333332 0.12833333333333333 0.04283333333333332 0.7326666666666664 0.7283333333333336 0.8205000000000001 0.7084999999999998 0.7303333333333335 0.7979999999999998 0.7733333333333335 0.5583333333333332 0.7581666666666668 0.5776666666666667 0.7315000000000002 0.49066666666666664 0.6053333333333333 0.3961666666666666 0.06266666666666666 0.07983333333333333 0.2943333333333334 0.2508333333333333 0.3073333333333333 0.23500000000000007 0.07499999999999997 0.061500000000000006 0.7665000000000002 0.4690000000000001 0.5408333333333332 0.5271666666666668 0.3296666666666668 0.2748333333333334 0.12516666666666665 0.1165 0.03333333333333333 0.008666666666666668 0.04316666666666667 0.0125 0.264 0.2678333333333333 0.030000000000000013 0.016500000000000004 0.0034999999999999996 0.003 0.022 0.014333333333333335 0.7791666666666666 0.9046666666666665 0.5284999999999997 0.4231666666666667 0.5555 0.7916666666666669 
0.08966666666666669 0.14966666666666667 0.6471666666666667 1.0 0.6678333333333333 0.5741666666666666 0.21283333333333332 0.7713333333333335 0.39083333333333337 0.7486666666666667 0.2769999999999999 0.2828333333333333 0.30800000000000005 0.28733333333333333 0.3701666666666666 0.33649999999999997 0.3108333333333334 0.3118333333333334 0.1168333333333333 0.12449999999999996 0.3916666666666668 0.36166666666666664 0.6525 0.6544999999999999 0.6536666666666666 0.6523333333333333 0.5670000000000001 0.5321666666666668 0.2991666666666667 0.29350000000000004 0.7748333333333334 0.8373333333333338 0.10916666666666666 0.20733333333333337 0.6481666666666664 0.6476666666666665 0.2871666666666666 0.1038333333333333 0.253 0.2016666666666667 0.24966666666666673 0.19266666666666665 0.4409999999999999 0.4441666666666667 0.5371666666666665 0.44049999999999995 0.4421666666666667 0.5176666666666666 0.4854999999999998 0.3438333333333333 0.46933333333333316 0.3496666666666666 0.44999999999999984 0.28649999999999987 0.4173333333333333 0.2809999999999999 0.1541666666666667 0.09216666666666667 0.01633333333333334 0.02166666666666667 0.020666666666666673 0.018833333333333334 0.15716666666666668 0.12933333333333327 0.4731666666666665 0.18083333333333326 0.25116666666666665 0.24166666666666672 0.07033333333333334 0.0175 0.41733333333333356 0.41016666666666673 0.2591666666666666 0.27899999999999997 0.26616666666666666 0.28533333333333327 0.5296666666666667 0.5391666666666666 0.3181666666666667 0.2585 0.2956666666666667 0.29966666666666664 0.31550000000000006 0.2853333333333332 0.4738333333333333 0.6606666666666665 0.7130000000000001 0.4691666666666666 0.2795 0.5101666666666665 
0.11516666666666664 0.13183333333333333 0.7688333333333333 0.6678333333333333 1.0 0.7794999999999997 0.37200000000000005 0.5651666666666667 0.12633333333333333 0.48400000000000015 0.07033333333333334 0.0355 0.10549999999999998 0.03183333333333334 0.15433333333333335 0.07800000000000001 0.08983333333333332 0.071 0.11666666666666664 0.04683333333333331 0.5518333333333335 0.34199999999999986 0.8301666666666666 0.8305000000000001 0.8305000000000001 0.8311666666666667 0.7725 0.7365000000000002 0.08833333333333333 0.03983333333333333 0.5573333333333335 0.5723333333333336 0.11633333333333336 0.11049999999999999 0.8280000000000001 0.8273333333333335 0.11166666666666668 0.10816666666666666 0.19083333333333335 0.11533333333333334 0.22416666666666665 0.13450000000000004 0.5161666666666667 0.5158333333333334 0.6175000000000002 0.5388333333333334 0.513 0.5964999999999998 0.5599999999999999 0.47966666666666663 0.5398333333333332 0.39250000000000007 0.5209999999999999 0.37400000000000005 0.48999999999999994 0.4723333333333333 0.09616666666666665 0.08683333333333332 0.12949999999999998 0.15333333333333338 0.126 0.16599999999999995 0.09216666666666665 0.05333333333333332 0.5466666666666667 0.35949999999999993 0.34550000000000003 0.3373333333333333 0.17716666666666664 0.1453333333333334 0.2128333333333333 0.20233333333333334 0.08650000000000001 0.03133333333333333 0.09866666666666667 0.0335 0.29 0.2905 0.11516666666666665 0.08966666666666664 0.08933333333333333 0.09066666666666665 0.11116666666666669 0.04983333333333333 0.5618333333333334 0.8141666666666668 0.6671666666666667 0.5546666666666668 0.4911666666666666 0.7065 
0.107 0.11800000000000006 0.7943333333333333 0.5741666666666666 0.7794999999999997 1.0 0.45949999999999996 0.47716666666666685 0.106 0.4051666666666667 0.0555 0.02033333333333333 0.0335 0.017 0.10966666666666665 0.06883333333333336 0.019833333333333335 0.018333333333333333 0.07516666666666667 0.052666666666666646 0.6240000000000001 0.3368333333333332 0.8516666666666665 0.8531666666666665 0.8525 0.8548333333333333 0.9248333333333334 0.8978333333333332 0.019500000000000003 0.015833333333333338 0.5018333333333334 0.46950000000000003 0.08700000000000002 0.07100000000000001 0.851 0.8503333333333332 0.10550000000000001 0.12033333333333332 0.21616666666666667 0.20899999999999988 0.21566666666666662 0.11166666666666666 0.551 0.5569999999999999 0.6561666666666668 0.596 0.551 0.6346666666666667 0.5973333333333334 0.4813333333333333 0.5851666666666668 0.4641666666666666 0.5641666666666668 0.4241666666666667 0.44483333333333336 0.5331666666666667 0.04633333333333333 0.12100000000000001 0.2231666666666666 0.2851666666666668 0.22449999999999992 0.22883333333333333 0.038000000000000006 0.05133333333333332 0.5845 0.4595000000000001 0.4783333333333333 0.4734999999999998 0.3168333333333334 0.24733333333333324 0.08266666666666665 0.07783333333333334 0.08416666666666664 0.030333333333333337 0.09533333333333333 0.038666666666666676 0.2076666666666666 0.207 0.04516666666666667 0.022333333333333337 0.019666666666666666 0.023000000000000003 0.04333333333333334 0.026666666666666675 0.593 0.8464999999999998 0.5838333333333332 0.5366666666666667 0.6193333333333334 0.7631666666666667 
0.5275000000000002 0.08233333333333333 0.5481666666666666 0.21283333333333332 0.37200000000000005 0.45949999999999996 1.0 0.12733333333333335 0.2003333333333334 0.11149999999999999 0.4631666666666666 0.2025 0.42333333333333345 0.2211666666666667 0.41233333333333344 0.22599999999999995 0.41516666666666674 0.42499999999999993 0.48883333333333323 0.46516666666666673 0.343 0.13849999999999996 0.4966666666666666 0.4933333333333333 0.49466666666666653 0.4969999999999999 0.5098333333333335 0.49416666666666664 0.41766666666666674 0.4121666666666667 0.1666666666666666 0.1305 0.5035000000000002 0.4546666666666666 0.5028333333333331 0.5001666666666664 0.08566666666666667 0.14049999999999999 0.09216666666666667 0.2973333333333333 0.15999999999999998 0.17366666666666672 0.33966666666666684 0.3435 0.39866666666666667 0.36666666666666664 0.34633333333333327 0.3881666666666666 0.3561666666666667 0.39449999999999996 0.3636666666666665 0.3276666666666666 0.3323333333333334 0.3865 0.24733333333333327 0.26166666666666666 0.47350000000000014 0.09033333333333332 0.7053333333333334 0.5928333333333334 0.7155 0.6531666666666667 0.4870000000000001 0.4606666666666667 0.3678333333333333 0.7350000000000001 0.5636666666666666 0.5608333333333333 0.6231666666666666 0.6809999999999999 0.3351666666666667 0.3356666666666667 0.14583333333333331 0.13416666666666666 0.15600000000000003 0.12883333333333336 0.07533333333333334 0.06499999999999999 0.4588333333333335 0.4419999999999999 0.41483333333333333 0.4183333333333333 0.4333333333333333 0.41166666666666674 0.3963333333333336 0.47916666666666663 0.27516666666666667 0.22516666666666663 0.47583333333333333 0.5035000000000001 
0.15616666666666668 0.08466666666666667 0.5163333333333334 0.7713333333333335 0.5651666666666667 0.47716666666666685 0.12733333333333335 1.0 0.42983333333333335 0.7108333333333334 0.42283333333333334 0.3371666666666668 0.4596666666666666 0.345 0.517 0.3748333333333333 0.4299999999999999 0.37933333333333336 0.19450000000000003 0.0871666666666667 0.29216666666666663 0.24533333333333324 0.5180000000000001 0.5198333333333334 0.5188333333333334 0.5178333333333334 0.4721666666666666 0.43849999999999995 0.43699999999999994 0.3661666666666666 0.8636666666666667 0.9015000000000001 0.18900000000000003 0.3558333333333333 0.5158333333333334 0.5136666666666667 0.30999999999999994 0.1243333333333333 0.22216666666666668 0.3214999999999999 0.17416666666666672 0.22233333333333336 0.43766666666666665 0.42966666666666675 0.46916666666666673 0.44533333333333325 0.42366666666666675 0.4515 0.4678333333333334 0.3438333333333334 0.4538333333333332 0.3951666666666665 0.4403333333333333 0.29116666666666663 0.3864999999999999 0.18516666666666665 0.1888333333333333 0.03866666666666667 0.02966666666666667 0.03766666666666666 0.031333333333333345 0.03766666666666667 0.21133333333333332 0.0735 0.4576666666666665 0.11783333333333332 0.26783333333333337 0.2601666666666667 0.08583333333333334 0.03783333333333334 0.5621666666666669 0.5508333333333334 0.286 0.3321666666666668 0.27349999999999997 0.3381666666666666 0.5645 0.5793333333333334 0.45099999999999985 0.3441666666666666 0.44483333333333325 0.4096666666666667 0.4573333333333334 0.3366666666666667 0.4281666666666667 0.5255 0.6398333333333335 0.29766666666666675 0.1883333333333333 0.39983333333333326 
0.23933333333333334 0.38483333333333336 0.10916666666666669 0.39083333333333337 0.12633333333333333 0.106 0.2003333333333334 0.42983333333333335 1.0 0.6191666666666668 0.5103333333333333 0.8431666666666666 0.5716666666666668 0.8449999999999998 0.6413333333333334 0.8876666666666668 0.5769999999999998 0.5871666666666666 0.26200000000000007 0.38666666666666666 0.24666666666666667 0.4728333333333333 0.11583333333333336 0.11566666666666672 0.11433333333333337 0.11466666666666668 0.1005 0.13199999999999998 0.5598333333333334 0.6423333333333335 0.41766666666666663 0.46283333333333343 0.254 0.42200000000000004 0.11150000000000002 0.1121666666666667 0.6661666666666668 0.5271666666666666 0.5486666666666666 0.6023333333333334 0.5571666666666666 0.7105000000000001 0.07016666666666667 0.06150000000000001 0.10900000000000004 0.047333333333333324 0.05666666666666667 0.08600000000000002 0.09683333333333334 0.032 0.05666666666666668 0.09316666666666665 0.0675 0.09933333333333329 0.15833333333333333 0.2881666666666666 0.301 0.3648333333333334 0.19966666666666671 0.15200000000000002 0.20166666666666672 0.20116666666666666 0.3035000000000001 0.398 0.05366666666666667 0.21700000000000005 0.11850000000000005 0.11133333333333334 0.18366666666666678 0.1930000000000001 0.43966666666666676 0.4400000000000002 0.7633333333333334 0.8133333333333335 0.7535000000000001 0.8111666666666669 0.6966666666666668 0.6806666666666669 0.5013333333333334 0.4371666666666666 0.5605 0.5525 0.533 0.6698333333333332 0.05783333333333334 0.13100000000000003 0.248 0.39349999999999996 0.19500000000000003 0.12433333333333337 
0.035666666666666666 0.31066666666666665 0.46399999999999986 0.7486666666666667 0.48400000000000015 0.4051666666666667 0.11149999999999999 0.7108333333333334 0.6191666666666668 1.0 0.29666666666666663 0.5208333333333335 0.3293333333333333 0.5206666666666668 0.3949999999999999 0.5746666666666667 0.33383333333333326 0.3621666666666665 0.057999999999999996 0.18350000000000005 0.3361666666666666 0.47100000000000003 0.4736666666666665 0.4736666666666667 0.4724999999999999 0.47266666666666657 0.3960000000000001 0.361 0.32083333333333336 0.4025 0.7215 0.7705000000000001 0.050333333333333334 0.20349999999999993 0.4691666666666665 0.46883333333333327 0.5110000000000001 0.31316666666666665 0.4271666666666667 0.32083333333333336 0.38983333333333325 0.4136666666666667 0.3420000000000001 0.3453333333333333 0.4166666666666665 0.3516666666666666 0.3431666666666668 0.3825 0.3891666666666667 0.3045 0.3696666666666666 0.26616666666666666 0.34850000000000003 0.2075 0.4391666666666666 0.3586666666666667 0.09633333333333334 0.25249999999999995 0.002 0.009166666666666667 0.0026666666666666666 0.0018333333333333333 0.0991666666666667 0.19516666666666668 0.3748333333333333 0.04849999999999999 0.16516666666666666 0.15950000000000003 0.02316666666666667 0.003 0.43999999999999995 0.4353333333333333 0.48283333333333317 0.5176666666666668 0.4841666666666664 0.5230000000000001 0.7693333333333332 0.7776666666666666 0.33983333333333327 0.23700000000000007 0.3178333333333333 0.32183333333333325 0.3364999999999999 0.43800000000000006 0.3515 0.48349999999999993 0.5346666666666667 0.5414999999999998 0.24416666666666675 0.343 
0.6233333333333335 0.09566666666666662 0.05916666666666668 0.2769999999999999 0.07033333333333334 0.0555 0.4631666666666666 0.42283333333333334 0.5103333333333333 0.29666666666666663 1.0 0.555 0.8698333333333333 0.5859999999999999 0.7835000000000001 0.5273333333333335 0.8570000000000003 0.8210000000000002 0.6425 0.5734999999999999 0.14333333333333328 0.1595 0.052333333333333336 0.05166666666666666 0.05183333333333333 0.0525 0.05566666666666666 0.0775 0.8730000000000001 0.8159999999999998 0.419 0.413 0.6368333333333334 0.7838333333333333 0.05516666666666667 0.05416666666666667 0.349 0.25500000000000006 0.21633333333333327 0.4519999999999999 0.23516666666666672 0.3843333333333333 0.1245 0.11100000000000002 0.07516666666666665 0.106 0.1075 0.10183333333333336 0.09483333333333334 0.18316666666666673 0.10316666666666668 0.1388333333333333 0.12366666666666667 0.24350000000000002 0.0745 0.028666666666666663 0.6605000000000001 0.09433333333333335 0.5191666666666667 0.4403333333333334 0.5278333333333333 0.504833333333333 0.6861666666666667 0.5548333333333336 0.09933333333333337 0.4421666666666666 0.2841666666666666 0.28416666666666673 0.44016666666666654 0.49849999999999994 0.7363333333333334 0.7373333333333332 0.433 0.48766666666666675 0.42449999999999993 0.4821666666666667 0.3221666666666667 0.33333333333333337 0.8411666666666666 0.7751666666666668 0.8728333333333333 0.857166666666667 0.8483333333333333 0.7608333333333335 0.11266666666666669 0.06783333333333333 0.30516666666666653 0.05083333333333332 0.10066666666666667 0.06083333333333335 
0.2571666666666666 0.3983333333333332 0.013166666666666669 0.2828333333333333 0.0355 0.02033333333333333 0.2025 0.3371666666666668 0.8431666666666666 0.5208333333333335 0.555 1.0 0.6308333333333334 0.9578333333333336 0.6153333333333333 0.9101666666666666 0.642 0.6055000000000003 0.2781666666666667 0.4089999999999999 0.2911666666666667 0.5259999999999999 0.017 0.017333333333333336 0.01616666666666667 0.01566666666666667 0.022166666666666668 0.053166666666666654 0.6158333333333332 0.7085000000000001 0.3363333333333333 0.3505 0.27099999999999996 0.43816666666666665 0.012500000000000002 0.012333333333333333 0.7516666666666668 0.6226666666666667 0.6234999999999998 0.6841666666666667 0.6413333333333333 0.8171666666666667 0.05833333333333331 0.005 0.002833333333333333 0.0 0.00016666666666666666 0.05833333333333331 0.006500000000000001 0.0005 0.006 0.07966666666666665 0.05683333333333332 0.12116666666666666 0.10783333333333331 0.2569999999999999 0.31749999999999995 0.39849999999999997 0.22766666666666674 0.16583333333333333 0.22833333333333336 0.22983333333333333 0.32 0.4196666666666667 0.002 0.23066666666666674 0.12433333333333337 0.1156666666666667 0.19866666666666666 0.22000000000000003 0.47650000000000003 0.48200000000000004 0.862833333333333 0.9174999999999995 0.8516666666666667 0.9128333333333335 0.7203333333333333 0.7201666666666666 0.5218333333333335 0.4593333333333334 0.6241666666666665 0.5883333333333333 0.5933333333333333 0.7610000000000001 0.0006666666666666666 0.02766666666666667 0.16433333333333336 0.3553333333333334 0.2288333333333333 0.062 
0.5988333333333332 0.041499999999999995 0.016000000000000004 0.30800000000000005 0.10549999999999998 0.0335 0.42333333333333345 0.4596666666666666 0.5716666666666668 0.3293333333333333 0.8698333333333333 0.6308333333333334 1.0 0.6623333333333333 0.8598333333333334 0.582 0.9638333333333337 0.8683333333333332 0.6273333333333333 0.5528333333333333 0.1806666666666667 0.1973333333333333 0.020000000000000004 0.02016666666666667 0.019333333333333334 0.01866666666666667 0.031833333333333345 0.06249999999999998 0.9626666666666667 0.887 0.41100000000000003 0.44699999999999995 0.6143333333333334 0.7796666666666664 0.015833333333333338 0.016166666666666673 0.39899999999999997 0.2611666666666667 0.2656666666666666 0.4891666666666666 0.28133333333333327 0.45600000000000007 0.05366666666666665 0.003666666666666667 0.006999999999999999 0.016500000000000004 0.0 0.05583333333333333 0.006333333333333334 0.14750000000000002 0.004333333333333333 0.04333333333333335 0.05133333333333332 0.2138333333333333 0.0036666666666666666 0.020333333333333335 0.6723333333333337 0.03933333333333334 0.46283333333333315 0.40800000000000003 0.45733333333333315 0.47150000000000014 0.6761666666666667 0.5385 0.0003333333333333333 0.36599999999999994 0.19433333333333333 0.19616666666666663 0.3728333333333333 0.4516666666666667 0.8265 0.8228333333333334 0.508 0.5616666666666665 0.4971666666666666 0.5599999999999998 0.3796666666666666 0.3996666666666666 0.8756666666666666 0.8098333333333333 0.9748333333333337 0.9198333333333334 0.9426666666666671 0.848166666666667 0.0008333333333333334 0.03266666666666667 0.3715 0.0643333333333333 0.07583333333333336 0.017833333333333336 
0.28833333333333344 0.3691666666666666 0.009833333333333335 0.28733333333333333 0.03183333333333334 0.017 0.2211666666666667 0.345 0.8449999999999998 0.5206666666666668 0.5859999999999999 0.9578333333333336 0.6623333333333333 1.0 0.6383333333333332 0.8999999999999997 0.6755 0.6383333333333332 0.3108333333333334 0.439 0.2881666666666666 0.5086666666666665 0.013999999999999999 0.014333333333333333 0.013166666666666669 0.012666666666666668 0.0185 0.049 0.6485000000000002 0.7413333333333334 0.3421666666666666 0.3573333333333333 0.30283333333333334 0.4704999999999999 0.009500000000000001 0.009833333333333335 0.7255000000000001 0.5938333333333334 0.5921666666666667 0.6651666666666668 0.6101666666666666 0.791333333333333 0.05799999999999997 0.004833333333333333 0.0026666666666666666 0.00016666666666666666 0.0 0.05799999999999997 0.005833333333333333 0.0008333333333333334 0.004333333333333333 0.06033333333333331 0.05583333333333331 0.13499999999999998 0.10516666666666666 0.2378333333333333 0.3498333333333333 0.36816666666666675 0.25066666666666665 0.18916666666666668 0.251 0.252 0.3523333333333333 0.45000000000000007 0.0 0.24916666666666662 0.14050000000000004 0.1343333333333333 0.22216666666666665 0.2436666666666667 0.5068333333333332 0.5121666666666667 0.8353333333333332 0.8926666666666668 0.8241666666666666 0.8876666666666668 0.6990000000000001 0.7021666666666664 0.5526666666666666 0.48983333333333356 0.6573333333333333 0.6206666666666667 0.6219999999999999 0.7735 0.0003333333333333333 0.026333333333333337 0.17250000000000004 0.3398333333333333 0.21100000000000002 0.04366666666666666 
0.5416666666666667 0.08666666666666664 0.08349999999999999 0.3701666666666666 0.15433333333333335 0.10966666666666665 0.41233333333333344 0.517 0.6413333333333334 0.3949999999999999 0.7835000000000001 0.6153333333333333 0.8598333333333334 0.6383333333333332 1.0 0.6625 0.8418333333333331 0.7996666666666666 0.5763333333333334 0.495 0.1375 0.17900000000000005 0.08566666666666668 0.08583333333333334 0.08433333333333333 0.08466666666666667 0.10449999999999998 0.1366666666666667 0.8551666666666666 0.7761666666666668 0.4391666666666667 0.5096666666666667 0.5674999999999999 0.737833333333333 0.08266666666666668 0.08283333333333333 0.3835 0.259 0.25316666666666665 0.49166666666666664 0.2688333333333333 0.442 0.03366666666666667 0.03516666666666666 0.07833333333333332 0.05049999999999999 0.030500000000000003 0.04299999999999999 0.06933333333333333 0.10416666666666664 0.03416666666666667 0.09933333333333332 0.03266666666666666 0.159 0.021 0.09 0.6003333333333333 0.08433333333333332 0.4134999999999999 0.3515 0.4071666666666666 0.42716666666666675 0.6083333333333333 0.4796666666666664 0.031 0.37749999999999995 0.21499999999999997 0.21150000000000005 0.3618333333333334 0.4135000000000001 0.7006666666666667 0.7004999999999997 0.49449999999999983 0.5485000000000002 0.48333333333333345 0.5465 0.3953333333333335 0.38683333333333336 0.8035 0.738 0.8561666666666666 0.8301666666666664 0.8188333333333331 0.7311666666666666 0.03266666666666667 0.10283333333333333 0.3634999999999999 0.1318333333333333 0.09616666666666664 0.10966666666666663 
0.2691666666666667 0.401 0.059333333333333335 0.33649999999999997 0.07800000000000001 0.06883333333333336 0.22599999999999995 0.3748333333333333 0.8876666666666668 0.5746666666666667 0.5273333333333335 0.9101666666666666 0.582 0.8999999999999997 0.6625 1.0 0.5926666666666667 0.6176666666666666 0.2906666666666666 0.41849999999999987 0.23666666666666675 0.4618333333333333 0.05983333333333335 0.06066666666666668 0.060166666666666695 0.05983333333333335 0.06400000000000002 0.09699999999999999 0.5811666666666668 0.6614999999999999 0.34650000000000003 0.403 0.28333333333333327 0.4501666666666666 0.059000000000000025 0.05883333333333335 0.6878333333333333 0.5693333333333332 0.5618333333333334 0.6360000000000001 0.5798333333333332 0.7556666666666669 0.006 0.011500000000000002 0.05900000000000003 0.008 0.008 0.01633333333333334 0.04983333333333333 0.007333333333333333 0.012500000000000002 0.08816666666666667 0.007000000000000001 0.06866666666666667 0.11366666666666664 0.3075 0.3308333333333333 0.402 0.2336666666666666 0.17116666666666666 0.2343333333333333 0.23449999999999996 0.3336666666666666 0.4308333333333333 0.008 0.23216666666666666 0.12800000000000003 0.11983333333333335 0.20383333333333334 0.22533333333333327 0.42100000000000004 0.42466666666666675 0.8046666666666669 0.8556666666666668 0.7941666666666666 0.8526666666666667 0.6936666666666668 0.6655000000000001 0.5298333333333334 0.46766666666666673 0.5776666666666668 0.5760000000000001 0.5395000000000002 0.6881666666666669 0.010166666666666666 0.07733333333333335 0.21516666666666662 0.39666666666666667 0.2086666666666667 0.11766666666666666 
0.5878333333333333 0.06716666666666665 0.004 0.3108333333333334 0.08983333333333332 0.019833333333333335 0.41516666666666674 0.4299999999999999 0.5769999999999998 0.33383333333333326 0.8570000000000003 0.642 0.9638333333333337 0.6755 0.8418333333333331 0.5926666666666667 1.0 0.8928333333333334 0.6165 0.5729999999999998 0.1735 0.20833333333333343 0.004833333333333333 0.004666666666666666 0.004 0.003833333333333333 0.016833333333333332 0.0475 0.9693333333333334 0.918833333333333 0.3899999999999999 0.42900000000000005 0.6028333333333333 0.7706666666666669 0.0023333333333333335 0.0025 0.40783333333333327 0.292 0.2736666666666666 0.46366666666666667 0.2906666666666667 0.4723333333333333 0.059499999999999977 0.010833333333333332 0.004666666666666667 0.022666666666666665 0.006 0.050333333333333306 0.009 0.15433333333333335 0.01 0.03633333333333335 0.056999999999999974 0.2243333333333333 0.012333333333333333 0.014000000000000002 0.6673333333333337 0.06433333333333331 0.46883333333333327 0.4151666666666667 0.4631666666666665 0.4783333333333335 0.6655000000000001 0.5636666666666666 0.005666666666666666 0.37249999999999994 0.2001666666666667 0.203 0.38 0.45899999999999996 0.8086666666666668 0.8128333333333333 0.5178333333333334 0.579 0.5065000000000002 0.5716666666666667 0.3841666666666667 0.4048333333333332 0.872833333333333 0.8093333333333332 0.9776666666666669 0.9391666666666668 0.9226666666666665 0.8603333333333333 0.006333333333333333 0.019166666666666672 0.34049999999999997 0.06799999999999996 0.06316666666666666 0.006500000000000001 
0.6318333333333334 0.17050000000000004 0.0026666666666666666 0.3118333333333334 0.071 0.018333333333333333 0.42499999999999993 0.37933333333333336 0.5871666666666666 0.3621666666666665 0.8210000000000002 0.6055000000000003 0.8683333333333332 0.6383333333333332 0.7996666666666666 0.6176666666666666 0.8928333333333334 1.0 0.6575000000000002 0.6731666666666668 0.12250000000000001 0.17833333333333334 0.0006666666666666666 0.0006666666666666666 0.0005 0.0005 0.012833333333333334 0.04416666666666666 0.8978333333333333 0.8893333333333332 0.3416666666666666 0.39766666666666667 0.6439999999999999 0.8098333333333335 0.0005 0.00016666666666666666 0.3735000000000001 0.2808333333333334 0.2403333333333333 0.39583333333333337 0.2576666666666667 0.4351666666666668 0.019500000000000003 0.06833333333333336 0.011000000000000001 0.09100000000000001 0.07566666666666669 0.0021666666666666666 0.02816666666666666 0.2199999999999999 0.07883333333333337 0.09949999999999999 0.01733333333333334 0.18116666666666667 0.10100000000000002 0.03216666666666667 0.706 0.16766666666666669 0.5370000000000001 0.4829999999999999 0.5311666666666668 0.546 0.7045 0.6646666666666665 0.07516666666666669 0.4413333333333334 0.26833333333333337 0.27299999999999996 0.44933333333333336 0.5281666666666668 0.7093333333333334 0.7141666666666668 0.4833333333333333 0.5415000000000001 0.47450000000000003 0.5355000000000001 0.36999999999999994 0.37566666666666654 0.9033333333333334 0.8421666666666665 0.8835 0.9279999999999998 0.8266666666666667 0.8241666666666664 0.0681666666666667 0.017333333333333333 0.30400000000000005 0.09716666666666668 0.02766666666666667 0.005833333333333334 
0.9443333333333337 0.3626666666666665 0.07233333333333332 0.1168333333333333 0.11666666666666664 0.07516666666666667 0.48883333333333323 0.19450000000000003 0.26200000000000007 0.057999999999999996 0.6425 0.2781666666666667 0.6273333333333333 0.3108333333333334 0.5763333333333334 0.2906666666666666 0.6165 0.6575000000000002 1.0 0.8559999999999995 0.09850000000000003 0.03016666666666666 0.011500000000000002 0.010666666666666668 0.010833333333333335 0.011666666666666667 0.030000000000000006 0.06116666666666666 0.6444999999999999 0.5569999999999999 0.13249999999999998 0.16116666666666668 0.9740000000000006 0.8226666666666668 0.01416666666666667 0.012333333333333337 0.09100000000000003 0.2613333333333334 0.03 0.23016666666666663 0.08633333333333333 0.19599999999999998 0.24166666666666667 0.3005000000000001 0.19866666666666663 0.3454999999999999 0.3030000000000001 0.1753333333333333 0.2496666666666666 0.47766666666666635 0.30300000000000005 0.36233333333333334 0.2476666666666667 0.4378333333333333 0.2998333333333334 0.12116666666666669 0.9458333333333337 0.36316666666666664 0.7718333333333333 0.7471666666666666 0.7565000000000001 0.8135000000000001 0.9361666666666666 0.8368333333333331 0.3005000000000001 0.5001666666666665 0.504 0.5103333333333334 0.7099999999999999 0.7818333333333333 0.46583333333333343 0.4645 0.2016666666666667 0.21233333333333335 0.2021666666666667 0.20816666666666667 0.04683333333333334 0.04800000000000001 0.6645 0.7606666666666668 0.6353333333333334 0.67 0.586 0.49183333333333323 0.2511666666666666 0.011333333333333332 0.24566666666666673 0.04749999999999998 0.04316666666666666 0.025833333333333333 
0.8330000000000001 0.48533333333333334 0.06133333333333333 0.12449999999999996 0.04683333333333331 0.052666666666666646 0.46516666666666673 0.0871666666666667 0.38666666666666666 0.18350000000000005 0.5734999999999999 0.4089999999999999 0.5528333333333333 0.439 0.495 0.41849999999999987 0.5729999999999998 0.6731666666666668 0.8559999999999995 1.0 0.13633333333333328 0.16116666666666668 0.0013333333333333333 0.0011666666666666668 0.0011666666666666668 0.0013333333333333335 0.010000000000000002 0.04166666666666668 0.5820000000000001 0.6436666666666666 0.07950000000000002 0.11183333333333335 0.8408333333333334 0.6951666666666665 0.0036666666666666666 0.002333333333333333 0.2241666666666667 0.38633333333333325 0.1616666666666667 0.19916666666666671 0.217 0.32750000000000007 0.23083333333333322 0.2898333333333334 0.18800000000000006 0.32166666666666666 0.29216666666666674 0.16449999999999998 0.23933333333333334 0.449 0.2923333333333334 0.31516666666666676 0.2371666666666666 0.41733333333333333 0.36883333333333324 0.18799999999999997 0.8741666666666665 0.4823333333333333 0.7504999999999998 0.72 0.7411666666666669 0.7771666666666667 0.8464999999999994 0.9556666666666671 0.2893333333333334 0.48216666666666663 0.4833333333333333 0.4881666666666667 0.6848333333333332 0.7509999999999999 0.39483333333333326 0.4011666666666667 0.33399999999999996 0.3438333333333334 0.33516666666666667 0.33849999999999997 0.17833333333333332 0.1788333333333333 0.5921666666666666 0.6936666666666667 0.5665 0.6231666666666665 0.5148333333333333 0.6171666666666666 0.24066666666666667 0.0018333333333333333 0.1653333333333333 0.1685 0.03366666666666667 0.007666666666666666 
0.11533333333333337 0.22899999999999998 0.5296666666666667 0.3916666666666668 0.5518333333333335 0.6240000000000001 0.343 0.29216666666666663 0.24666666666666667 0.3361666666666666 0.14333333333333328 0.2911666666666667 0.1806666666666667 0.2881666666666666 0.1375 0.23666666666666675 0.1735 0.12250000000000001 0.09850000000000003 0.13633333333333328 1.0 0.5696666666666667 0.5928333333333331 0.595333333333333 0.5931666666666665 0.592 0.6580000000000001 0.6926666666666667 0.15683333333333332 0.19433333333333333 0.33333333333333337 0.2843333333333334 0.10333333333333332 0.1081666666666667 0.5876666666666664 0.5888333333333332 0.3366666666666667 0.3195 0.4661666666666667 0.37983333333333336 0.4988333333333332 0.4156666666666667 0.41350000000000003 0.35716666666666663 0.4075 0.34666666666666673 0.35766666666666674 0.46983333333333327 0.3675 0.2821666666666667 0.36733333333333335 0.23850000000000005 0.409 0.3133333333333333 0.3796666666666667 0.5630000000000001 0.10066666666666667 0.2508333333333333 0.21000000000000005 0.24350000000000002 0.21566666666666673 0.20566666666666658 0.10666666666666666 0.1423333333333333 0.36150000000000004 0.4096666666666667 0.28883333333333333 0.2876666666666666 0.25133333333333335 0.21349999999999997 0.12499999999999999 0.122 0.3753333333333332 0.317 0.38449999999999995 0.3263333333333333 0.27266666666666667 0.30000000000000004 0.07533333333333334 0.09033333333333335 0.16533333333333336 0.13550000000000004 0.14783333333333334 0.2283333333333334 0.4038333333333335 0.5826666666666667 0.4713333333333333 0.562 0.5958333333333334 0.5166666666666667 
0.023499999999999997 0.5618333333333334 0.24250000000000005 0.36166666666666664 0.34199999999999986 0.3368333333333332 0.13849999999999996 0.24533333333333324 0.4728333333333333 0.47100000000000003 0.1595 0.5259999999999999 0.1973333333333333 0.5086666666666665 0.17900000000000005 0.4618333333333333 0.20833333333333343 0.17833333333333334 0.03016666666666666 0.16116666666666668 0.5696666666666667 1.0 0.30633333333333346 0.30866666666666676 0.30616666666666664 0.3050000000000001 0.3363333333333333 0.34116666666666673 0.18199999999999997 0.276 0.25616666666666665 0.2595 0.0285 0.056833333333333326 0.3 0.3026666666666667 0.7133333333333332 0.5996666666666668 0.8331666666666667 0.40900000000000014 0.7968333333333331 0.6516666666666667 0.19883333333333336 0.144 0.17783333333333334 0.12066666666666664 0.13949999999999999 0.24933333333333327 0.14733333333333332 0.11933333333333333 0.11833333333333332 0.09416666666666668 0.19516666666666665 0.13933333333333325 0.26366666666666666 0.6018333333333334 0.06583333333333333 0.5431666666666666 0.004 0.054333333333333345 0.004999999999999999 0.012999999999999998 0.068 0.17616666666666667 0.11199999999999999 0.14533333333333331 0.017833333333333336 0.021500000000000005 0.018833333333333334 0.010000000000000002 0.25116666666666676 0.25183333333333346 0.6033333333333333 0.5465000000000001 0.612 0.5511666666666666 0.6103333333333334 0.6276666666666667 0.13566666666666669 0.13333333333333333 0.18933333333333333 0.16149999999999998 0.2388333333333334 0.34150000000000014 0.17133333333333334 0.32283333333333336 0.44366666666666665 0.7576666666666667 0.5008333333333332 0.26899999999999996 
0.05299999999999999 0.07 0.9288333333333335 0.6525 0.8301666666666666 0.8516666666666665 0.4966666666666666 0.5180000000000001 0.11583333333333336 0.4736666666666665 0.052333333333333336 0.017 0.020000000000000004 0.013999999999999999 0.08566666666666668 0.05983333333333335 0.004833333333333333 0.0006666666666666666 0.011500000000000002 0.0013333333333333333 0.5928333333333331 0.30633333333333346 1.0 0.9943333333333335 0.9920000000000003 0.994166666666667 0.9023333333333333 0.8641666666666669 0.0021666666666666666 0.0031666666666666666 0.5954999999999999 0.5536666666666666 0.02483333333333334 0.016166666666666673 0.988666666666667 0.9895000000000002 0.09133333333333335 0.04650000000000001 0.15600000000000003 0.2 0.18966666666666662 0.09933333333333336 0.6768333333333334 0.6695 0.7708333333333335 0.6475000000000002 0.6706666666666667 0.7500000000000001 0.7184999999999998 0.4993333333333335 0.6991666666666667 0.5139999999999998 0.6759999999999999 0.4323333333333334 0.5458333333333332 0.4419999999999999 0.0016666666666666668 0.02083333333333333 0.23233333333333323 0.1906666666666667 0.24533333333333332 0.17433333333333334 0.013000000000000003 0.0013333333333333333 0.7058333333333331 0.5038333333333332 0.4769999999999998 0.46516666666666673 0.2686666666666666 0.2138333333333333 0.12966666666666665 0.12083333333333333 0.0645 0.012999999999999998 0.0763333333333333 0.016999999999999998 0.27099999999999996 0.2738333333333334 0.027666666666666676 0.0016666666666666666 0.0031666666666666666 0.0006666666666666666 0.0285 0.01916666666666667 0.722333333333333 0.9690000000000002 0.5779999999999997 0.4863333333333332 0.6156666666666666 0.8460000000000001 
0.05199999999999999 0.06883333333333334 0.9271666666666669 0.6544999999999999 0.8305000000000001 0.8531666666666665 0.4933333333333333 0.5198333333333334 0.11566666666666672 0.4736666666666667 0.05166666666666666 0.017333333333333336 0.02016666666666667 0.014333333333333333 0.08583333333333334 0.06066666666666668 0.004666666666666666 0.0006666666666666666 0.010666666666666668 0.0011666666666666668 0.595333333333333 0.30866666666666676 0.9943333333333335 1.0 0.9933333333333337 0.9928333333333336 0.903 0.8656666666666668 0.0023333333333333335 0.003 0.5948333333333331 0.5533333333333333 0.0235 0.015666666666666672 0.9860000000000001 0.9868333333333337 0.09133333333333332 0.04649999999999999 0.15699999999999997 0.19966666666666658 0.18899999999999997 0.10000000000000002 0.6736666666666666 0.6659999999999999 0.7678333333333334 0.6446666666666667 0.6676666666666669 0.7463333333333337 0.7146666666666666 0.4973333333333334 0.6975000000000001 0.5135 0.6741666666666667 0.4305000000000001 0.5439999999999999 0.44300000000000006 0.0006666666666666666 0.02 0.2304999999999999 0.19000000000000003 0.24333333333333332 0.1728333333333333 0.011500000000000003 0.001 0.7028333333333332 0.5021666666666667 0.4754999999999998 0.4638333333333333 0.26716666666666655 0.21199999999999997 0.12866666666666665 0.11966666666666667 0.06483333333333333 0.013166666666666667 0.07649999999999996 0.017166666666666667 0.2725 0.2735000000000001 0.027166666666666676 0.0015 0.0031666666666666666 0.0006666666666666666 0.028333333333333335 0.019500000000000003 0.7181666666666665 0.9680000000000003 0.5786666666666666 0.4885 0.6148333333333333 0.8445 
