1.0 0.9166666666666665 0.6738333333333334 0.4918333333333333 0.18933333333333338 0.11066666666666668 0.8296666666666668 0.6066666666666666 0.442 0.12166666666666666 0.5983333333333335 0.09183333333333332 0.24366666666666667 0.23483333333333334 0.10483333333333336 0.10383333333333335 0.0006666666666666666 0.0003333333333333333 0.879333333333333 0.4545000000000002 0.14833333333333337 0.10483333333333336 0.7576666666666667 0.30099999999999993 0.12466666666666669 0.10366666666666668 0.18133333333333326 0.10700000000000003 0.10366666666666668 0.0006666666666666666 0.10366666666666668 0.10366666666666668 0.8598333333333332 0.726 0.3628333333333334 0.0525 0.0026666666666666666 0.0006666666666666666 0.002833333333333333 0.002833333333333333 0.17499999999999996 0.0026666666666666666 0.07116666666666666 0.4371666666666667 0.7963333333333332 0.8313333333333333 0.4781666666666668 0.5876666666666666 0.8758333333333335 0.8765000000000001 0.9628333333333338 0.8911666666666668 0.780666666666667 0.9040000000000002 0.06450000000000002 0.5703333333333336 0.8900000000000002 0.7408333333333332 0.8940000000000002 0.8950000000000002 0.8936666666666668 0.8853333333333333 0.7418333333333333 0.8498333333333333 0.6410000000000001 0.4128333333333334 0.8943333333333335 0.8806666666666666 0.8880000000000001 0.8803333333333333 0.06733333333333336 0.06833333333333336 0.4893333333333334 0.6165 0.6393333333333334 0.9151666666666668 0.0023333333333333335 0.0023333333333333335 0.0006666666666666666 0.0015 0.002 0.0006666666666666666 0.37016666666666675 0.002833333333333333 0.8781666666666667 0.25650000000000006 0.10133333333333333 0.003 0.4415 0.863 
0.9166666666666665 1.0 0.7551666666666667 0.5676666666666665 0.26849999999999996 0.19199999999999995 0.8406666666666668 0.6744999999999998 0.523 0.20299999999999993 0.5238333333333334 0.16933333333333334 0.2689999999999999 0.31433333333333335 0.18599999999999997 0.1848333333333333 0.0 0.0 0.9576666666666672 0.4515000000000001 0.22766666666666663 0.18583333333333332 0.8386666666666668 0.3821666666666666 0.2058333333333333 0.1848333333333333 0.2626666666666667 0.18816666666666662 0.18466666666666665 0.0 0.1848333333333333 0.18466666666666665 0.9408333333333334 0.7239999999999999 0.38883333333333353 0.05050000000000001 0.0 0.0 0.0 0.0 0.17216666666666666 0.00016666666666666666 0.06533333333333334 0.43016666666666675 0.7888333333333333 0.8076666666666665 0.47083333333333344 0.5778333333333331 0.8124999999999999 0.8119999999999998 0.9241666666666666 0.8185000000000001 0.7476666666666668 0.8666666666666667 0.061166666666666675 0.5093333333333334 0.8128333333333333 0.7384999999999999 0.8138333333333333 0.8140000000000001 0.8140000000000001 0.8125 0.6626666666666666 0.7843333333333333 0.6695 0.3391666666666667 0.8145 0.8118333333333332 0.8124999999999999 0.8116666666666664 0.08933333333333338 0.09183333333333335 0.4248333333333332 0.5396666666666665 0.5596666666666665 0.834333333333333 0.0 0.0 0.0 0.0 0.0 0.0 0.36700000000000005 0.0 0.7975 0.20149999999999987 0.09850000000000002 0.0 0.4978333333333333 0.7916666666666667 
0.6738333333333334 0.7551666666666667 1.0 0.7944999999999999 0.4970000000000001 0.36983333333333335 0.7518333333333334 0.8176666666666667 0.5949999999999999 0.37166666666666665 0.43616666666666676 0.21100000000000002 0.3901666666666668 0.4334999999999999 0.3591666666666667 0.33149999999999996 0.006166666666666667 0.006333333333333333 0.7914999999999998 0.45250000000000007 0.3880000000000001 0.3870000000000002 0.8753333333333331 0.5353333333333334 0.3681666666666667 0.33466666666666667 0.4255 0.3625 0.3554999999999999 0.006166666666666666 0.3313333333333334 0.3313333333333334 0.8089999999999999 0.5653333333333334 0.29 0.03800000000000001 0.08250000000000002 0.008833333333333334 0.08766666666666667 0.08833333333333333 0.2588333333333333 0.07 0.02533333333333333 0.4001666666666667 0.5700000000000001 0.5691666666666666 0.46566666666666656 0.49650000000000005 0.571 0.5701666666666667 0.6838333333333334 0.5758333333333335 0.6876666666666668 0.6733333333333333 0.14916666666666661 0.48783333333333345 0.5701666666666666 0.5585 0.5706666666666667 0.5701666666666667 0.5701666666666667 0.5705 0.41916666666666663 0.5686666666666667 0.5758333333333335 0.2136666666666667 0.5708333333333333 0.5708333333333333 0.5701666666666667 0.5706666666666667 0.09966666666666665 0.10116666666666664 0.4826666666666665 0.6653333333333334 0.5108333333333334 0.5913333333333334 0.024666666666666674 0.009666666666666667 0.007833333333333335 0.006666666666666666 0.006333333333333333 0.007666666666666666 0.4555000000000001 0.08800000000000001 0.5763333333333334 0.06583333333333334 0.18733333333333327 0.08800000000000001 0.6756666666666665 0.6685 
0.4918333333333333 0.5676666666666665 0.7944999999999999 1.0 0.6829999999999999 0.45099999999999996 0.6113333333333334 0.7830000000000003 0.6516666666666668 0.44233333333333325 0.3516666666666666 0.23366666666666663 0.3208333333333333 0.35866666666666674 0.43199999999999994 0.3754999999999999 0.03483333333333334 0.030833333333333334 0.6071666666666667 0.5163333333333332 0.5188333333333335 0.5045000000000001 0.6951666666666667 0.5879999999999999 0.43050000000000005 0.38650000000000007 0.4891666666666666 0.4396666666666666 0.4691666666666668 0.035166666666666666 0.3708333333333333 0.37233333333333335 0.6131666666666669 0.38183333333333347 0.17600000000000002 0.026000000000000002 0.1768333333333334 0.048999999999999995 0.21483333333333327 0.21549999999999994 0.3758333333333334 0.16083333333333336 0.06583333333333333 0.4663333333333332 0.38316666666666677 0.3805000000000001 0.5678333333333333 0.5161666666666664 0.38416666666666677 0.3841666666666667 0.4956666666666667 0.39150000000000007 0.6393333333333333 0.4993333333333335 0.2741666666666667 0.5811666666666666 0.3868333333333334 0.3801666666666667 0.3886666666666667 0.3888333333333334 0.38866666666666666 0.3870000000000001 0.2371666666666666 0.3860000000000002 0.42 0.08600000000000002 0.3888333333333334 0.3868333333333334 0.3873333333333334 0.3863333333333334 0.12599999999999997 0.12816666666666665 0.5914999999999999 0.7156666666666665 0.5996666666666666 0.4098333333333333 0.07383333333333332 0.05183333333333334 0.036 0.03516666666666667 0.04316666666666667 0.03783333333333333 0.5839999999999999 0.21533333333333327 0.40049999999999997 0.010166666666666671 0.3166666666666666 0.21616666666666667 0.7983333333333333 0.5545 
0.18933333333333338 0.26849999999999996 0.4970000000000001 0.6829999999999999 1.0 0.7475000000000002 0.3141666666666667 0.4858333333333333 0.44149999999999984 0.7378333333333333 0.1588333333333333 0.5260000000000001 0.6106666666666666 0.6574999999999999 0.7288333333333331 0.6714999999999998 0.3278333333333333 0.324 0.30866666666666664 0.21966666666666668 0.8153333333333334 0.801 0.3993333333333334 0.4873333333333333 0.6686666666666667 0.6816666666666664 0.6216666666666667 0.7348333333333333 0.7658333333333333 0.32849999999999996 0.6661666666666666 0.6676666666666665 0.31699999999999995 0.08233333333333334 0.45666666666666667 0.3013333333333333 0.47416666666666657 0.341 0.5153333333333335 0.5158333333333336 0.5053333333333332 0.45783333333333337 0.3560000000000001 0.3075 0.08766666666666666 0.08033333333333333 0.27516666666666667 0.21883333333333335 0.08283333333333336 0.08283333333333336 0.19583333333333333 0.08899999999999998 0.34950000000000003 0.20149999999999998 0.5646666666666669 0.28466666666666673 0.084 0.08066666666666666 0.08583333333333332 0.086 0.08583333333333332 0.0845 0.32699999999999996 0.08383333333333334 0.2811666666666666 0.37799999999999995 0.086 0.08433333333333333 0.0845 0.08383333333333334 0.41800000000000004 0.42133333333333334 0.2925 0.41600000000000004 0.30149999999999993 0.107 0.36766666666666664 0.3458333333333334 0.32983333333333326 0.3289999999999999 0.33716666666666667 0.3311666666666666 0.30316666666666675 0.5166666666666668 0.0976666666666667 0.30200000000000005 0.5529999999999999 0.5168333333333336 0.5021666666666668 0.2525 
0.11066666666666668 0.19199999999999995 0.36983333333333335 0.45099999999999996 0.7475000000000002 1.0 0.1855 0.3808333333333334 0.3083333333333334 0.9656666666666669 0.13733333333333334 0.694666666666667 0.7114999999999999 0.7623333333333332 0.9615 0.8415 0.4811666666666665 0.48583333333333323 0.23049999999999998 0.07566666666666669 0.8011666666666665 0.8388333333333334 0.35166666666666674 0.6863333333333331 0.8953333333333333 0.8758333333333335 0.8583333333333334 0.973666666666667 0.8041666666666667 0.48149999999999993 0.8506666666666667 0.8509999999999998 0.2495 0.009833333333333335 0.5948333333333333 0.47250000000000014 0.46866666666666645 0.4973333333333333 0.42999999999999994 0.4298333333333333 0.2798333333333333 0.482 0.5148333333333334 0.14383333333333337 0.018166666666666675 0.006833333333333333 0.0745 0.07 0.007166666666666667 0.006833333333333333 0.121 0.01266666666666667 0.2021666666666667 0.12683333333333333 0.36883333333333324 0.06583333333333333 0.006999999999999999 0.007499999999999999 0.006999999999999999 0.007166666666666666 0.006999999999999999 0.006833333333333333 0.2521666666666667 0.006833333333333334 0.37300000000000016 0.38666666666666666 0.0075 0.006999999999999999 0.006666666666666666 0.006666666666666666 0.5948333333333334 0.5958333333333333 0.06566666666666665 0.22199999999999995 0.062333333333333324 0.02783333333333333 0.509 0.5034999999999998 0.4828333333333332 0.4803333333333334 0.4834999999999999 0.48416666666666663 0.06966666666666665 0.42966666666666664 0.022000000000000002 0.4718333333333332 0.33149999999999996 0.4238333333333333 0.28300000000000014 0.10700000000000001 
0.8296666666666668 0.8406666666666668 0.7518333333333334 0.6113333333333334 0.3141666666666667 0.1855 1.0 0.7581666666666669 0.5216666666666666 0.19249999999999998 0.5853333333333334 0.17400000000000004 0.3336666666666666 0.3391666666666667 0.18566666666666662 0.20099999999999996 0.026500000000000003 0.025833333333333333 0.8373333333333335 0.39583333333333337 0.24516666666666662 0.21216666666666664 0.7469999999999999 0.3908333333333333 0.2085 0.19666666666666666 0.2616666666666666 0.18549999999999997 0.21666666666666662 0.02683333333333334 0.1991666666666667 0.19899999999999998 0.8358333333333334 0.6311666666666667 0.4236666666666665 0.07166666666666668 0.0515 0.017833333333333333 0.058666666666666666 0.05866666666666667 0.21166666666666667 0.040666666666666684 0.05866666666666665 0.3896666666666668 0.6815000000000001 0.704 0.4884999999999999 0.5323333333333334 0.7278333333333333 0.7276666666666667 0.8388333333333337 0.7348333333333332 0.7846666666666667 0.8329999999999997 0.11616666666666671 0.5435 0.7293333333333333 0.6423333333333333 0.7303333333333333 0.73 0.7301666666666666 0.7293333333333334 0.5785000000000001 0.7070000000000001 0.7245000000000001 0.3966666666666667 0.7301666666666666 0.7293333333333334 0.73 0.7293333333333333 0.10733333333333334 0.11 0.4756666666666666 0.5945000000000001 0.6116666666666667 0.7509999999999999 0.0255 0.01816666666666667 0.026166666666666668 0.02650000000000001 0.026166666666666668 0.025666666666666667 0.4236666666666667 0.0575 0.7244999999999999 0.22766666666666666 0.15716666666666668 0.05933333333333333 0.5179999999999999 0.7765000000000001 
0.6066666666666666 0.6744999999999998 0.8176666666666667 0.7830000000000003 0.4858333333333333 0.3808333333333334 0.7581666666666669 1.0 0.5888333333333334 0.38416666666666655 0.5283333333333332 0.2808333333333332 0.5001666666666666 0.5366666666666666 0.38166666666666665 0.4066666666666666 0.08183333333333334 0.08099999999999997 0.7103333333333335 0.3765 0.43383333333333335 0.3993333333333334 0.7873333333333332 0.595 0.40733333333333327 0.4011666666666666 0.45483333333333337 0.3796666666666667 0.4225 0.07983333333333331 0.4 0.40016666666666667 0.7181666666666666 0.4870000000000001 0.2846666666666665 0.0713333333333333 0.0703333333333333 0.053333333333333316 0.07583333333333334 0.07533333333333334 0.19950000000000004 0.05783333333333331 0.026499999999999996 0.3171666666666667 0.4895000000000001 0.49183333333333334 0.4111666666666667 0.4100000000000002 0.4996666666666667 0.49983333333333335 0.6105000000000002 0.5073333333333333 0.5966666666666667 0.6276666666666667 0.11066666666666668 0.4225 0.5026666666666665 0.4818333333333334 0.5039999999999999 0.5041666666666665 0.5039999999999999 0.5026666666666666 0.3528333333333332 0.49999999999999994 0.5918333333333333 0.20666666666666672 0.5043333333333332 0.5018333333333332 0.5026666666666665 0.5015 0.1523333333333333 0.1565 0.42266666666666675 0.6301666666666665 0.4421666666666667 0.5249999999999999 0.05883333333333329 0.0605 0.08199999999999998 0.07883333333333331 0.07466666666666665 0.08249999999999998 0.41783333333333333 0.07366666666666666 0.501 0.088 0.1545 0.07383333333333332 0.6101666666666666 0.5706666666666665 
0.442 0.523 0.5949999999999999 0.6516666666666668 0.44149999999999984 0.3083333333333334 0.5216666666666666 0.5888333333333334 1.0 0.3178333333333333 0.46583333333333343 0.3901666666666667 0.3215 0.357 0.32150000000000006 0.3708333333333333 0.20933333333333337 0.20633333333333342 0.5595 0.5516666666666667 0.37549999999999994 0.3586666666666666 0.5910000000000002 0.46549999999999997 0.37099999999999994 0.3566666666666666 0.35450000000000004 0.30866666666666676 0.4366666666666667 0.20966666666666675 0.3661666666666666 0.36633333333333334 0.579 0.3671666666666667 0.2755000000000001 0.177 0.20766666666666667 0.20400000000000001 0.24366666666666675 0.24316666666666678 0.4153333333333334 0.22399999999999998 0.2053333333333333 0.44566666666666677 0.3461666666666668 0.3396666666666668 0.4889999999999998 0.4663333333333334 0.3396666666666668 0.3391666666666667 0.45250000000000007 0.34483333333333344 0.4623333333333335 0.46066666666666656 0.3035 0.5011666666666665 0.33933333333333343 0.3561666666666667 0.3396666666666668 0.3395000000000001 0.3395000000000001 0.3395000000000001 0.2639999999999999 0.3493333333333334 0.42016666666666674 0.03449999999999999 0.3396666666666668 0.3398333333333335 0.33933333333333343 0.3396666666666668 0.2861666666666667 0.2911666666666667 0.5369999999999999 0.4803333333333332 0.44533333333333336 0.36050000000000004 0.18033333333333335 0.193 0.20633333333333337 0.2106666666666667 0.20816666666666678 0.20516666666666672 0.5321666666666667 0.2455000000000001 0.3396666666666668 0.10533333333333329 0.3421666666666667 0.2456666666666667 0.6564999999999999 0.44666666666666666 
0.12166666666666666 0.20299999999999993 0.37166666666666665 0.44233333333333325 0.7378333333333333 0.9656666666666669 0.19249999999999998 0.38416666666666655 0.3178333333333333 1.0 0.13966666666666666 0.6918333333333332 0.699 0.7491666666666665 0.9536666666666668 0.8384999999999999 0.47683333333333344 0.4825 0.2415 0.07333333333333336 0.7806666666666667 0.8171666666666667 0.3633333333333333 0.6876666666666665 0.8936666666666667 0.8743333333333334 0.8563333333333335 0.9638333333333337 0.7828333333333335 0.4778333333333332 0.8481666666666665 0.8484999999999998 0.26050000000000006 0.020833333333333336 0.5906666666666668 0.47050000000000003 0.44466666666666654 0.4905 0.40399999999999997 0.4040000000000001 0.2721666666666668 0.4568333333333332 0.5059999999999999 0.14400000000000002 0.03016666666666666 0.017833333333333336 0.06716666666666665 0.06733333333333336 0.018166666666666668 0.017833333333333336 0.132 0.023666666666666666 0.1965 0.13649999999999995 0.3603333333333334 0.06049999999999999 0.018000000000000002 0.018500000000000003 0.018000000000000002 0.018166666666666668 0.018000000000000002 0.017833333333333336 0.2631666666666666 0.017833333333333336 0.3598333333333333 0.37033333333333346 0.018500000000000003 0.018000000000000002 0.01766666666666667 0.01766666666666667 0.5918333333333333 0.5925000000000001 0.06016666666666667 0.22000000000000008 0.055333333333333325 0.03883333333333333 0.5013333333333334 0.4973333333333332 0.47933333333333344 0.4761666666666667 0.4770000000000001 0.47966666666666663 0.06049999999999998 0.4028333333333333 0.03166666666666667 0.46949999999999986 0.3223333333333334 0.4 0.27649999999999997 0.11083333333333333 
0.5983333333333335 0.5238333333333334 0.43616666666666676 0.3516666666666666 0.1588333333333333 0.13733333333333334 0.5853333333333334 0.5283333333333332 0.46583333333333343 0.13966666666666666 1.0 0.23916666666666658 0.39983333333333343 0.3480000000000001 0.15283333333333332 0.2201666666666666 0.21250000000000008 0.20699999999999996 0.5003333333333333 0.3509999999999999 0.1718333333333333 0.15716666666666665 0.43983333333333346 0.2930000000000001 0.19733333333333333 0.20483333333333334 0.16883333333333334 0.14 0.21900000000000003 0.20933333333333334 0.21399999999999994 0.2143333333333333 0.49133333333333334 0.47083333333333344 0.3524999999999999 0.21850000000000006 0.12866666666666668 0.17383333333333334 0.1225 0.12016666666666664 0.23350000000000004 0.13233333333333333 0.16850000000000004 0.3074999999999999 0.5068333333333332 0.5401666666666667 0.384 0.42950000000000005 0.6013333333333334 0.6051666666666669 0.5848333333333333 0.6228333333333333 0.5351666666666666 0.619 0.1388333333333334 0.4843333333333334 0.6545000000000001 0.4926666666666666 0.6626666666666668 0.6640000000000001 0.6635000000000002 0.6450000000000001 0.5368333333333335 0.6173333333333332 0.5176666666666666 0.44133333333333324 0.6598333333333335 0.6391666666666669 0.6508333333333334 0.6371666666666668 0.18650000000000005 0.18933333333333333 0.4454999999999999 0.5491666666666665 0.5596666666666668 0.6583333333333334 0.17950000000000008 0.20883333333333326 0.21100000000000008 0.21450000000000002 0.21850000000000006 0.20816666666666667 0.34049999999999997 0.12283333333333335 0.6628333333333336 0.36883333333333335 0.17566666666666667 0.121 0.36916666666666664 0.5916666666666667 
0.09183333333333332 0.16933333333333334 0.21100000000000002 0.23366666666666663 0.5260000000000001 0.694666666666667 0.17400000000000004 0.2808333333333332 0.3901666666666667 0.6918333333333332 0.23916666666666658 1.0 0.6951666666666668 0.7118333333333333 0.7215 0.8491666666666664 0.7623333333333331 0.7696666666666665 0.188 0.12866666666666665 0.665 0.7143333333333335 0.21683333333333332 0.5971666666666665 0.6986666666666665 0.8119999999999998 0.6601666666666667 0.7125000000000001 0.7463333333333333 0.7621666666666665 0.8426666666666669 0.8410000000000004 0.1975 0.06883333333333339 0.6821666666666667 0.7183333333333333 0.5575000000000001 0.7154999999999998 0.5046666666666668 0.5046666666666668 0.3416666666666666 0.5473333333333336 0.549 0.1381666666666667 0.022666666666666665 0.012333333333333333 0.062 0.04100000000000001 0.013833333333333335 0.014500000000000002 0.11466666666666665 0.021333333333333333 0.12733333333333335 0.1476666666666667 0.4281666666666667 0.05150000000000002 0.0034999999999999996 0.048833333333333326 0.003833333333333333 0.004833333333333333 0.004166666666666667 0.0021666666666666666 0.25166666666666676 0.02816666666666667 0.4153333333333334 0.3963333333333334 0.004 0.0021666666666666666 0.0024999999999999996 0.002 0.8146666666666665 0.8219999999999998 0.11466666666666667 0.09033333333333333 0.012333333333333339 0.026166666666666668 0.6874999999999999 0.7258333333333333 0.7641666666666663 0.7588333333333332 0.7488333333333332 0.7653333333333333 0.1365 0.5053333333333333 0.0045 0.6079999999999999 0.39516666666666667 0.4973333333333333 0.16449999999999998 0.08983333333333335 
0.24366666666666667 0.2689999999999999 0.3901666666666668 0.3208333333333333 0.6106666666666666 0.7114999999999999 0.3336666666666666 0.5001666666666666 0.3215 0.699 0.39983333333333343 0.6951666666666668 1.0 0.9280000000000004 0.7271666666666665 0.7958333333333334 0.5113333333333334 0.512 0.3013333333333333 0.013166666666666669 0.7424999999999998 0.7216666666666667 0.39100000000000007 0.5720000000000001 0.6941666666666666 0.7810000000000001 0.6355000000000003 0.7143333333333334 0.7911666666666666 0.5091666666666667 0.7873333333333334 0.7883333333333334 0.32049999999999995 0.12133333333333331 0.6879999999999998 0.4805 0.39149999999999996 0.47533333333333333 0.37683333333333346 0.3756666666666667 0.21883333333333332 0.3955 0.4228333333333332 0.09616666666666668 0.1435 0.1443333333333333 0.027333333333333334 0.048833333333333326 0.17183333333333337 0.17149999999999999 0.2668333333333333 0.17933333333333334 0.24049999999999996 0.31266666666666665 0.3048333333333334 0.061833333333333323 0.15966666666666662 0.11883333333333329 0.16033333333333333 0.16116666666666662 0.16066666666666662 0.15716666666666668 0.4113333333333335 0.15249999999999997 0.5681666666666666 0.5461666666666669 0.15999999999999998 0.15683333333333332 0.15883333333333333 0.15666666666666665 0.5518333333333332 0.557 0.038 0.26983333333333337 0.05699999999999998 0.1825 0.44433333333333347 0.47666666666666674 0.5098333333333334 0.5055 0.4988333333333334 0.5126666666666666 0.013499999999999998 0.37866666666666676 0.15916666666666665 0.556 0.27 0.37066666666666676 0.17866666666666664 0.21500000000000002 
0.23483333333333334 0.31433333333333335 0.4334999999999999 0.35866666666666674 0.6574999999999999 0.7623333333333332 0.3391666666666667 0.5366666666666666 0.357 0.7491666666666665 0.3480000000000001 0.7118333333333333 0.9280000000000004 1.0 0.7768333333333334 0.8400000000000003 0.5031666666666669 0.5018333333333336 0.34949999999999987 0.010666666666666666 0.7963333333333334 0.7725 0.4428333333333333 0.6156666666666668 0.7393333333333332 0.8240000000000001 0.6838333333333334 0.7651666666666667 0.8366666666666671 0.500666666666667 0.8313333333333334 0.8326666666666668 0.37200000000000005 0.12716666666666668 0.7088333333333332 0.47600000000000003 0.39383333333333326 0.46883333333333355 0.3795000000000001 0.3783333333333334 0.21783333333333335 0.39866666666666667 0.4096666666666666 0.07816666666666668 0.1343333333333333 0.1306666666666667 0.0105 0.030500000000000003 0.13183333333333339 0.13183333333333339 0.24599999999999994 0.13766666666666671 0.20183333333333334 0.27666666666666656 0.30533333333333335 0.015833333333333335 0.13150000000000006 0.12283333333333336 0.13166666666666674 0.13183333333333339 0.13150000000000006 0.13166666666666674 0.3766666666666666 0.13000000000000006 0.5809999999999998 0.5241666666666667 0.13216666666666674 0.1313333333333334 0.13150000000000006 0.13150000000000006 0.5698333333333332 0.5746666666666665 0.008166666666666668 0.2230000000000001 0.020666666666666673 0.15250000000000002 0.44400000000000006 0.47433333333333344 0.5025000000000002 0.500166666666667 0.49350000000000016 0.5038333333333335 0.0095 0.3815 0.1281666666666667 0.511 0.2711666666666666 0.3735000000000001 0.20433333333333326 0.174 
0.10483333333333336 0.18599999999999997 0.3591666666666667 0.43199999999999994 0.7288333333333331 0.9615 0.18566666666666662 0.38166666666666665 0.32150000000000006 0.9536666666666668 0.15283333333333332 0.7215 0.7271666666666665 0.7768333333333334 1.0 0.8684999999999998 0.5065 0.5123333333333333 0.22449999999999995 0.05466666666666668 0.7989999999999999 0.8264999999999999 0.3458333333333334 0.7146666666666666 0.9210000000000004 0.9036666666666666 0.8763333333333334 0.9650000000000002 0.8068333333333332 0.5073333333333334 0.8781666666666668 0.8785 0.24333333333333332 0.0038333333333333336 0.6228333333333333 0.5000000000000001 0.4541666666666665 0.5155 0.4131666666666668 0.4131666666666666 0.2595 0.4699999999999998 0.5318333333333334 0.12400000000000004 0.013333333333333338 0.001 0.05316666666666667 0.049166666666666664 0.0011666666666666668 0.001 0.11533333333333332 0.006833333333333334 0.18150000000000002 0.12316666666666669 0.3488333333333334 0.04566666666666666 0.001 0.0016666666666666666 0.0011666666666666668 0.0011666666666666668 0.001 0.001 0.24600000000000005 0.0011666666666666668 0.3878333333333333 0.3845 0.0015 0.001 0.001 0.001 0.6201666666666664 0.6208333333333333 0.04516666666666667 0.20666666666666667 0.043166666666666666 0.02183333333333333 0.524 0.5218333333333334 0.5088333333333334 0.5055000000000001 0.5051666666666665 0.5088333333333334 0.05083333333333333 0.41350000000000003 0.015166666666666672 0.49933333333333324 0.3126666666666666 0.4065000000000001 0.25999999999999995 0.09416666666666668 
0.10383333333333335 0.1848333333333333 0.33149999999999996 0.3754999999999999 0.6714999999999998 0.8415 0.20099999999999996 0.4066666666666666 0.3708333333333333 0.8384999999999999 0.2201666666666666 0.8491666666666664 0.7958333333333334 0.8400000000000003 0.8684999999999998 1.0 0.6350000000000001 0.6391666666666668 0.22349999999999995 0.009000000000000001 0.8103333333333336 0.8500000000000001 0.33616666666666667 0.7423333333333336 0.8434999999999997 0.9583333333333331 0.8046666666666666 0.8594999999999997 0.8820000000000003 0.6358333333333333 0.9826666666666671 0.9830000000000004 0.24249999999999997 0.002833333333333333 0.7103333333333333 0.6041666666666665 0.43999999999999995 0.5945 0.38733333333333336 0.3868333333333334 0.2236666666666667 0.43199999999999994 0.4823333333333332 0.0845 0.011333333333333332 0.0 0.011333333333333336 0.006166666666666668 0.0 0.0 0.11433333333333331 0.005833333333333333 0.12799999999999997 0.14300000000000002 0.31100000000000005 0.0085 0.0 0.0013333333333333333 0.00016666666666666666 0.0003333333333333333 0.00016666666666666666 0.0 0.2451666666666667 0.0 0.4526666666666669 0.3966666666666667 0.0005 0.0 0.0 0.0 0.7081666666666666 0.7145 0.009166666666666668 0.169 0.005833333333333334 0.020999999999999998 0.5688333333333333 0.6061666666666667 0.6376666666666667 0.6333333333333334 0.6271666666666667 0.6378333333333335 0.015000000000000003 0.38766666666666666 0.0003333333333333333 0.5974999999999997 0.2773333333333333 0.37933333333333336 0.21916666666666668 0.07649999999999998 
0.0006666666666666666 0.0 0.006166666666666667 0.03483333333333334 0.3278333333333333 0.4811666666666665 0.026500000000000003 0.08183333333333334 0.20933333333333337 0.47683333333333344 0.21250000000000008 0.7623333333333331 0.5113333333333334 0.5031666666666669 0.5065 0.6350000000000001 1.0 0.9740000000000005 0.0 0.29150000000000004 0.46616666666666673 0.5175 0.011500000000000002 0.38033333333333325 0.48166666666666663 0.597 0.44283333333333325 0.4978333333333334 0.5456666666666665 0.9803333333333338 0.6273333333333333 0.6266666666666667 0.0 0.22883333333333325 0.54 0.8783333333333334 0.7356666666666668 0.9366666666666669 0.6813333333333332 0.6818333333333334 0.5183333333333333 0.7251666666666665 0.6751666666666665 0.262 0.11566666666666667 0.095 0.18416666666666665 0.14400000000000002 0.059333333333333335 0.059500000000000004 0.0015 0.04516666666666666 0.010833333333333332 0.036000000000000004 0.6016666666666669 0.11633333333333333 0.020666666666666663 0.20316666666666666 0.013999999999999997 0.012833333333333334 0.013500000000000003 0.029666666666666668 0.2026666666666667 0.0675 0.25599999999999995 0.42333333333333345 0.014666666666666663 0.035333333333333335 0.022166666666666668 0.03533333333333333 0.8681666666666668 0.87 0.18349999999999997 0.03683333333333333 0.03166666666666666 0.012833333333333334 0.8611666666666667 0.9015 0.9845000000000003 0.9701666666666668 0.9391666666666667 0.9776666666666672 0.30733333333333335 0.6824999999999999 0.012166666666666668 0.6560000000000001 0.5735000000000001 0.6743333333333332 0.08383333333333337 0.006500000000000001 
0.0003333333333333333 0.0 0.006333333333333333 0.030833333333333334 0.324 0.48583333333333323 0.025833333333333333 0.08099999999999997 0.20633333333333342 0.4825 0.20699999999999996 0.7696666666666665 0.512 0.5018333333333336 0.5123333333333333 0.6391666666666668 0.9740000000000005 1.0 0.0 0.28283333333333327 0.4621666666666668 0.5133333333333331 0.012500000000000002 0.38633333333333325 0.4875 0.6026666666666667 0.44883333333333325 0.5035 0.5421666666666666 0.9760000000000005 0.6333333333333334 0.632 0.0 0.22299999999999998 0.5441666666666668 0.8763333333333333 0.7253333333333335 0.9316666666666669 0.6706666666666666 0.671 0.5081666666666667 0.7156666666666668 0.6821666666666666 0.2651666666666667 0.1225 0.10083333333333336 0.18550000000000005 0.14683333333333332 0.06533333333333334 0.06516666666666668 0.003833333333333333 0.050999999999999976 0.011500000000000002 0.03716666666666665 0.5915000000000001 0.11716666666666668 0.0155 0.1973333333333333 0.00916666666666667 0.007666666666666667 0.009000000000000003 0.024166666666666666 0.20433333333333337 0.062 0.2551666666666666 0.41666666666666674 0.010000000000000002 0.02916666666666666 0.017333333333333343 0.029333333333333336 0.8716666666666668 0.8723333333333335 0.17333333333333337 0.03616666666666666 0.022333333333333337 0.009166666666666667 0.8538333333333337 0.8946666666666668 0.9758333333333339 0.9608333333333338 0.9296666666666666 0.9756666666666672 0.2965 0.6718333333333334 0.007500000000000002 0.667 0.5626666666666664 0.6631666666666667 0.07416666666666669 0.0085 
0.879333333333333 0.9576666666666672 0.7914999999999998 0.6071666666666667 0.30866666666666664 0.23049999999999998 0.8373333333333335 0.7103333333333335 0.5595 0.2415 0.5003333333333333 0.188 0.3013333333333333 0.34949999999999987 0.22449999999999995 0.22349999999999995 0.0 0.0 1.0 0.45166666666666677 0.2676666666666667 0.22449999999999995 0.8765000000000001 0.42066666666666663 0.2443333333333333 0.22333333333333327 0.3011666666666667 0.2268333333333333 0.22266666666666662 0.0 0.22333333333333327 0.22333333333333327 0.9698333333333334 0.7231666666666666 0.37616666666666665 0.05050000000000001 0.0 0.0 0.0 0.0 0.1723333333333333 0.00016666666666666666 0.04766666666666668 0.40850000000000003 0.7669999999999998 0.7696666666666665 0.4431666666666667 0.5426666666666666 0.7726666666666665 0.7731666666666664 0.8854999999999997 0.7798333333333332 0.7125 0.8300000000000002 0.06133333333333334 0.47033333333333327 0.774833333333333 0.735 0.7758333333333332 0.7763333333333331 0.7761666666666664 0.7746666666666665 0.6246666666666664 0.7536666666666666 0.6756666666666666 0.3010000000000001 0.7764999999999997 0.7741666666666664 0.7748333333333332 0.7734999999999999 0.08950000000000002 0.09200000000000001 0.4183333333333332 0.5263333333333333 0.5213333333333334 0.7964999999999998 0.0 0.0 0.0 0.0 0.0 0.0 0.3671666666666667 0.0 0.7593333333333332 0.16250000000000003 0.09866666666666667 0.0 0.5348333333333335 0.7543333333333332 
0.4545000000000002 0.4515000000000001 0.45250000000000007 0.5163333333333332 0.21966666666666668 0.07566666666666669 0.39583333333333337 0.3765 0.5516666666666667 0.07333333333333336 0.3509999999999999 0.12866666666666665 0.013166666666666669 0.010666666666666666 0.05466666666666668 0.009000000000000001 0.29150000000000004 0.28283333333333327 0.45166666666666677 1.0 0.09066666666666671 0.10483333333333336 0.4438333333333334 0.20733333333333334 0.05533333333333335 0.004666666666666666 0.1176666666666667 0.06300000000000001 0.0896666666666667 0.29266666666666663 0.006833333333333334 0.007333333333333333 0.45166666666666677 0.7094999999999999 0.013000000000000001 0.32249999999999995 0.4856666666666667 0.3318333333333334 0.5216666666666667 0.5205 0.6955000000000001 0.5035000000000001 0.2588333333333333 0.6455 0.4985 0.4846666666666667 0.677 0.6741666666666668 0.4545 0.45350000000000007 0.4508333333333334 0.4550000000000001 0.493 0.4223333333333333 0.5883333333333334 0.6256666666666666 0.5246666666666666 0.701 0.5176666666666666 0.5141666666666668 0.5163333333333333 0.5351666666666667 0.25850000000000006 0.5728333333333333 0.23083333333333328 0.1075 0.5186666666666665 0.5378333333333334 0.5276666666666666 0.5395000000000002 0.2735000000000001 0.2681666666666667 0.8111666666666667 0.5139999999999999 0.6225 0.48883333333333334 0.3955 0.3710000000000001 0.29133333333333333 0.31183333333333335 0.34149999999999997 0.28416666666666673 0.8934999999999998 0.5218333333333333 0.5288333333333334 0.012666666666666666 0.6213333333333333 0.5226666666666667 0.6988333333333333 0.48949999999999994 
0.14833333333333337 0.22766666666666663 0.3880000000000001 0.5188333333333335 0.8153333333333334 0.8011666666666665 0.24516666666666662 0.43383333333333335 0.37549999999999994 0.7806666666666667 0.1718333333333333 0.665 0.7424999999999998 0.7963333333333334 0.7989999999999999 0.8103333333333336 0.46616666666666673 0.4621666666666668 0.2676666666666667 0.09066666666666671 1.0 0.8911666666666664 0.36283333333333323 0.5995000000000001 0.7505 0.8113333333333336 0.7036666666666666 0.7979999999999998 0.8835000000000001 0.46683333333333343 0.8036666666666668 0.8055000000000001 0.2770000000000001 0.04216666666666668 0.5831666666666666 0.4361666666666668 0.48933333333333323 0.46299999999999997 0.5043333333333332 0.5031666666666667 0.3433333333333334 0.47733333333333333 0.4175000000000001 0.17383333333333334 0.046833333333333345 0.040166666666666684 0.11833333333333336 0.08533333333333333 0.04250000000000001 0.04283333333333334 0.15600000000000003 0.04916666666666667 0.20533333333333328 0.18899999999999997 0.4308333333333333 0.12950000000000003 0.04316666666666667 0.04033333333333335 0.044833333333333336 0.044833333333333336 0.044833333333333336 0.044 0.28966666666666663 0.043500000000000004 0.4218333333333335 0.47016666666666657 0.04499999999999999 0.04366666666666667 0.04366666666666667 0.04333333333333334 0.5521666666666667 0.5558333333333334 0.13566666666666669 0.2893333333333333 0.1383333333333333 0.0655 0.4483333333333332 0.4690000000000001 0.46766666666666673 0.46716666666666673 0.4728333333333334 0.4693333333333334 0.1371666666666667 0.507 0.04233333333333333 0.4336666666666666 0.3983333333333334 0.4991666666666665 0.34000000000000014 0.16616666666666668 
0.10483333333333336 0.18583333333333332 0.3870000000000002 0.5045000000000001 0.801 0.8388333333333334 0.21216666666666664 0.3993333333333334 0.3586666666666666 0.8171666666666667 0.15716666666666665 0.7143333333333335 0.7216666666666667 0.7725 0.8264999999999999 0.8500000000000001 0.5175 0.5133333333333331 0.22449999999999995 0.10483333333333336 0.8911666666666664 1.0 0.32683333333333336 0.6183333333333334 0.7646666666666668 0.8269999999999998 0.7360000000000003 0.8403333333333333 0.8833333333333332 0.5198333333333334 0.8425000000000001 0.8430000000000001 0.2408333333333333 0.003333333333333333 0.5931666666666666 0.4773333333333334 0.5701666666666667 0.53 0.5293333333333333 0.5286666666666666 0.3646666666666667 0.5355000000000002 0.4511666666666668 0.1938333333333333 0.0085 0.0 0.14416666666666667 0.09849999999999999 0.0 0.0 0.11333333333333333 0.005833333333333333 0.23166666666666663 0.1418333333333333 0.4528333333333333 0.14733333333333332 0.0 0.0018333333333333335 0.0011666666666666668 0.0013333333333333333 0.0011666666666666668 0.0006666666666666666 0.2461666666666667 0.0005 0.4011666666666667 0.45116666666666655 0.0015 0.0 0.0 0.0 0.6091666666666667 0.6128333333333335 0.14600000000000002 0.265 0.14483333333333337 0.022000000000000002 0.5231666666666667 0.5338333333333332 0.52 0.5204999999999999 0.5294999999999999 0.5213333333333333 0.1573333333333333 0.5293333333333335 0.010666666666666666 0.46533333333333327 0.4198333333333332 0.5218333333333335 0.3596666666666667 0.1463333333333333 
0.7576666666666667 0.8386666666666668 0.8753333333333331 0.6951666666666667 0.3993333333333334 0.35166666666666674 0.7469999999999999 0.7873333333333332 0.5910000000000002 0.3633333333333333 0.43983333333333346 0.21683333333333332 0.39100000000000007 0.4428333333333333 0.3458333333333334 0.33616666666666667 0.011500000000000002 0.012500000000000002 0.8765000000000001 0.4438333333333334 0.36283333333333323 0.32683333333333336 1.0 0.5398333333333334 0.366 0.3421666666666666 0.42283333333333345 0.3483333333333333 0.32899999999999996 0.011666666666666669 0.3375 0.3368333333333334 0.8959999999999999 0.6508333333333336 0.3098333333333334 0.05133333333333332 0.0026666666666666666 0.009500000000000001 0.0005 0.0003333333333333333 0.16966666666666666 0.006 0.02283333333333333 0.353 0.660666666666667 0.6535000000000001 0.3815 0.45849999999999985 0.6540000000000002 0.654 0.768 0.6598333333333334 0.6233333333333333 0.731 0.061000000000000006 0.39866666666666667 0.6541666666666669 0.6431666666666669 0.6536666666666667 0.6536666666666668 0.6533333333333334 0.6538333333333334 0.5023333333333331 0.6515000000000002 0.6023333333333334 0.19050000000000003 0.6543333333333335 0.6535000000000001 0.6533333333333334 0.6535000000000001 0.10516666666666666 0.10683333333333334 0.39533333333333326 0.5763333333333333 0.4215 0.6745000000000002 0.008666666666666668 0.010666666666666668 0.011833333333333336 0.011500000000000003 0.010000000000000002 0.012666666666666668 0.366 0.0003333333333333333 0.6389999999999998 0.08083333333333334 0.09783333333333336 0.0006666666666666666 0.5896666666666667 0.6403333333333333 
0.30099999999999993 0.3821666666666666 0.5353333333333334 0.5879999999999999 0.4873333333333333 0.6863333333333331 0.3908333333333333 0.595 0.46549999999999997 0.6876666666666665 0.2930000000000001 0.5971666666666665 0.5720000000000001 0.6156666666666668 0.7146666666666666 0.7423333333333336 0.38033333333333325 0.38633333333333325 0.42066666666666663 0.20733333333333334 0.5995000000000001 0.6183333333333334 0.5398333333333334 1.0 0.7550000000000001 0.7758333333333334 0.8030000000000002 0.6996666666666665 0.6358333333333334 0.38083333333333336 0.7521666666666667 0.7523333333333332 0.4398333333333334 0.20016666666666658 0.5076666666666667 0.3913333333333333 0.2198333333333333 0.3655000000000001 0.1715 0.17016666666666672 0.0415 0.22483333333333327 0.3018333333333334 0.18716666666666665 0.20866666666666664 0.1973333333333333 0.20600000000000002 0.2058333333333334 0.19749999999999995 0.1973333333333333 0.3115 0.20316666666666666 0.3331666666666666 0.3345 0.10466666666666664 0.20116666666666663 0.1973333333333333 0.19799999999999998 0.1973333333333333 0.1973333333333333 0.19716666666666666 0.1973333333333333 0.08599999999999997 0.19749999999999995 0.6166666666666666 0.18400000000000002 0.19766666666666666 0.1973333333333333 0.1973333333333333 0.1973333333333333 0.4823333333333332 0.4861666666666666 0.20116666666666666 0.3785 0.20133333333333334 0.21800000000000005 0.3445 0.377 0.3823333333333334 0.37916666666666665 0.37433333333333335 0.38300000000000006 0.20250000000000004 0.17099999999999993 0.19883333333333333 0.37350000000000017 0.09483333333333333 0.16316666666666665 0.4151666666666667 0.27466666666666656 
0.12466666666666669 0.2058333333333333 0.3681666666666667 0.43050000000000005 0.6686666666666667 0.8953333333333333 0.2085 0.40733333333333327 0.37099999999999994 0.8936666666666667 0.19733333333333333 0.6986666666666665 0.6941666666666666 0.7393333333333332 0.9210000000000004 0.8434999999999997 0.48166666666666663 0.4875 0.2443333333333333 0.05533333333333335 0.7505 0.7646666666666668 0.366 0.7550000000000001 1.0 0.8805 0.8644999999999997 0.8993333333333332 0.7688333333333334 0.482 0.8533333333333334 0.8536666666666666 0.2631666666666667 0.023666666666666666 0.6001666666666667 0.47700000000000004 0.3839999999999999 0.4766666666666666 0.3438333333333333 0.34349999999999986 0.2101666666666667 0.4001666666666665 0.484 0.11083333333333334 0.03316666666666667 0.020833333333333336 0.05050000000000001 0.05083333333333333 0.021 0.020833333333333336 0.13516666666666663 0.02666666666666667 0.17966666666666664 0.1455 0.28550000000000003 0.04333333333333333 0.020833333333333336 0.0215 0.021 0.021 0.020833333333333336 0.020833333333333336 0.21650000000000003 0.021 0.4021666666666666 0.3371666666666668 0.021333333333333333 0.020833333333333336 0.020833333333333336 0.020833333333333336 0.5891666666666665 0.5921666666666667 0.043 0.21816666666666662 0.041999999999999996 0.04166666666666667 0.4716666666666668 0.48516666666666663 0.48350000000000004 0.48050000000000004 0.47749999999999987 0.48433333333333345 0.048 0.34449999999999986 0.0285 0.47500000000000014 0.2608333333333333 0.33716666666666667 0.25849999999999995 0.10633333333333334 
