1.0 0.8081666666666666 0.07883333333333332 0.0 0.0025 0.009166666666666667 0.4371666666666668 0.19949999999999998 0.36033333333333334 0.1465 0.9745000000000005 0.324 0.6534999999999997 0.2760000000000001 0.6963333333333336 0.12766666666666665 0.8801666666666665 0.9268333333333331 0.4355000000000003 0.17233333333333334 0.009500000000000001 0.43666666666666676 0.0 0.0 0.002 0.0 0.002 0.0013333333333333333 0.973666666666667 0.9431666666666666 0.3345000000000001 0.07833333333333332 0.5924999999999998 0.19616666666666663 0.0 0.0 0.5026666666666666 0.13683333333333336 0.5399999999999999 0.20816666666666658 0.8836666666666666 0.9673333333333335 0.4556666666666666 0.7118333333333333 0.006499999999999999 0.010833333333333335 0.4695000000000002 0.5754999999999999 0.4645 0.6955000000000001 0.8713333333333335 0.35050000000000003 0.7819999999999996 0.7948333333333334 0.5658333333333333 0.7793333333333335 0.9845000000000002 0.9815000000000002 0.9124999999999999 0.6478333333333333 0.5078333333333334 0.13733333333333334 0.9808333333333337 0.982166666666667 0.0 0.0 0.0 0.0 0.7886666666666667 0.5496666666666666 0.5598333333333333 0.5601666666666665 0.7128333333333332 0.7154999999999997 0.7106666666666664 0.5265000000000001 0.4315 0.095 0.9526666666666668 0.050166666666666686 0.9808333333333337 0.9596666666666668 0.9806666666666669 0.5280000000000001 0.04866666666666667 0.0185 0.03716666666666667 0.06083333333333332 0.2686666666666666 0.46316666666666656 
0.8081666666666666 1.0 0.2273333333333334 0.16499999999999995 0.10183333333333333 0.17533333333333334 0.5891666666666666 0.35633333333333334 0.38049999999999995 0.31016666666666665 0.8135000000000001 0.489 0.8126666666666668 0.4313333333333334 0.6628333333333335 0.2783333333333334 0.7056666666666667 0.7496666666666667 0.5965 0.3405000000000002 0.1133333333333333 0.295 0.13216666666666668 0.13350000000000004 0.10183333333333333 0.14116666666666666 0.09950000000000003 0.10499999999999998 0.7971666666666667 0.7981666666666666 0.4185000000000003 0.16766666666666666 0.47516666666666674 0.3388333333333334 0.14400000000000002 0.14500000000000002 0.5385 0.2156666666666666 0.3975 0.14733333333333332 0.7065 0.7991666666666668 0.46166666666666667 0.5368333333333333 0.11316666666666665 0.12966666666666668 0.6008333333333336 0.3998333333333332 0.2866666666666666 0.5193333333333333 0.6924999999999999 0.17700000000000002 0.6031666666666665 0.6194999999999999 0.3903333333333335 0.6061666666666667 0.8086666666666666 0.8081666666666666 0.7765 0.6491666666666667 0.6578333333333333 0.29533333333333334 0.8045 0.8038333333333334 0.14816666666666664 0.16 0.1448333333333333 0.14699999999999996 0.8091666666666666 0.6251666666666665 0.39466666666666683 0.4323333333333334 0.5436666666666667 0.6603333333333334 0.5961666666666666 0.35 0.569 0.24349999999999994 0.8078333333333334 0.09116666666666667 0.8038333333333334 0.7880000000000003 0.8071666666666668 0.6511666666666669 0.11666666666666665 0.15316666666666665 0.09916666666666668 0.19883333333333336 0.4325000000000002 0.6360000000000001 
0.07883333333333332 0.2273333333333334 1.0 0.8549999999999998 0.7908333333333332 0.6763333333333331 0.4025 0.7863333333333332 0.3568333333333335 0.6591666666666667 0.08416666666666667 0.6738333333333334 0.33749999999999986 0.6401666666666667 0.183 0.6988333333333333 0.08166666666666668 0.0891666666666667 0.355 0.7186666666666666 0.7208333333333333 0.31099999999999994 0.8553333333333335 0.8503333333333335 0.8293333333333335 0.8676666666666668 0.8261666666666666 0.7121666666666664 0.08299999999999999 0.08733333333333335 0.5149999999999999 0.7111666666666665 0.2631666666666666 0.5583333333333332 0.8741666666666668 0.8738333333333336 0.31733333333333325 0.5908333333333333 0.273 0.5771666666666665 0.10583333333333333 0.08266666666666665 0.41833333333333333 0.08650000000000002 0.7801666666666667 0.8538333333333334 0.4088333333333335 0.21749999999999997 0.32 0.12333333333333334 0.06633333333333333 0.5203333333333334 0.07716666666666666 0.09416666666666665 0.2728333333333333 0.07316666666666666 0.07899999999999999 0.07749999999999999 0.09633333333333331 0.2144999999999999 0.37549999999999994 0.7694999999999996 0.08149999999999999 0.07949999999999999 0.8776666666666668 0.8604999999999999 0.8726666666666664 0.8774999999999998 0.1541666666666667 0.2341666666666667 0.25816666666666666 0.24766666666666665 0.1046666666666667 0.17983333333333335 0.11883333333333335 0.2876666666666667 0.42916666666666664 0.6976666666666667 0.08966666666666664 0.6116666666666668 0.08149999999999999 0.08733333333333332 0.08149999999999999 0.24116666666666667 0.7230000000000001 0.8163333333333334 0.6993333333333333 0.7945 0.6325 0.3545 
0.0 0.16499999999999995 0.8549999999999998 1.0 0.8869999999999998 0.804 0.3361666666666666 0.7486666666666667 0.2868333333333334 0.6341666666666667 0.010166666666666666 0.629 0.27516666666666667 0.5994999999999999 0.10116666666666668 0.6818333333333334 0.08866666666666669 0.007666666666666666 0.30366666666666664 0.6836666666666664 0.7821666666666668 0.3790000000000001 0.9481666666666668 0.9521666666666668 0.9213333333333334 0.9620000000000002 0.9178333333333332 0.808833333333333 0.0 0.004999999999999999 0.5215000000000001 0.7665000000000001 0.17000000000000007 0.5168333333333334 0.9598333333333336 0.9598333333333338 0.4061666666666667 0.6548333333333334 0.35749999999999993 0.5033333333333332 0.06883333333333332 0.0 0.41900000000000004 0.09366666666666665 0.8771666666666669 0.9511666666666665 0.36649999999999994 0.19333333333333333 0.3145 0.07066666666666664 0.003333333333333333 0.6170000000000001 0.013500000000000002 0.021166666666666667 0.2381666666666667 0.01583333333333333 0.0 0.0 0.02716666666666667 0.17766666666666667 0.31316666666666665 0.7548333333333334 0.0 0.0 0.9633333333333336 0.9815000000000008 0.9483333333333335 0.9615 0.09766666666666665 0.2014999999999999 0.3375 0.3238333333333334 0.1916666666666666 0.07050000000000001 0.028833333333333332 0.3654999999999999 0.3225 0.759833333333333 0.009000000000000001 0.6730000000000002 0.0 0.0023333333333333335 0.0 0.2251666666666666 0.800833333333333 0.9184999999999998 0.7651666666666668 0.7769999999999999 0.5845000000000001 0.32366666666666666 
0.0025 0.10183333333333333 0.7908333333333332 0.8869999999999998 1.0 0.7738333333333336 0.26550000000000007 0.6469999999999999 0.3245 0.6046666666666666 0.003 0.5623333333333332 0.21000000000000008 0.5375 0.10283333333333335 0.6255000000000002 0.09116666666666669 0.008833333333333334 0.23583333333333326 0.601 0.7821666666666666 0.38449999999999995 0.9006666666666664 0.9013333333333331 0.9473333333333335 0.9138333333333334 0.9488333333333335 0.9055 0.0008333333333333334 0.005666666666666666 0.5833333333333333 0.7848333333333334 0.1731666666666667 0.4635 0.9053333333333333 0.9036666666666665 0.34066666666666656 0.7493333333333334 0.32799999999999996 0.4935000000000001 0.06999999999999999 0.0031666666666666666 0.43450000000000005 0.126 0.9420000000000003 0.913333333333333 0.3674999999999999 0.23649999999999996 0.3576666666666666 0.11366666666666665 0.01566666666666667 0.616 0.050666666666666645 0.05999999999999995 0.282 0.05149999999999998 0.0008333333333333334 0.0011666666666666668 0.014333333333333333 0.15066666666666662 0.24416666666666664 0.6709999999999999 0.0008333333333333334 0.0008333333333333334 0.9009999999999997 0.8953333333333329 0.8896666666666667 0.9023333333333333 0.06533333333333333 0.17433333333333334 0.3121666666666666 0.32299999999999995 0.19349999999999998 0.09083333333333332 0.0345 0.3276666666666666 0.3103333333333334 0.7088333333333335 0.006 0.6641666666666669 0.0008333333333333334 0.009166666666666667 0.0008333333333333334 0.2053333333333333 0.8156666666666667 0.8636666666666666 0.7856666666666663 0.7158333333333331 0.5665000000000001 0.2891666666666666 
0.009166666666666667 0.17533333333333334 0.6763333333333331 0.804 0.7738333333333336 1.0 0.3479999999999999 0.649 0.4145 0.8008333333333334 0.01983333333333333 0.6348333333333334 0.28266666666666673 0.6638333333333333 0.10800000000000003 0.757 0.09016666666666667 0.04000000000000001 0.37866666666666665 0.7275 0.5985 0.25883333333333336 0.7595000000000001 0.768 0.7328333333333333 0.774 0.7326666666666667 0.8548333333333333 0.007833333333333333 0.012833333333333332 0.5008333333333331 0.6138333333333333 0.17466666666666672 0.43133333333333335 0.7701666666666667 0.771666666666667 0.2904999999999999 0.7146666666666667 0.19683333333333336 0.3291666666666667 0.06099999999999997 0.008333333333333333 0.28149999999999986 0.24066666666666667 0.8029999999999999 0.7629999999999998 0.42950000000000005 0.36633333333333323 0.4916666666666666 0.25066666666666676 0.09116666666666667 0.49316666666666653 0.17883333333333343 0.16949999999999996 0.39466666666666655 0.16866666666666666 0.009333333333333334 0.010500000000000002 0.04333333333333333 0.3206666666666667 0.32683333333333336 0.7381666666666666 0.008 0.008333333333333333 0.7745000000000004 0.7973333333333333 0.7591666666666669 0.7745000000000003 0.19783333333333328 0.38983333333333337 0.20500000000000004 0.19033333333333335 0.16816666666666666 0.056499999999999995 0.03516666666666666 0.1971666666666667 0.31916666666666665 0.6458333333333335 0.017833333333333333 0.4848333333333334 0.008166666666666666 0.020000000000000004 0.009333333333333334 0.3776666666666666 0.6206666666666667 0.7408333333333331 0.5781666666666667 0.7001666666666668 0.7036666666666668 0.48166666666666663 
0.4371666666666668 0.5891666666666666 0.4025 0.3361666666666666 0.26550000000000007 0.3479999999999999 1.0 0.5514999999999999 0.6851666666666665 0.4861666666666668 0.4526666666666669 0.6676666666666666 0.7591666666666668 0.6068333333333332 0.6688333333333332 0.44416666666666665 0.3321666666666666 0.3913333333333334 0.7956666666666667 0.5068333333333335 0.3683333333333333 0.1905 0.29899999999999993 0.2993333333333334 0.267 0.3065 0.264 0.2669999999999999 0.4395000000000001 0.4428333333333334 0.6355 0.3385 0.7831666666666667 0.6933333333333335 0.3103333333333334 0.3115 0.20333333333333325 0.3493333333333332 0.04733333333333333 0.44383333333333325 0.3796666666666667 0.4320000000000001 0.1303333333333333 0.15999999999999995 0.27599999999999997 0.2960000000000001 0.2753333333333334 0.12900000000000003 0.11216666666666666 0.18999999999999997 0.3254999999999999 0.09849999999999999 0.2329999999999999 0.2563333333333333 0.14333333333333334 0.22616666666666663 0.4371666666666667 0.434 0.5065 0.3368333333333332 0.9150000000000001 0.48583333333333334 0.4433333333333334 0.44299999999999995 0.31566666666666665 0.32949999999999996 0.3133333333333333 0.3146666666666667 0.44516666666666665 0.33049999999999996 0.07099999999999998 0.08033333333333333 0.309 0.4575 0.6355 0.067 0.9021666666666667 0.47516666666666657 0.43916666666666665 0.4228333333333334 0.43466666666666653 0.4136666666666666 0.43416666666666665 0.3566666666666667 0.26566666666666666 0.3106666666666667 0.254 0.3638333333333334 0.5883333333333334 0.4243333333333333 
0.19949999999999998 0.35633333333333334 0.7863333333333332 0.7486666666666667 0.6469999999999999 0.649 0.5514999999999999 1.0 0.4951666666666668 0.8019999999999999 0.20866666666666664 0.8333333333333333 0.4671666666666667 0.8125000000000001 0.29666666666666663 0.7958333333333332 0.09666666666666666 0.17116666666666672 0.48666666666666664 0.8686666666666669 0.5458333333333334 0.15783333333333338 0.7041666666666666 0.7063333333333334 0.677 0.7188333333333332 0.674 0.5956666666666667 0.19216666666666662 0.19616666666666668 0.4889999999999998 0.6028333333333334 0.36416666666666664 0.47200000000000003 0.7173333333333334 0.7178333333333333 0.18933333333333333 0.5166666666666666 0.1315 0.4871666666666665 0.11816666666666663 0.192 0.30149999999999993 0.11483333333333329 0.6499999999999999 0.7075 0.4441666666666667 0.30183333333333334 0.37533333333333324 0.2508333333333334 0.18016666666666672 0.39933333333333343 0.1996666666666667 0.19583333333333336 0.34449999999999986 0.1806666666666667 0.19983333333333328 0.20099999999999998 0.23199999999999998 0.39566666666666656 0.528 0.8865000000000001 0.19816666666666666 0.19933333333333333 0.7206666666666665 0.7394999999999997 0.7066666666666667 0.7221666666666665 0.31066666666666665 0.4 0.12533333333333332 0.09916666666666671 0.0215 0.22583333333333336 0.22 0.14416666666666667 0.5048333333333332 0.5328333333333333 0.20116666666666666 0.4431666666666665 0.19333333333333333 0.18450000000000003 0.196 0.30466666666666664 0.5598333333333335 0.679 0.5256666666666666 0.7560000000000001 0.7901666666666667 0.5043333333333333 
0.36033333333333334 0.38049999999999995 0.3568333333333335 0.2868333333333334 0.3245 0.4145 0.6851666666666665 0.4951666666666668 1.0 0.5528333333333333 0.35783333333333334 0.5356666666666666 0.5435 0.5515 0.6235 0.5041666666666667 0.2744999999999999 0.3561666666666665 0.6331666666666667 0.5276666666666668 0.3295 0.16733333333333333 0.2881666666666667 0.2936666666666667 0.2848333333333333 0.2806666666666666 0.28733333333333344 0.3843333333333333 0.3701666666666668 0.38683333333333325 0.45616666666666666 0.3206666666666667 0.6548333333333334 0.5229999999999999 0.2791666666666667 0.2768333333333333 0.07683333333333332 0.4475 0.11349999999999999 0.4891666666666667 0.31016666666666665 0.3663333333333334 0.13933333333333336 0.30900000000000005 0.3321666666666668 0.283 0.32983333333333326 0.34383333333333327 0.3281666666666666 0.4256666666666667 0.34583333333333327 0.14083333333333334 0.4129999999999999 0.41716666666666663 0.3514999999999999 0.3715000000000001 0.36816666666666664 0.3689999999999998 0.38866666666666666 0.3876666666666667 0.6539999999999999 0.469 0.371 0.3721666666666667 0.27866666666666673 0.2866666666666666 0.2683333333333333 0.27866666666666673 0.42133333333333334 0.42249999999999993 0.1298333333333333 0.11066666666666666 0.2464999999999999 0.4118333333333332 0.5481666666666668 0.11466666666666668 0.6723333333333332 0.31566666666666665 0.3768333333333333 0.4023333333333333 0.36666666666666664 0.36966666666666675 0.3661666666666667 0.4219999999999999 0.275 0.29016666666666674 0.27166666666666667 0.3808333333333334 0.6285 0.4815 
0.1465 0.31016666666666665 0.6591666666666667 0.6341666666666667 0.6046666666666666 0.8008333333333334 0.4861666666666668 0.8019999999999999 0.5528333333333333 1.0 0.15383333333333332 0.7815000000000001 0.4168333333333334 0.8146666666666667 0.24400000000000005 0.9003333333333333 0.05299999999999998 0.1541666666666667 0.54 0.900666666666667 0.4293333333333333 0.07833333333333332 0.5906666666666667 0.6003333333333333 0.5638333333333333 0.6043333333333334 0.5633333333333335 0.6884999999999999 0.1375 0.14133333333333334 0.4415 0.48599999999999993 0.3076666666666667 0.38799999999999996 0.6015 0.6015 0.11299999999999995 0.5779999999999998 0.018333333333333333 0.3358333333333334 0.06483333333333334 0.13733333333333334 0.19966666666666666 0.2741666666666666 0.6331666666666667 0.5938333333333335 0.4986666666666666 0.48 0.5481666666666666 0.4100000000000001 0.25499999999999995 0.326 0.341 0.31183333333333335 0.47999999999999987 0.3308333333333333 0.14683333333333332 0.14966666666666667 0.18100000000000002 0.4681666666666667 0.46716666666666673 0.8606666666666666 0.1435 0.14516666666666667 0.6048333333333332 0.6281666666666667 0.5901666666666667 0.6050000000000001 0.3345000000000001 0.55 0.027166666666666672 0.014333333333333335 0.011999999999999997 0.15600000000000006 0.16383333333333333 0.025666666666666664 0.45283333333333325 0.48583333333333334 0.1476666666666667 0.32000000000000006 0.13983333333333334 0.1418333333333333 0.144 0.4679999999999998 0.4484999999999999 0.5703333333333334 0.40916666666666673 0.7283333333333332 0.8365000000000002 0.6465000000000002 
0.9745000000000005 0.8135000000000001 0.08416666666666667 0.010166666666666666 0.003 0.01983333333333333 0.4526666666666669 0.20866666666666664 0.35783333333333334 0.15383333333333332 1.0 0.3399999999999999 0.6699999999999998 0.293 0.6841666666666667 0.1326666666666667 0.8683333333333333 0.9181666666666665 0.44600000000000006 0.17949999999999997 0.012000000000000002 0.43366666666666676 0.0016666666666666666 0.0018333333333333333 0.003 0.003833333333333333 0.0021666666666666666 0.002833333333333333 0.9676666666666671 0.9405 0.3348333333333334 0.07883333333333332 0.585 0.2076666666666666 0.004166666666666667 0.004333333333333333 0.5103333333333332 0.1391666666666667 0.5321666666666666 0.20500000000000004 0.8753333333333334 0.9626666666666668 0.4506666666666666 0.6923333333333332 0.008166666666666666 0.013000000000000001 0.46800000000000014 0.5558333333333332 0.4466666666666667 0.6765000000000001 0.8528333333333336 0.3400000000000001 0.7611666666666665 0.7753333333333333 0.5488333333333333 0.7586666666666667 0.969166666666667 0.9615 0.9200000000000002 0.6539999999999999 0.5206666666666666 0.14566666666666664 0.970166666666667 0.9690000000000005 0.004333333333333333 0.008666666666666666 0.0045 0.004333333333333333 0.7915000000000001 0.5551666666666669 0.5468333333333334 0.5543333333333333 0.7048333333333335 0.7161666666666668 0.7068333333333334 0.5150000000000001 0.43783333333333346 0.1008333333333333 0.9476666666666667 0.05433333333333335 0.9701666666666671 0.949666666666667 0.963666666666667 0.5308333333333333 0.04116666666666668 0.02066666666666667 0.0335 0.06816666666666665 0.27616666666666667 0.4718333333333333 
0.324 0.489 0.6738333333333334 0.629 0.5623333333333332 0.6348333333333334 0.6676666666666666 0.8333333333333333 0.5356666666666666 0.7815000000000001 0.3399999999999999 1.0 0.6033333333333332 0.8820000000000003 0.423 0.7551666666666668 0.229 0.28266666666666673 0.5561666666666665 0.8155 0.43033333333333323 0.10983333333333331 0.5866666666666664 0.5921666666666665 0.5601666666666667 0.6003333333333333 0.5586666666666668 0.5660000000000001 0.32716666666666655 0.33049999999999996 0.6253333333333334 0.5383333333333332 0.4886666666666667 0.4984999999999998 0.5998333333333332 0.6021666666666665 0.14516666666666667 0.6003333333333329 0.014000000000000002 0.37766666666666665 0.24933333333333332 0.32683333333333325 0.18483333333333338 0.11166666666666664 0.5683333333333334 0.5896666666666667 0.3833333333333333 0.28516666666666673 0.35583333333333333 0.24766666666666656 0.242 0.3516666666666668 0.2035 0.21566666666666678 0.31433333333333324 0.17500000000000004 0.32416666666666666 0.3246666666666666 0.3568333333333334 0.41649999999999987 0.6435000000000001 0.7791666666666666 0.32499999999999996 0.32566666666666655 0.6049999999999999 0.6225 0.5923333333333332 0.6048333333333332 0.3648333333333332 0.3776666666666668 0.013000000000000001 0.03466666666666666 0.14233333333333337 0.3421666666666667 0.3454999999999999 0.02916666666666667 0.6398333333333333 0.5695 0.3348333333333333 0.3221666666666667 0.3243333333333333 0.31216666666666665 0.32183333333333325 0.31016666666666665 0.44933333333333325 0.5655 0.41333333333333333 0.6663333333333332 0.8536666666666669 0.4908333333333335 
0.6534999999999997 0.8126666666666668 0.33749999999999986 0.27516666666666667 0.21000000000000008 0.28266666666666673 0.7591666666666668 0.4671666666666667 0.5435 0.4168333333333334 0.6699999999999998 0.6033333333333332 1.0 0.5476666666666666 0.6988333333333334 0.37750000000000017 0.5518333333333333 0.6098333333333333 0.7528333333333335 0.4425000000000001 0.2438333333333333 0.201 0.24050000000000007 0.24166666666666672 0.21033333333333334 0.25066666666666665 0.20800000000000005 0.2126666666666667 0.6566666666666666 0.6605 0.5401666666666664 0.2738333333333334 0.6113333333333331 0.5083333333333333 0.2535 0.25516666666666665 0.3916666666666667 0.30083333333333334 0.2403333333333333 0.2761666666666667 0.59 0.652 0.3011666666666665 0.37183333333333335 0.2211666666666667 0.23916666666666667 0.44783333333333336 0.2555 0.17133333333333328 0.3599999999999999 0.5369999999999999 0.10233333333333333 0.44066666666666665 0.4543333333333333 0.25266666666666665 0.4426666666666666 0.6531666666666667 0.6504999999999999 0.6513333333333334 0.49316666666666664 0.823 0.4059999999999999 0.6571666666666666 0.6579999999999998 0.258 0.26983333333333337 0.2553333333333333 0.2571666666666667 0.6466666666666668 0.48200000000000004 0.25483333333333325 0.2765 0.46216666666666667 0.5946666666666667 0.5833333333333334 0.21783333333333332 0.7313333333333334 0.368 0.6571666666666666 0.251 0.6536666666666666 0.6336666666666667 0.6483333333333331 0.5766666666666667 0.21916666666666662 0.25533333333333336 0.18816666666666668 0.30566666666666686 0.534 0.6173333333333335 
0.2760000000000001 0.4313333333333334 0.6401666666666667 0.5994999999999999 0.5375 0.6638333333333333 0.6068333333333332 0.8125000000000001 0.5515 0.8146666666666667 0.293 0.8820000000000003 0.5476666666666666 1.0 0.3509999999999999 0.7796666666666668 0.19649999999999998 0.276 0.5640000000000002 0.8313333333333334 0.41349999999999987 0.1265 0.5555000000000002 0.5623333333333332 0.5283333333333333 0.5688333333333334 0.5265000000000001 0.5753333333333331 0.2808333333333334 0.2846666666666667 0.5300000000000001 0.48233333333333334 0.41850000000000004 0.4564999999999998 0.569 0.569 0.17433333333333337 0.5325 0.04333333333333334 0.37366666666666665 0.21116666666666664 0.2815000000000001 0.20016666666666658 0.18466666666666667 0.5524999999999999 0.5586666666666666 0.4258333333333333 0.35949999999999993 0.3906666666666667 0.32516666666666666 0.2786666666666666 0.32899999999999996 0.2781666666666666 0.26366666666666666 0.3671666666666667 0.24833333333333343 0.2765000000000001 0.2775000000000001 0.3081666666666667 0.4941666666666667 0.5950000000000002 0.7951666666666668 0.277 0.2783333333333334 0.574 0.5928333333333332 0.56 0.5738333333333332 0.369 0.46616666666666673 0.036333333333333336 0.057833333333333334 0.1001666666666667 0.2975000000000001 0.2758333333333333 0.05783333333333334 0.5573333333333332 0.5211666666666669 0.2906666666666667 0.3264999999999999 0.27733333333333343 0.27466666666666684 0.27433333333333343 0.39033333333333337 0.41666666666666663 0.5348333333333334 0.3863333333333334 0.6721666666666667 0.8143333333333334 0.5661666666666667 
0.6963333333333336 0.6628333333333335 0.183 0.10116666666666668 0.10283333333333335 0.10800000000000003 0.6688333333333332 0.29666666666666663 0.6235 0.24400000000000005 0.6841666666666667 0.423 0.6988333333333334 0.3509999999999999 1.0 0.23700000000000002 0.5976666666666666 0.6555000000000001 0.6499999999999999 0.27433333333333343 0.16816666666666663 0.22333333333333336 0.10450000000000002 0.10483333333333335 0.10233333333333336 0.09916666666666667 0.10383333333333336 0.10233333333333336 0.7003333333333331 0.7006666666666668 0.4544999999999999 0.1888333333333333 0.7295 0.43383333333333324 0.09983333333333333 0.099 0.26383333333333336 0.2658333333333333 0.28666666666666674 0.3746666666666667 0.6416666666666667 0.6953333333333334 0.22566666666666674 0.4131666666666667 0.10116666666666667 0.10283333333333335 0.30116666666666675 0.3093333333333334 0.2876666666666666 0.4028333333333333 0.5768333333333333 0.19933333333333333 0.4836666666666666 0.4976666666666666 0.32683333333333336 0.4795 0.7018333333333335 0.6978333333333334 0.6560000000000002 0.38733333333333325 0.6688333333333337 0.23500000000000004 0.7046666666666667 0.7048333333333333 0.09933333333333333 0.10100000000000002 0.09833333333333334 0.09916666666666668 0.5358333333333332 0.35599999999999987 0.32366666666666666 0.3053333333333333 0.5780000000000001 0.6564999999999999 0.8315000000000003 0.26999999999999996 0.6676666666666666 0.2263333333333333 0.6918333333333332 0.24183333333333326 0.6984999999999999 0.680333333333333 0.6995000000000003 0.4803333333333334 0.15516666666666665 0.12466666666666666 0.17133333333333334 0.16949999999999998 0.36633333333333323 0.4024999999999999 
0.12766666666666665 0.2783333333333334 0.6988333333333333 0.6818333333333334 0.6255000000000002 0.757 0.44416666666666665 0.7958333333333332 0.5041666666666667 0.9003333333333333 0.1326666666666667 0.7551666666666668 0.37750000000000017 0.7796666666666668 0.23700000000000002 1.0 0.046999999999999986 0.134 0.5009999999999999 0.9048333333333332 0.4820000000000001 0.11449999999999999 0.6633333333333333 0.6725 0.6263333333333333 0.6545000000000001 0.6273333333333333 0.6816666666666665 0.11833333333333335 0.1356666666666667 0.44300000000000006 0.5488333333333333 0.2886666666666667 0.39916666666666667 0.6523333333333333 0.6521666666666667 0.126 0.5608333333333331 0.08483333333333333 0.3881666666666665 0.05399999999999999 0.11933333333333333 0.23949999999999996 0.26 0.6388333333333334 0.6449999999999999 0.4705 0.4458333333333333 0.5203333333333334 0.3493333333333333 0.22899999999999998 0.36133333333333334 0.2828333333333333 0.25516666666666665 0.4358333333333333 0.2844999999999999 0.12766666666666665 0.13216666666666668 0.15266666666666667 0.401 0.4233333333333333 0.8634999999999999 0.12433333333333332 0.12666666666666665 0.6535000000000001 0.6743333333333336 0.6370000000000001 0.6528333333333333 0.26516666666666666 0.4661666666666667 0.07716666666666666 0.06583333333333333 0.028999999999999995 0.16283333333333336 0.1586666666666667 0.085 0.4246666666666667 0.5113333333333333 0.1366666666666667 0.36883333333333335 0.12083333333333336 0.11783333333333333 0.1258333333333333 0.4746666666666666 0.5173333333333334 0.649 0.4861666666666666 0.7986666666666667 0.7646666666666665 0.5883333333333334 
0.8801666666666665 0.7056666666666667 0.08166666666666668 0.08866666666666669 0.09116666666666669 0.09016666666666667 0.3321666666666666 0.09666666666666666 0.2744999999999999 0.05299999999999998 0.8683333333333333 0.229 0.5518333333333333 0.19649999999999998 0.5976666666666666 0.046999999999999986 1.0 0.8715000000000002 0.33216666666666667 0.07116666666666666 0.0851666666666667 0.5115 0.08933333333333335 0.08933333333333335 0.08916666666666667 0.08900000000000002 0.08916666666666667 0.09216666666666669 0.8894999999999998 0.8596666666666667 0.3871666666666666 0.16950000000000007 0.4886666666666665 0.2476666666666666 0.08883333333333336 0.08900000000000002 0.5906666666666667 0.23799999999999996 0.6381666666666667 0.1988333333333333 0.8931666666666664 0.8854999999999998 0.4598333333333334 0.6844999999999999 0.08933333333333333 0.09266666666666669 0.3816666666666666 0.5043333333333334 0.4123333333333335 0.5946666666666667 0.7653333333333336 0.42516666666666675 0.682 0.6988333333333334 0.4705 0.6819999999999999 0.8859999999999999 0.885 0.8001666666666665 0.5454999999999999 0.4000000000000001 0.04283333333333332 0.8855 0.8843333333333332 0.08900000000000002 0.08900000000000002 0.08916666666666667 0.08900000000000002 0.6936666666666668 0.45549999999999996 0.6471666666666666 0.6563333333333334 0.8033333333333335 0.6643333333333336 0.6215000000000002 0.6213333333333334 0.3264999999999999 0.18116666666666667 0.8733333333333332 0.12899999999999998 0.8924999999999998 0.8919999999999999 0.8866666666666667 0.48016666666666674 0.14283333333333334 0.10800000000000001 0.1263333333333333 0.09949999999999999 0.16699999999999998 0.3681666666666667 
0.9268333333333331 0.7496666666666667 0.0891666666666667 0.007666666666666666 0.008833333333333334 0.04000000000000001 0.3913333333333334 0.17116666666666672 0.3561666666666665 0.1541666666666667 0.9181666666666665 0.28266666666666673 0.6098333333333333 0.276 0.6555000000000001 0.134 0.8715000000000002 1.0 0.44683333333333325 0.17666666666666667 0.009833333333333335 0.43083333333333335 0.008 0.010166666666666666 0.008 0.0075 0.008166666666666666 0.031000000000000007 0.9405 0.9134999999999998 0.31133333333333335 0.07216666666666666 0.5491666666666667 0.19133333333333333 0.007333333333333333 0.007333333333333333 0.5044999999999998 0.12566666666666668 0.5489999999999999 0.2291666666666666 0.8736666666666667 0.9301666666666665 0.4396666666666667 0.7099999999999999 0.020500000000000004 0.012333333333333333 0.4635 0.5754999999999999 0.46699999999999986 0.6910000000000001 0.8654999999999995 0.34666666666666673 0.7776666666666668 0.792666666666667 0.5591666666666666 0.7761666666666668 0.9316666666666665 0.9269999999999999 0.8488333333333331 0.6191666666666668 0.4589999999999999 0.13083333333333333 0.9339999999999999 0.9329999999999997 0.007333333333333333 0.0075 0.007333333333333333 0.007333333333333333 0.7475 0.5519999999999999 0.5695000000000001 0.5683333333333331 0.7074999999999999 0.7093333333333333 0.6830000000000002 0.5393333333333333 0.3856666666666666 0.09699999999999998 0.9156666666666665 0.059333333333333335 0.9376666666666666 0.9378333333333333 0.9318333333333332 0.5498333333333334 0.060500000000000005 0.02650000000000001 0.04533333333333331 0.11016666666666662 0.22066666666666668 0.4655 
0.4355000000000003 0.5965 0.355 0.30366666666666664 0.23583333333333326 0.37866666666666665 0.7956666666666667 0.48666666666666664 0.6331666666666667 0.54 0.44600000000000006 0.5561666666666665 0.7528333333333335 0.5640000000000002 0.6499999999999999 0.5009999999999999 0.33216666666666667 0.44683333333333325 1.0 0.5521666666666666 0.31366666666666676 0.17300000000000001 0.2663333333333333 0.27066666666666667 0.235 0.27399999999999997 0.23333333333333325 0.27616666666666667 0.43183333333333335 0.4361666666666668 0.49566666666666653 0.24983333333333335 0.6483333333333334 0.5596666666666664 0.2766666666666667 0.2766666666666667 0.25916666666666666 0.2583333333333333 0.10933333333333335 0.35966666666666675 0.3725 0.42500000000000016 0.1796666666666667 0.3299999999999999 0.26283333333333325 0.2636666666666667 0.3761666666666666 0.24833333333333335 0.21516666666666664 0.3360000000000001 0.48983333333333334 0.08866666666666667 0.4026666666666667 0.3928333333333335 0.23716666666666664 0.4055 0.43566666666666687 0.4341666666666667 0.4793333333333333 0.39933333333333343 0.8131666666666668 0.4903333333333333 0.4351666666666668 0.4388333333333334 0.2806666666666666 0.29666666666666663 0.27666666666666667 0.2788333333333333 0.4693333333333333 0.4678333333333333 0.1388333333333334 0.14266666666666672 0.3271666666666668 0.4218333333333333 0.5538333333333335 0.0968333333333333 0.7565 0.38933333333333336 0.43150000000000005 0.3528333333333334 0.4286666666666668 0.41400000000000015 0.43016666666666686 0.5396666666666667 0.23550000000000004 0.28150000000000003 0.21633333333333332 0.396 0.5121666666666669 0.5728333333333332 
0.17233333333333334 0.3405000000000002 0.7186666666666666 0.6836666666666664 0.601 0.7275 0.5068333333333335 0.8686666666666669 0.5276666666666668 0.900666666666667 0.17949999999999997 0.8155 0.4425000000000001 0.8313333333333334 0.27433333333333343 0.9048333333333332 0.07116666666666666 0.17666666666666667 0.5521666666666666 1.0 0.48350000000000004 0.09516666666666662 0.6473333333333333 0.655 0.6176666666666667 0.6565000000000001 0.6178333333333333 0.653 0.16333333333333333 0.168 0.4743333333333332 0.5466666666666666 0.3363333333333333 0.43066666666666664 0.6551666666666667 0.6546666666666668 0.1145 0.5266666666666668 0.054833333333333345 0.40366666666666684 0.08933333333333338 0.16316666666666665 0.23883333333333334 0.21466666666666667 0.6255 0.646833333333333 0.46266666666666667 0.4051666666666665 0.47316666666666657 0.35416666666666663 0.24883333333333332 0.336 0.30166666666666664 0.2753333333333333 0.41233333333333333 0.2818333333333333 0.17233333333333334 0.1745 0.20383333333333334 0.4380000000000001 0.48550000000000004 0.8784999999999998 0.1693333333333333 0.17116666666666666 0.6563333333333334 0.6781666666666665 0.6400000000000002 0.6543333333333335 0.3103333333333334 0.4885 0.05216666666666665 0.031 0.0045 0.20066666666666655 0.192 0.07016666666666667 0.4905 0.5115000000000002 0.172 0.371 0.1655 0.16133333333333336 0.1698333333333333 0.41150000000000003 0.49933333333333335 0.6226666666666668 0.4643333333333332 0.7801666666666667 0.818 0.6101666666666667 
0.009500000000000001 0.1133333333333333 0.7208333333333333 0.7821666666666668 0.7821666666666666 0.5985 0.3683333333333333 0.5458333333333334 0.3295 0.4293333333333333 0.012000000000000002 0.43033333333333323 0.2438333333333333 0.41349999999999987 0.16816666666666663 0.4820000000000001 0.0851666666666667 0.009833333333333335 0.31366666666666676 0.48350000000000004 1.0 0.514 0.7943333333333336 0.7841666666666665 0.8238333333333331 0.8093333333333333 0.8199999999999998 0.7001666666666668 0.004666666666666667 0.009666666666666667 0.5311666666666668 0.7861666666666665 0.2848333333333333 0.6395000000000001 0.811 0.8111666666666666 0.41033333333333344 0.5581666666666666 0.4086666666666668 0.6628333333333333 0.07616666666666666 0.005833333333333334 0.46666666666666673 0.09783333333333331 0.7716666666666664 0.8151666666666664 0.26166666666666666 0.11416666666666671 0.18966666666666668 0.035666666666666666 0.014333333333333333 0.5033333333333334 0.013666666666666667 0.0185 0.14116666666666666 0.02433333333333334 0.004666666666666667 0.004 0.03666666666666667 0.058833333333333335 0.3213333333333334 0.5475000000000001 0.004666666666666667 0.004333333333333333 0.8085 0.7869999999999999 0.8214999999999999 0.8081666666666669 0.03900000000000001 0.0946666666666667 0.4043333333333334 0.38250000000000023 0.22466666666666665 0.18249999999999997 0.11783333333333335 0.44099999999999995 0.4228333333333334 0.7973333333333333 0.008333333333333333 0.8614999999999999 0.004 0.0055000000000000005 0.004333333333333333 0.1696666666666666 0.8298333333333332 0.7736666666666668 0.836 0.5998333333333334 0.3989999999999999 0.2048333333333333 
0.43666666666666676 0.295 0.31099999999999994 0.3790000000000001 0.38449999999999995 0.25883333333333336 0.1905 0.15783333333333338 0.16733333333333333 0.07833333333333332 0.43366666666666676 0.10983333333333331 0.201 0.1265 0.22333333333333336 0.11449999999999999 0.5115 0.43083333333333335 0.17300000000000001 0.09516666666666662 0.514 1.0 0.38683333333333325 0.3796666666666667 0.4056666666666668 0.39416666666666667 0.4028333333333333 0.31616666666666676 0.43266666666666675 0.4141666666666666 0.2685 0.3881666666666666 0.31783333333333336 0.3963333333333334 0.398 0.3963333333333333 0.7136666666666664 0.26166666666666666 0.7483333333333329 0.4823333333333332 0.4816666666666666 0.42950000000000016 0.6401666666666666 0.4935 0.37150000000000005 0.40316666666666656 0.385 0.40516666666666645 0.35333333333333333 0.4158333333333335 0.43850000000000017 0.6295000000000001 0.40850000000000014 0.4186666666666668 0.40916666666666685 0.41850000000000004 0.4323333333333334 0.43083333333333335 0.4515 0.3631666666666667 0.19500000000000003 0.16833333333333336 0.43383333333333335 0.4320000000000001 0.39633333333333326 0.3825000000000001 0.4098333333333332 0.3968333333333333 0.3445000000000001 0.3086666666666667 0.7324999999999998 0.7731666666666664 0.579 0.4121666666666666 0.30883333333333335 0.7705000000000001 0.20933333333333326 0.46549999999999997 0.41650000000000004 0.5628333333333333 0.43366666666666676 0.4280000000000001 0.4340000000000001 0.2638333333333332 0.45733333333333326 0.389 0.48450000000000004 0.2021666666666667 0.08200000000000002 0.20666666666666664 
0.0 0.13216666666666668 0.8553333333333335 0.9481666666666668 0.9006666666666664 0.7595000000000001 0.29899999999999993 0.7041666666666666 0.2881666666666667 0.5906666666666667 0.0016666666666666666 0.5866666666666664 0.24050000000000007 0.5555000000000002 0.10450000000000002 0.6633333333333333 0.08933333333333335 0.008 0.2663333333333333 0.6473333333333333 0.7943333333333336 0.38683333333333325 1.0 0.9811666666666669 0.9418333333333335 0.9635000000000001 0.9420000000000001 0.826666666666667 0.0 0.015500000000000003 0.5476666666666667 0.8093333333333337 0.17250000000000007 0.5201666666666666 0.9680000000000001 0.9665000000000004 0.3878333333333333 0.6853333333333333 0.377 0.5306666666666667 0.06916666666666665 0.0023333333333333335 0.4334999999999999 0.09216666666666667 0.8803333333333334 0.9500000000000003 0.3511666666666665 0.18683333333333332 0.30733333333333335 0.06533333333333334 0.0031666666666666666 0.6116666666666666 0.013000000000000003 0.01933333333333334 0.23200000000000007 0.014666666666666666 0.0 0.0011666666666666668 0.009500000000000001 0.1343333333333333 0.27599999999999997 0.709 0.0 0.0 0.9623333333333336 0.9555000000000001 0.950166666666667 0.9610000000000001 0.06133333333333333 0.15783333333333333 0.3456666666666666 0.3501666666666667 0.19466666666666663 0.10149999999999998 0.043500000000000004 0.37316666666666665 0.33133333333333326 0.7633333333333332 0.014166666666666668 0.6816666666666665 0.0 0.0018333333333333333 0.00016666666666666666 0.2136666666666666 0.8336666666666664 0.9461666666666666 0.8063333333333333 0.796666666666667 0.552 0.28166666666666673 
0.0 0.13350000000000004 0.8503333333333335 0.9521666666666668 0.9013333333333331 0.768 0.2993333333333334 0.7063333333333334 0.2936666666666667 0.6003333333333333 0.0018333333333333333 0.5921666666666665 0.24166666666666672 0.5623333333333332 0.10483333333333335 0.6725 0.08933333333333335 0.010166666666666666 0.27066666666666667 0.655 0.7841666666666665 0.3796666666666667 0.9811666666666669 1.0 0.9421666666666672 0.9633333333333337 0.9403333333333337 0.8330000000000003 0.0 0.01616666666666667 0.5449999999999999 0.8031666666666669 0.17016666666666677 0.5121666666666667 0.9626666666666671 0.9613333333333336 0.3811666666666668 0.6891666666666668 0.3701666666666666 0.5228333333333334 0.06933333333333333 0.0026666666666666666 0.42750000000000005 0.09583333333333333 0.8833333333333333 0.9471666666666668 0.35749999999999993 0.19483333333333333 0.3151666666666666 0.07266666666666666 0.006 0.6108333333333333 0.016166666666666666 0.023500000000000007 0.2393333333333333 0.018666666666666665 0.0 0.0011666666666666668 0.009833333333333336 0.1418333333333333 0.27666666666666656 0.7143333333333334 0.0 0.0 0.9591666666666668 0.9588333333333335 0.944666666666667 0.9573333333333336 0.06283333333333332 0.16716666666666669 0.3393333333333333 0.3436666666666667 0.19349999999999998 0.09949999999999998 0.04333333333333334 0.365 0.32816666666666655 0.7543333333333336 0.014333333333333333 0.6713333333333334 0.0 0.0021666666666666666 0.0 0.22000000000000003 0.8261666666666665 0.943 0.7966666666666669 0.8028333333333337 0.5586666666666668 0.2905 
0.002 0.10183333333333333 0.8293333333333335 0.9213333333333334 0.9473333333333335 0.7328333333333333 0.267 0.677 0.2848333333333333 0.5638333333333333 0.003 0.5601666666666667 0.21033333333333334 0.5283333333333333 0.10233333333333336 0.6263333333333333 0.08916666666666667 0.008 0.235 0.6176666666666667 0.8238333333333331 0.4056666666666668 0.9418333333333335 0.9421666666666672 1.0 0.9506666666666671 0.9836666666666671 0.8706666666666668 0.0 0.0071666666666666675 0.5851666666666666 0.8284999999999999 0.1728333333333334 0.4891666666666666 0.944166666666667 0.9421666666666669 0.35883333333333317 0.7139999999999996 0.36599999999999994 0.5336666666666666 0.06933333333333333 0.0036666666666666666 0.4726666666666667 0.09549999999999997 0.9143333333333333 0.9483333333333338 0.3293333333333333 0.1953333333333333 0.316 0.07283333333333333 0.006500000000000001 0.6216666666666666 0.01516666666666667 0.023999999999999994 0.24016666666666667 0.022000000000000002 0.0 0.0 0.012833333333333334 0.11483333333333333 0.24416666666666664 0.6818333333333335 0.0 0.00016666666666666666 0.9376666666666672 0.9268333333333332 0.9300000000000003 0.939166666666667 0.03383333333333334 0.1331666666666667 0.3424999999999999 0.34583333333333327 0.1943333333333333 0.1085 0.036000000000000004 0.3679999999999999 0.31116666666666665 0.7319999999999999 0.005333333333333333 0.706 0.00016666666666666666 0.0023333333333333335 0.0 0.17816666666666658 0.856 0.9031666666666663 0.8296666666666667 0.754 0.5271666666666668 0.25500000000000006 
