1.0 0.8065000000000004 0.00016666666666666666 0.0008333333333333334 0.0 0.0075 0.0 0.006666666666666666 0.16533333333333336 0.6356666666666666 0.6803333333333333 0.23166666666666663 0.38616666666666666 0.18533333333333335 0.7593333333333334 0.2585 0.824 0.7256666666666667 0.9246666666666665 0.15349999999999997 0.20900000000000002 0.17249999999999996 0.00016666666666666666 0.0005 0.0005 0.0 0.0 0.0 0.9845000000000005 0.9821666666666671 0.0005 0.15849999999999997 0.8755000000000002 0.5686666666666668 0.00016666666666666666 0.0021666666666666666 0.0015000000000000002 0.16283333333333339 0.2888333333333333 0.045999999999999985 0.406 0.14516666666666672 0.5228333333333335 0.47266666666666657 0.932 0.9511666666666667 0.9615000000000002 0.9540000000000002 0.9931666666666669 0.9921666666666671 0.8198333333333333 0.7369999999999999 0.8156666666666667 0.9278333333333335 0.6114999999999999 0.5023333333333334 0.9901666666666671 0.5671666666666666 0.9624999999999999 0.8810000000000001 0.9085 0.9023333333333333 0.9875000000000003 0.9218333333333331 0.0 0.007166666666666667 0.3779999999999999 0.41333333333333333 0.8796666666666666 0.09116666666666666 0.077 0.0745 0.3688333333333334 0.5833333333333333 0.4386666666666666 0.7273333333333332 0.23416666666666663 0.01 0.2953333333333333 0.2443333333333334 0.9868333333333338 0.9213333333333331 0.9868333333333333 0.9256666666666666 0.0005 0.00016666666666666666 0.33666666666666667 0.25949999999999995 0.045 0.2005 
0.8065000000000004 1.0 0.08599999999999998 0.08900000000000001 0.0825 0.10166666666666666 0.08783333333333332 0.10933333333333332 0.12133333333333331 0.6199999999999998 0.5968333333333333 0.2256666666666666 0.3233333333333333 0.24416666666666653 0.5731666666666666 0.18316666666666667 0.6659999999999998 0.5666666666666668 0.7586666666666667 0.24150000000000002 0.16866666666666671 0.21416666666666664 0.08616666666666667 0.08716666666666667 0.08416666666666667 0.08533333333333332 0.08616666666666666 0.08266666666666665 0.7958333333333334 0.8006666666666669 0.08549999999999999 0.20499999999999996 0.7984999999999995 0.6698333333333334 0.08649999999999998 0.08749999999999998 0.068 0.15899999999999997 0.3426666666666667 0.11200000000000003 0.3243333333333333 0.15949999999999998 0.556 0.5063333333333333 0.7421666666666666 0.7618333333333333 0.7718333333333338 0.7941666666666667 0.8040000000000004 0.808166666666667 0.8846666666666663 0.7829999999999999 0.8811666666666663 0.8295000000000001 0.6074999999999999 0.42900000000000005 0.8056666666666672 0.5351666666666667 0.8288333333333335 0.7904999999999999 0.8178333333333334 0.8183333333333336 0.8045 0.8281666666666669 0.08583333333333332 0.09983333333333333 0.45800000000000013 0.47616666666666674 0.817666666666667 0.12416666666666662 0.15300000000000002 0.11500000000000003 0.4370000000000001 0.5215000000000001 0.5071666666666667 0.8055000000000001 0.2893333333333334 0.09083333333333334 0.26549999999999996 0.12066666666666662 0.7990000000000004 0.8228333333333336 0.7981666666666668 0.7361666666666666 0.08766666666666666 0.08783333333333333 0.36466666666666675 0.33666666666666667 0.10749999999999998 0.22599999999999995 
0.00016666666666666666 0.08599999999999998 1.0 0.9835000000000004 0.7605 0.5776666666666668 0.9356666666666665 0.8643333333333334 0.5118333333333334 0.14266666666666664 0.22083333333333335 0.6336666666666665 0.5080000000000001 0.614 0.20583333333333337 0.5676666666666668 0.13149999999999998 0.2620000000000001 0.005333333333333334 0.6381666666666665 0.2779999999999999 0.29866666666666675 0.9920000000000003 0.9865000000000002 0.7776666666666665 0.7873333333333334 0.7963333333333332 0.6091666666666664 0.0015000000000000002 0.0005 0.8033333333333331 0.7633333333333334 0.006500000000000001 0.2949999999999999 0.9870000000000003 0.9845000000000003 0.5663333333333331 0.33733333333333326 0.3891666666666667 0.4348333333333332 0.24033333333333323 0.3765 0.35749999999999993 0.3746666666666667 0.05149999999999998 0.03900000000000001 0.02166666666666667 0.017333333333333336 0.0003333333333333333 0.00016666666666666666 0.010833333333333335 0.1376666666666667 0.007333333333333333 0.001 0.30183333333333345 0.2451666666666666 0.0006666666666666666 0.31233333333333335 0.0 0.006166666666666667 0.0006666666666666666 0.003833333333333333 0.0 0.0 0.9006666666666665 0.9506666666666667 0.3876666666666666 0.3195 0.005166666666666666 0.6133333333333331 0.672 0.8753333333333329 0.35966666666666663 0.018500000000000006 0.3521666666666665 0.03283333333333334 0.46983333333333344 0.7518333333333334 0.5978333333333332 0.7070000000000002 0.0011666666666666668 0.0015 0.002 0.05383333333333331 0.9766666666666669 0.9695000000000005 0.5808333333333333 0.669 0.6585000000000001 0.5198333333333331 
0.0008333333333333334 0.08900000000000001 0.9835000000000004 1.0 0.7583333333333333 0.5855 0.9314999999999998 0.8748333333333332 0.5141666666666669 0.14483333333333334 0.21833333333333332 0.6345000000000001 0.5070000000000001 0.6173333333333333 0.20400000000000007 0.5683333333333332 0.132 0.2623333333333334 0.006000000000000001 0.6418333333333333 0.27566666666666667 0.2935 0.9858333333333337 0.9896666666666668 0.7735 0.784833333333333 0.7941666666666666 0.6064999999999998 0.0021666666666666666 0.0011666666666666668 0.7998333333333331 0.7681666666666668 0.006333333333333333 0.2896666666666666 0.9818333333333336 0.9850000000000003 0.5624999999999999 0.33333333333333326 0.38250000000000006 0.43033333333333323 0.2358333333333333 0.37416666666666665 0.3561666666666667 0.37516666666666665 0.05183333333333333 0.03900000000000001 0.023 0.017166666666666674 0.001 0.0008333333333333334 0.013499999999999998 0.13949999999999999 0.010166666666666666 0.0006666666666666666 0.29566666666666674 0.23816666666666664 0.0013333333333333335 0.3115 0.0003333333333333333 0.005333333333333333 0.001 0.004166666666666667 0.0006666666666666666 0.0003333333333333333 0.8984999999999999 0.9598333333333335 0.38083333333333336 0.3155 0.0055 0.6144999999999999 0.6713333333333336 0.8763333333333333 0.3626666666666666 0.020500000000000008 0.3486666666666667 0.036500000000000005 0.4661666666666667 0.7486666666666667 0.6041666666666666 0.7035000000000002 0.0018333333333333335 0.0018333333333333333 0.002666666666666667 0.05449999999999997 0.9698333333333332 0.9656666666666668 0.5703333333333331 0.6609999999999999 0.6569999999999997 0.5138333333333334 
0.0 0.0825 0.7605 0.7583333333333333 1.0 0.7761666666666666 0.8086666666666666 0.7936666666666667 0.703 0.1511666666666667 0.15583333333333332 0.4679999999999998 0.44133333333333313 0.46866666666666673 0.04983333333333333 0.4106666666666667 0.13233333333333333 0.2610000000000001 0.011000000000000001 0.47416666666666674 0.5121666666666667 0.5311666666666666 0.7609999999999999 0.7611666666666665 0.9673333333333335 0.9661666666666671 0.9563333333333336 0.8408333333333334 0.0003333333333333333 0.0005 0.9470000000000005 0.6661666666666666 0.025166666666666674 0.3436666666666666 0.7666666666666664 0.7616666666666666 0.8013333333333331 0.5705 0.5908333333333333 0.6691666666666665 0.44433333333333325 0.6016666666666667 0.16233333333333338 0.16016666666666665 0.008333333333333333 0.0055000000000000005 0.002 0.0071666666666666675 0.0 0.0 0.008166666666666666 0.13416666666666666 0.005 0.0 0.2618333333333334 0.4165 0.0 0.2806666666666667 0.0005 0.04133333333333335 0.0011666666666666668 0.0045 0.0 0.0005 0.8516666666666666 0.7761666666666668 0.5155 0.4733333333333332 0.005833333333333333 0.7401666666666666 0.8683333333333332 0.6718333333333333 0.5351666666666667 0.1991666666666667 0.5288333333333334 0.07400000000000001 0.6481666666666667 0.9280000000000002 0.4733333333333333 0.5013333333333333 0.0 0.0023333333333333335 0.0 0.05299999999999997 0.7721666666666668 0.7768333333333333 0.4113333333333334 0.5341666666666667 0.8163333333333332 0.6776666666666665 
0.0075 0.10166666666666666 0.5776666666666668 0.5855 0.7761666666666666 1.0 0.6220000000000003 0.6733333333333335 0.505 0.21700000000000003 0.07800000000000001 0.31916666666666665 0.25849999999999995 0.3103333333333334 0.03200000000000001 0.31933333333333336 0.15400000000000003 0.2516666666666667 0.05299999999999998 0.29716666666666663 0.6728333333333333 0.6911666666666667 0.5795 0.5835000000000001 0.7626666666666668 0.769 0.7555000000000001 0.9196666666666669 0.011000000000000001 0.0115 0.7618333333333335 0.5876666666666667 0.030500000000000013 0.3325 0.5845000000000001 0.5835000000000001 0.8841666666666669 0.7298333333333334 0.6303333333333334 0.8226666666666668 0.5228333333333334 0.7374999999999998 0.1266666666666667 0.04583333333333332 0.009166666666666667 0.006666666666666666 0.012499999999999997 0.007833333333333333 0.008166666666666666 0.0075 0.024666666666666674 0.14616666666666667 0.02433333333333334 0.0075 0.22083333333333333 0.29416666666666663 0.008166666666666666 0.18683333333333332 0.0085 0.04016666666666668 0.011333333333333332 0.013166666666666667 0.011000000000000001 0.011000000000000001 0.6691666666666667 0.6030000000000001 0.44266666666666665 0.4173333333333332 0.017 0.5381666666666667 0.6693333333333332 0.4886666666666665 0.5630000000000002 0.2798333333333333 0.5395 0.094 0.7201666666666665 0.7195 0.3005 0.30883333333333324 0.0105 0.0125 0.010333333333333332 0.06383333333333333 0.5768333333333332 0.5771666666666667 0.31033333333333335 0.47333333333333344 0.6056666666666669 0.4764999999999999 
0.0 0.08783333333333332 0.9356666666666665 0.9314999999999998 0.8086666666666666 0.6220000000000003 1.0 0.8778333333333334 0.5688333333333334 0.14233333333333334 0.22299999999999998 0.6071666666666666 0.5146666666666668 0.6028333333333332 0.16783333333333336 0.5343333333333334 0.13183333333333333 0.2615000000000001 0.0045000000000000005 0.6253333333333334 0.3245 0.3439999999999999 0.9349999999999996 0.9321666666666666 0.8266666666666669 0.8336666666666666 0.8411666666666667 0.657 0.00016666666666666666 0.00016666666666666666 0.8493333333333333 0.7298333333333333 0.02283333333333334 0.3214999999999999 0.9416666666666668 0.9304999999999997 0.6126666666666667 0.3828333333333333 0.4333333333333335 0.4808333333333333 0.28483333333333327 0.4148333333333334 0.3013333333333333 0.3271666666666666 0.0305 0.03400000000000001 0.009 0.01516666666666667 0.0 0.0 0.014499999999999999 0.14066666666666666 0.010666666666666668 0.004333333333333333 0.28450000000000003 0.28933333333333333 0.0 0.3165 0.0015 0.02850000000000001 0.005666666666666666 0.008666666666666666 0.0 0.004666666666666666 0.9434999999999996 0.9378333333333334 0.4429999999999998 0.3748333333333333 0.0105 0.6669999999999999 0.721 0.8266666666666665 0.398 0.0625 0.39716666666666667 0.055666666666666656 0.5116666666666666 0.7989999999999999 0.5716666666666668 0.6566666666666667 0.0 0.006166666666666667 0.0 0.05283333333333331 0.9363333333333332 0.9271666666666666 0.533 0.6263333333333334 0.7161666666666666 0.5673333333333332 
0.006666666666666666 0.10933333333333332 0.8643333333333334 0.8748333333333332 0.7936666666666667 0.6733333333333335 0.8778333333333334 1.0 0.5404999999999999 0.18483333333333335 0.17683333333333337 0.5731666666666668 0.4646666666666668 0.5676666666666668 0.15733333333333324 0.5228333333333335 0.1405 0.2675000000000001 0.014833333333333336 0.5921666666666666 0.36599999999999994 0.3766666666666666 0.8661666666666664 0.8713333333333331 0.7814999999999998 0.7989999999999998 0.7826666666666668 0.6786666666666668 0.006 0.006166666666666667 0.7985 0.7510000000000001 0.019833333333333335 0.2924999999999999 0.8689999999999999 0.8694999999999999 0.6340000000000002 0.4218333333333334 0.41566666666666663 0.5063333333333335 0.28116666666666673 0.44933333333333336 0.2924999999999999 0.2936666666666667 0.03733333333333333 0.036833333333333336 0.01683333333333334 0.025333333333333336 0.006500000000000001 0.007333333333333333 0.03466666666666666 0.14666666666666672 0.034499999999999996 0.012166666666666668 0.26466666666666666 0.24499999999999997 0.007333333333333333 0.2783333333333335 0.011166666666666665 0.022166666666666664 0.013500000000000002 0.015000000000000005 0.007166666666666667 0.012333333333333333 0.8654999999999997 0.9041666666666666 0.3803333333333333 0.3266666666666667 0.01966666666666667 0.6158333333333333 0.6970000000000001 0.7753333333333334 0.4206666666666666 0.11049999999999997 0.38333333333333336 0.07499999999999996 0.5358333333333334 0.7733333333333335 0.5816666666666667 0.6049999999999998 0.0055000000000000005 0.014000000000000002 0.005833333333333334 0.058333333333333307 0.8596666666666667 0.8538333333333334 0.4848333333333334 0.5854999999999999 0.6515 0.5013333333333332 
0.16533333333333336 0.12133333333333331 0.5118333333333334 0.5141666666666669 0.703 0.505 0.5688333333333334 0.5404999999999999 1.0 0.19299999999999998 0.38549999999999995 0.5010000000000001 0.666 0.5411666666666666 0.2071666666666666 0.44150000000000006 0.28116666666666673 0.38766666666666666 0.18716666666666665 0.6006666666666667 0.4695 0.3848333333333334 0.5116666666666668 0.5143333333333335 0.7099999999999999 0.7011666666666666 0.6984999999999998 0.5661666666666666 0.1625 0.1698333333333333 0.6916666666666669 0.45100000000000007 0.2621666666666666 0.25 0.5188333333333334 0.5155000000000003 0.5651666666666666 0.4823333333333334 0.4166666666666666 0.4504999999999999 0.49266666666666664 0.48550000000000004 0.1288333333333333 0.26283333333333336 0.16833333333333333 0.17133333333333337 0.1606666666666666 0.18766666666666673 0.16366666666666663 0.16599999999999998 0.15250000000000002 0.17700000000000002 0.15883333333333333 0.22550000000000003 0.15100000000000005 0.45283333333333337 0.165 0.5091666666666665 0.19383333333333333 0.2738333333333334 0.24416666666666667 0.24600000000000005 0.16966666666666658 0.2323333333333333 0.5978333333333334 0.5385 0.4135000000000001 0.4056666666666665 0.23633333333333334 0.8135000000000001 0.6483333333333333 0.5168333333333334 0.3473333333333333 0.4143333333333333 0.2798333333333333 0.21233333333333335 0.4525000000000001 0.6926666666666667 0.5296666666666668 0.5753333333333331 0.16416666666666668 0.23183333333333334 0.16266666666666668 0.18266666666666664 0.5253333333333333 0.5308333333333333 0.2318333333333333 0.301 0.7916666666666665 0.6376666666666669 
0.6356666666666666 0.6199999999999998 0.14266666666666664 0.14483333333333334 0.1511666666666667 0.21700000000000003 0.14233333333333334 0.18483333333333335 0.19299999999999998 1.0 0.4836666666666665 0.36633333333333334 0.28650000000000003 0.4293333333333333 0.41450000000000004 0.4286666666666666 0.5638333333333333 0.5076666666666665 0.5716666666666668 0.3435 0.19050000000000003 0.23683333333333334 0.1423333333333333 0.14283333333333334 0.14266666666666666 0.14616666666666667 0.1443333333333333 0.17583333333333337 0.6335000000000001 0.6336666666666668 0.14383333333333334 0.3066666666666667 0.5894999999999999 0.5491666666666666 0.1425 0.1445 0.17266666666666666 0.17116666666666672 0.1446666666666666 0.25466666666666665 0.142 0.13783333333333336 0.3816666666666666 0.3776666666666668 0.5721666666666667 0.5933333333333334 0.6019999999999999 0.6265000000000002 0.6356666666666668 0.638 0.6808333333333333 0.7368333333333333 0.6935000000000001 0.6243333333333334 0.4696666666666667 0.20750000000000007 0.6348333333333334 0.4546666666666668 0.6256666666666666 0.5628333333333333 0.6140000000000001 0.6293333333333334 0.6391666666666667 0.6148333333333333 0.1423333333333333 0.1555 0.3683333333333333 0.39433333333333337 0.6444999999999999 0.27100000000000013 0.12266666666666672 0.18450000000000005 0.43199999999999994 0.5271666666666667 0.3941666666666665 0.6571666666666668 0.24183333333333337 0.1525 0.2605 0.0876666666666667 0.6355000000000001 0.6111666666666666 0.6341666666666668 0.581 0.14316666666666666 0.14333333333333334 0.27916666666666673 0.25916666666666666 0.21166666666666667 0.26233333333333325 
0.6803333333333333 0.5968333333333333 0.22083333333333335 0.21833333333333332 0.15583333333333332 0.07800000000000001 0.22299999999999998 0.17683333333333337 0.38549999999999995 0.4836666666666665 1.0 0.3853333333333333 0.640666666666667 0.41850000000000004 0.6305 0.35866666666666674 0.5966666666666667 0.5416666666666665 0.6636666666666664 0.38416666666666666 0.22483333333333333 0.1435 0.22083333333333335 0.21766666666666665 0.1698333333333333 0.1668333333333333 0.17949999999999997 0.09133333333333335 0.6706666666666667 0.6763333333333332 0.17483333333333334 0.2383333333333333 0.7103333333333335 0.4563333333333333 0.22000000000000003 0.21716666666666667 0.09016666666666669 0.17 0.22433333333333333 0.09166666666666666 0.35483333333333333 0.15733333333333333 0.39250000000000007 0.5335 0.6410000000000001 0.6798333333333336 0.6453333333333334 0.6941666666666668 0.6778333333333332 0.6823333333333333 0.6446666666666667 0.5983333333333334 0.6474999999999997 0.7398333333333335 0.4624999999999999 0.4653333333333333 0.6783333333333335 0.6569999999999999 0.704 0.6891666666666666 0.7443333333333332 0.7491666666666664 0.6836666666666666 0.7361666666666666 0.21583333333333332 0.22533333333333336 0.4359999999999998 0.4175000000000001 0.7284999999999999 0.3558333333333332 0.172 0.19683333333333333 0.29533333333333334 0.5228333333333335 0.32733333333333337 0.5759999999999998 0.22266666666666662 0.1533333333333333 0.386 0.3731666666666667 0.6743333333333333 0.7311666666666667 0.6718333333333335 0.6958333333333333 0.22250000000000003 0.22066666666666668 0.36450000000000005 0.29016666666666674 0.2793333333333333 0.36800000000000005 
0.23166666666666663 0.2256666666666666 0.6336666666666665 0.6345000000000001 0.4679999999999998 0.31916666666666665 0.6071666666666666 0.5731666666666668 0.5010000000000001 0.36633333333333334 0.3853333333333333 1.0 0.6183333333333334 0.7401666666666668 0.35500000000000015 0.7528333333333334 0.36016666666666675 0.45866666666666656 0.22149999999999997 0.77 0.20633333333333337 0.154 0.6331666666666667 0.6325000000000001 0.48050000000000004 0.48599999999999993 0.4981666666666665 0.3254999999999999 0.22433333333333322 0.22083333333333335 0.4901666666666668 0.554 0.14250000000000002 0.158 0.6299999999999998 0.632 0.31866666666666654 0.23416666666666672 0.22033333333333324 0.23883333333333337 0.21083333333333334 0.2403333333333333 0.37700000000000017 0.5228333333333334 0.237 0.26799999999999996 0.20533333333333328 0.23300000000000004 0.23183333333333334 0.23366666666666674 0.2698333333333334 0.26599999999999996 0.2751666666666668 0.1918333333333333 0.1528333333333333 0.1854999999999999 0.23066666666666663 0.4698333333333333 0.20433333333333337 0.12883333333333336 0.16883333333333334 0.18716666666666668 0.22549999999999998 0.1708333333333333 0.5831666666666665 0.6323333333333333 0.2181666666666667 0.17383333333333334 0.19783333333333328 0.6034999999999999 0.4035 0.5718333333333334 0.1648333333333334 0.155 0.11983333333333336 0.25300000000000006 0.2596666666666667 0.4591666666666667 0.8088333333333333 0.6386666666666666 0.2273333333333333 0.17566666666666667 0.22833333333333328 0.26633333333333337 0.6310000000000001 0.6321666666666669 0.36966666666666653 0.4264999999999998 0.49500000000000005 0.3718333333333333 
0.38616666666666666 0.3233333333333333 0.5080000000000001 0.5070000000000001 0.44133333333333313 0.25849999999999995 0.5146666666666668 0.4646666666666668 0.666 0.28650000000000003 0.640666666666667 0.6183333333333334 1.0 0.6224999999999999 0.3423333333333333 0.5101666666666668 0.5156666666666667 0.6455 0.4023333333333333 0.6520000000000001 0.32766666666666666 0.21050000000000002 0.5075000000000002 0.5056666666666668 0.45733333333333315 0.4556666666666666 0.46716666666666656 0.29700000000000004 0.37949999999999995 0.3898333333333334 0.46266666666666645 0.41483333333333333 0.4440000000000001 0.22683333333333333 0.508 0.5055000000000001 0.2950000000000001 0.33183333333333337 0.27499999999999997 0.18983333333333335 0.36633333333333334 0.3378333333333333 0.15866666666666665 0.37549999999999994 0.3536666666666665 0.3895 0.3511666666666666 0.4085000000000001 0.38433333333333336 0.3876666666666667 0.3526666666666667 0.28266666666666673 0.35916666666666663 0.45 0.17866666666666664 0.3151666666666667 0.38500000000000006 0.7548333333333334 0.4195 0.41783333333333333 0.47133333333333316 0.45799999999999996 0.3914999999999999 0.45833333333333337 0.5070000000000001 0.5141666666666667 0.2291666666666667 0.17966666666666672 0.44533333333333325 0.6541666666666666 0.4423333333333332 0.4614999999999999 0.1038333333333333 0.33699999999999997 0.0395 0.29400000000000004 0.3363333333333333 0.4321666666666666 0.6858333333333333 0.6923333333333336 0.3826666666666667 0.45666666666666667 0.37933333333333336 0.42300000000000004 0.5103333333333335 0.5081666666666667 0.18683333333333332 0.25066666666666665 0.5440000000000003 0.37333333333333335 
0.18533333333333335 0.24416666666666653 0.614 0.6173333333333333 0.46866666666666673 0.3103333333333334 0.6028333333333332 0.5676666666666668 0.5411666666666666 0.4293333333333333 0.41850000000000004 0.7401666666666668 0.6224999999999999 1.0 0.2683333333333332 0.6753333333333335 0.2346666666666666 0.3139999999999999 0.20133333333333334 0.8089999999999999 0.16466666666666668 0.17300000000000004 0.6141666666666666 0.6148333333333335 0.47999999999999987 0.48499999999999993 0.49700000000000016 0.32300000000000006 0.17866666666666667 0.18699999999999994 0.48816666666666675 0.5071666666666667 0.2333333333333333 0.26466666666666666 0.6128333333333332 0.6144999999999999 0.31166666666666665 0.1716666666666667 0.1381666666666667 0.22799999999999998 0.12366666666666667 0.24666666666666676 0.3021666666666666 0.4863333333333333 0.17616666666666667 0.21799999999999997 0.1518333333333333 0.2126666666666667 0.18366666666666667 0.18766666666666665 0.3101666666666667 0.39433333333333337 0.31983333333333336 0.2506666666666667 0.20483333333333342 0.19333333333333333 0.18350000000000008 0.4896666666666667 0.21749999999999997 0.20766666666666672 0.2533333333333333 0.26649999999999996 0.18950000000000003 0.2506666666666667 0.5776666666666667 0.6248333333333336 0.29783333333333334 0.278 0.2854999999999999 0.6666666666666665 0.466 0.6111666666666666 0.26233333333333336 0.24733333333333335 0.16083333333333333 0.31449999999999995 0.21899999999999994 0.47716666666666685 0.6381666666666669 0.5220000000000001 0.18150000000000005 0.2471666666666666 0.1786666666666667 0.17083333333333328 0.6141666666666666 0.6151666666666666 0.35850000000000004 0.37100000000000016 0.5813333333333334 0.4739999999999999 
0.7593333333333334 0.5731666666666666 0.20583333333333337 0.20400000000000007 0.04983333333333333 0.03200000000000001 0.16783333333333336 0.15733333333333324 0.2071666666666666 0.41450000000000004 0.6305 0.35500000000000015 0.3423333333333333 0.2683333333333332 1.0 0.4148333333333333 0.6221666666666665 0.5338333333333334 0.7081666666666666 0.2771666666666666 0.23500000000000004 0.17949999999999997 0.20566666666666675 0.20400000000000007 0.05433333333333334 0.0535 0.05966666666666665 0.02383333333333334 0.7658333333333331 0.7599999999999999 0.063 0.29466666666666663 0.6578333333333333 0.3946666666666666 0.20266666666666672 0.20416666666666675 0.032499999999999994 0.1865 0.2831666666666666 0.07266666666666664 0.4053333333333334 0.16366666666666668 0.6530000000000001 0.6171666666666669 0.8016666666666667 0.7943333333333332 0.7456666666666665 0.7273333333333335 0.7598333333333335 0.7586666666666667 0.5856666666666668 0.5123333333333333 0.5856666666666668 0.7000000000000002 0.5265000000000001 0.5138333333333334 0.7598333333333334 0.42633333333333334 0.7326666666666668 0.6653333333333332 0.6928333333333333 0.6848333333333332 0.7601666666666667 0.6969999999999998 0.1356666666666667 0.1886666666666667 0.3526666666666667 0.38150000000000006 0.6624999999999998 0.129 0.10950000000000001 0.24766666666666665 0.3166666666666667 0.5035000000000003 0.4024999999999999 0.5458333333333334 0.23950000000000002 0.06533333333333333 0.4243333333333333 0.4486666666666666 0.7638333333333334 0.6973333333333334 0.7633333333333334 0.7473333333333335 0.2033333333333334 0.20233333333333337 0.506 0.44083333333333313 0.09466666666666666 0.24650000000000002 
0.2585 0.18316666666666667 0.5676666666666668 0.5683333333333332 0.4106666666666667 0.31933333333333336 0.5343333333333334 0.5228333333333335 0.44150000000000006 0.4286666666666666 0.35866666666666674 0.7528333333333334 0.5101666666666668 0.6753333333333335 0.4148333333333333 1.0 0.36716666666666653 0.40016666666666656 0.25100000000000006 0.613 0.3206666666666667 0.24600000000000002 0.5676666666666667 0.5685 0.4110000000000001 0.41783333333333345 0.4253333333333334 0.29916666666666675 0.26366666666666666 0.25883333333333336 0.42099999999999993 0.5183333333333333 0.15383333333333335 0.18783333333333332 0.5645 0.5686666666666668 0.304 0.2871666666666666 0.17749999999999996 0.3294999999999999 0.19266666666666668 0.26483333333333325 0.3653333333333333 0.43783333333333324 0.282 0.29783333333333334 0.24583333333333343 0.24483333333333332 0.26183333333333336 0.2588333333333333 0.1923333333333333 0.22983333333333333 0.19216666666666662 0.19833333333333333 0.19699999999999993 0.20099999999999998 0.26066666666666666 0.3539999999999999 0.22716666666666668 0.14866666666666664 0.1856666666666667 0.18866666666666665 0.25683333333333336 0.19199999999999995 0.5080000000000001 0.5585 0.22950000000000004 0.2008333333333333 0.17799999999999996 0.4971666666666667 0.3408333333333332 0.5333333333333334 0.19283333333333338 0.22199999999999995 0.15016666666666667 0.18100000000000005 0.24449999999999997 0.4043333333333333 0.7014999999999998 0.582 0.2645000000000001 0.19583333333333336 0.265 0.29483333333333334 0.5645000000000002 0.5646666666666668 0.4185000000000001 0.4213333333333333 0.41466666666666663 0.34716666666666673 
0.824 0.6659999999999998 0.13149999999999998 0.132 0.13233333333333333 0.15400000000000003 0.13183333333333333 0.1405 0.28116666666666673 0.5638333333333333 0.5966666666666667 0.36016666666666675 0.5156666666666667 0.2346666666666666 0.6221666666666665 0.36716666666666653 1.0 0.8489999999999996 0.7630000000000001 0.2325 0.3341666666666667 0.2443333333333333 0.13133333333333333 0.13149999999999998 0.13166666666666665 0.13166666666666665 0.13116666666666665 0.1338333333333333 0.8238333333333335 0.8201666666666664 0.13116666666666665 0.29150000000000004 0.711 0.5163333333333334 0.13149999999999998 0.13366666666666666 0.13566666666666666 0.30583333333333323 0.40250000000000014 0.19366666666666663 0.5011666666666669 0.2541666666666666 0.35716666666666674 0.31533333333333335 0.7638333333333336 0.7821666666666666 0.7926666666666664 0.7815000000000002 0.8254999999999997 0.8225000000000001 0.6531666666666668 0.5671666666666667 0.6563333333333335 0.757 0.44249999999999984 0.33449999999999996 0.8228333333333334 0.6516666666666667 0.7931666666666668 0.71 0.7418333333333333 0.7333333333333332 0.8225 0.7575000000000002 0.13133333333333333 0.13783333333333334 0.3133333333333332 0.293 0.7143333333333333 0.21916666666666665 0.14750000000000002 0.142 0.22333333333333333 0.44199999999999995 0.3229999999999999 0.5656666666666667 0.3756666666666668 0.1425 0.42966666666666675 0.37816666666666665 0.8231666666666668 0.7603333333333336 0.8221666666666665 0.8335000000000001 0.13116666666666665 0.13099999999999998 0.24000000000000005 0.35600000000000004 0.16866666666666666 0.09799999999999999 
0.7256666666666667 0.5666666666666668 0.2620000000000001 0.2623333333333334 0.2610000000000001 0.2516666666666667 0.2615000000000001 0.2675000000000001 0.38766666666666666 0.5076666666666665 0.5416666666666665 0.45866666666666656 0.6455 0.3139999999999999 0.5338333333333334 0.40016666666666656 0.8489999999999996 1.0 0.6683333333333333 0.33000000000000007 0.344 0.23066666666666674 0.2613333333333334 0.26166666666666677 0.2611666666666668 0.26116666666666677 0.2613333333333335 0.2620000000000001 0.7175 0.7143333333333334 0.2613333333333334 0.4188333333333334 0.613 0.41650000000000015 0.26166666666666677 0.2633333333333335 0.2628333333333334 0.3543333333333334 0.4158333333333333 0.198 0.469 0.3365000000000001 0.2590000000000001 0.21683333333333338 0.6648333333333334 0.685 0.6938333333333333 0.6851666666666668 0.7245 0.7278333333333334 0.5573333333333331 0.4754999999999999 0.5596666666666668 0.6653333333333333 0.3446666666666667 0.23833333333333329 0.7250000000000001 0.6903333333333335 0.6978333333333333 0.6163333333333332 0.6435000000000002 0.6375 0.7188333333333334 0.6578333333333335 0.26166666666666677 0.2695000000000001 0.24600000000000002 0.2075 0.6166666666666667 0.35350000000000004 0.2555 0.22599999999999995 0.17183333333333334 0.3798333333333334 0.25016666666666665 0.4663333333333333 0.4498333333333332 0.23650000000000004 0.5555 0.49733333333333346 0.7196666666666666 0.6618333333333334 0.7188333333333334 0.7598333333333332 0.26166666666666677 0.2613333333333335 0.16716666666666669 0.3416666666666666 0.2531666666666667 0.10883333333333335 
0.9246666666666665 0.7586666666666667 0.005333333333333334 0.006000000000000001 0.011000000000000001 0.05299999999999998 0.0045000000000000005 0.014833333333333336 0.18716666666666665 0.5716666666666668 0.6636666666666664 0.22149999999999997 0.4023333333333333 0.20133333333333334 0.7081666666666666 0.25100000000000006 0.7630000000000001 0.6683333333333333 1.0 0.16883333333333334 0.2541666666666667 0.2163333333333333 0.005333333333333334 0.005666666666666668 0.008666666666666668 0.007666666666666668 0.005833333333333334 0.046166666666666654 0.9188333333333333 0.9231666666666662 0.006833333333333334 0.14000000000000007 0.8348333333333335 0.5271666666666667 0.0051666666666666675 0.0075 0.047333333333333324 0.207 0.30633333333333335 0.09016666666666666 0.4326666666666666 0.18899999999999997 0.4913333333333332 0.46516666666666656 0.872 0.8851666666666667 0.8956666666666669 0.8961666666666664 0.9238333333333331 0.9231666666666665 0.7765000000000001 0.6955 0.7746666666666665 0.8876666666666666 0.5656666666666668 0.49450000000000005 0.9221666666666666 0.5543333333333331 0.9108333333333336 0.8399999999999999 0.8675000000000004 0.8613333333333331 0.9214999999999998 0.8806666666666669 0.004166666666666667 0.010166666666666668 0.36033333333333334 0.40033333333333326 0.8393333333333334 0.11083333333333327 0.0836666666666667 0.07599999999999998 0.3296666666666668 0.5496666666666665 0.38983333333333325 0.6879999999999998 0.20316666666666666 0.018499999999999996 0.2883333333333333 0.24166666666666672 0.9218333333333334 0.879 0.9214999999999999 0.8651666666666668 0.004999999999999999 0.0045000000000000005 0.3276666666666666 0.2428333333333333 0.06483333333333331 0.21300000000000005 
0.15349999999999997 0.24150000000000002 0.6381666666666665 0.6418333333333333 0.47416666666666674 0.29716666666666663 0.6253333333333334 0.5921666666666666 0.6006666666666667 0.3435 0.38416666666666666 0.77 0.6520000000000001 0.8089999999999999 0.2771666666666666 0.613 0.2325 0.33000000000000007 0.16883333333333334 1.0 0.1338333333333333 0.12316666666666666 0.6383333333333333 0.6391666666666665 0.4888333333333334 0.49199999999999994 0.5043333333333332 0.3251666666666667 0.1475 0.15733333333333333 0.49816666666666687 0.5156666666666666 0.20766666666666658 0.25783333333333325 0.6395 0.6373333333333332 0.31650000000000006 0.17799999999999996 0.16233333333333327 0.20883333333333332 0.15333333333333335 0.2051666666666666 0.33733333333333326 0.5346666666666667 0.1653333333333333 0.18750000000000003 0.12650000000000003 0.1861666666666667 0.152 0.15516666666666667 0.30749999999999994 0.3363333333333333 0.3176666666666666 0.21933333333333327 0.1701666666666667 0.1959999999999999 0.15233333333333332 0.5163333333333334 0.18700000000000003 0.18633333333333332 0.2243333333333333 0.23533333333333328 0.1576666666666667 0.22049999999999997 0.5909999999999999 0.6485 0.2848333333333333 0.27466666666666667 0.256 0.684 0.4575000000000001 0.6413333333333334 0.21716666666666667 0.2321666666666667 0.11966666666666669 0.34099999999999997 0.2083333333333333 0.5094999999999998 0.7008333333333334 0.5938333333333333 0.15033333333333335 0.22016666666666665 0.14866666666666664 0.13766666666666666 0.6395 0.6401666666666667 0.35783333333333334 0.3683333333333335 0.6086666666666667 0.46033333333333326 
0.20900000000000002 0.16866666666666671 0.2779999999999999 0.27566666666666667 0.5121666666666667 0.6728333333333333 0.3245 0.36599999999999994 0.4695 0.19050000000000003 0.22483333333333333 0.20633333333333337 0.32766666666666666 0.16466666666666668 0.23500000000000004 0.3206666666666667 0.3341666666666667 0.344 0.2541666666666667 0.1338333333333333 1.0 0.856 0.2776666666666667 0.2775 0.49266666666666653 0.48633333333333334 0.47949999999999976 0.6635000000000002 0.21416666666666667 0.21383333333333338 0.46799999999999997 0.29833333333333345 0.22583333333333339 0.18999999999999997 0.2834999999999999 0.2774999999999999 0.6944999999999999 0.8930000000000001 0.6656666666666666 0.7740000000000002 0.7304999999999999 0.8303333333333331 0.15566666666666665 0.12749999999999997 0.21416666666666673 0.20883333333333332 0.21033333333333334 0.2045 0.20983333333333334 0.20866666666666667 0.1176666666666667 0.03833333333333333 0.1183333333333333 0.199 0.23383333333333325 0.55 0.20933333333333334 0.2745000000000001 0.21083333333333334 0.25216666666666665 0.20016666666666666 0.1866666666666667 0.21283333333333337 0.20933333333333337 0.36999999999999994 0.2931666666666667 0.3048333333333334 0.29066666666666663 0.17533333333333334 0.3591666666666667 0.49550000000000005 0.22733333333333325 0.3725 0.49450000000000005 0.37433333333333324 0.13333333333333333 0.6699999999999998 0.4681666666666665 0.31116666666666676 0.41533333333333333 0.2131666666666667 0.20950000000000008 0.21216666666666673 0.2720000000000001 0.28883333333333344 0.2985 0.2265000000000001 0.33299999999999996 0.37850000000000006 0.336 
0.17249999999999996 0.21416666666666664 0.29866666666666675 0.2935 0.5311666666666666 0.6911666666666667 0.3439999999999999 0.3766666666666666 0.3848333333333334 0.23683333333333334 0.1435 0.154 0.21050000000000002 0.17300000000000004 0.17949999999999997 0.24600000000000002 0.2443333333333333 0.23066666666666674 0.2163333333333333 0.12316666666666666 0.856 1.0 0.2978333333333333 0.2961666666666667 0.512 0.5056666666666666 0.4978333333333333 0.6821666666666668 0.1771666666666666 0.17716666666666664 0.4869999999999998 0.318 0.19300000000000003 0.26866666666666683 0.3029999999999999 0.29683333333333334 0.7154999999999998 0.8536666666666668 0.7006666666666668 0.8221666666666669 0.6281666666666668 0.8215000000000002 0.19699999999999998 0.1438333333333333 0.17749999999999994 0.1716666666666666 0.17349999999999993 0.17066666666666663 0.17299999999999993 0.17199999999999996 0.14399999999999993 0.11400000000000002 0.1416666666666666 0.16683333333333333 0.31200000000000006 0.5146666666666667 0.17283333333333328 0.20666666666666672 0.1748333333333333 0.21533333333333338 0.16599999999999995 0.15699999999999995 0.1761666666666666 0.17433333333333334 0.38966666666666666 0.31066666666666665 0.3704999999999999 0.37266666666666665 0.15716666666666662 0.3275 0.5465 0.2929999999999999 0.45733333333333337 0.4683333333333332 0.4508333333333335 0.16850000000000004 0.6585000000000002 0.5076666666666666 0.22783333333333328 0.2941666666666667 0.17649999999999996 0.17333333333333328 0.17566666666666658 0.1948333333333333 0.3096666666666667 0.318 0.29133333333333333 0.3683333333333333 0.4066666666666666 0.40316666666666684 
0.00016666666666666666 0.08616666666666667 0.9920000000000003 0.9858333333333337 0.7609999999999999 0.5795 0.9349999999999996 0.8661666666666664 0.5116666666666668 0.1423333333333333 0.22083333333333335 0.6331666666666667 0.5075000000000002 0.6141666666666666 0.20566666666666675 0.5676666666666667 0.13133333333333333 0.2613333333333334 0.005333333333333334 0.6383333333333333 0.2776666666666667 0.2978333333333333 1.0 0.9881666666666671 0.7773333333333332 0.787 0.7959999999999998 0.6084999999999998 0.0015 0.0006666666666666666 0.803333333333333 0.7638333333333333 0.0065000000000000014 0.2933333333333333 0.9853333333333335 0.9861666666666672 0.5656666666666664 0.3363333333333334 0.38783333333333336 0.43450000000000005 0.23883333333333334 0.37616666666666676 0.3568333333333333 0.37566666666666665 0.05133333333333332 0.038833333333333345 0.023000000000000003 0.016833333333333336 0.0003333333333333333 0.0003333333333333333 0.010833333333333332 0.13783333333333334 0.0075 0.001 0.3003333333333334 0.24416666666666656 0.0008333333333333334 0.31199999999999994 0.0 0.004999999999999999 0.0006666666666666666 0.003833333333333333 0.00016666666666666666 0.0 0.9006666666666665 0.9519999999999997 0.3856666666666666 0.3185 0.005333333333333333 0.6148333333333332 0.6728333333333333 0.8771666666666665 0.36016666666666663 0.017833333333333336 0.3523333333333333 0.03300000000000001 0.4685 0.7509999999999999 0.5986666666666666 0.7053333333333335 0.0011666666666666668 0.0015 0.002 0.05383333333333331 0.974666666666667 0.9688333333333337 0.5783333333333333 0.6675 0.6591666666666666 0.5190000000000002 
0.0005 0.08716666666666667 0.9865000000000002 0.9896666666666668 0.7611666666666665 0.5835000000000001 0.9321666666666666 0.8713333333333331 0.5143333333333335 0.14283333333333334 0.21766666666666665 0.6325000000000001 0.5056666666666668 0.6148333333333335 0.20400000000000007 0.5685 0.13149999999999998 0.26166666666666677 0.005666666666666668 0.6391666666666665 0.2775 0.2961666666666667 0.9881666666666671 1.0 0.7758333333333333 0.7868333333333334 0.7958333333333333 0.6094999999999999 0.0018333333333333335 0.0008333333333333334 0.8014999999999998 0.7680000000000001 0.005833333333333334 0.2919999999999999 0.9828333333333336 0.9890000000000004 0.5653333333333331 0.336 0.3850000000000001 0.43349999999999994 0.2364999999999999 0.3761666666666668 0.35633333333333317 0.37316666666666654 0.05183333333333333 0.038666666666666676 0.023166666666666665 0.01716666666666667 0.0006666666666666666 0.0005 0.011500000000000002 0.13749999999999998 0.008 0.0003333333333333333 0.29883333333333334 0.23983333333333326 0.001 0.30999999999999994 0.0 0.005333333333333333 0.0006666666666666666 0.003833333333333333 0.0003333333333333333 0.0 0.8994999999999999 0.9571666666666664 0.38166666666666665 0.3151666666666667 0.005166666666666666 0.6148333333333335 0.6730000000000002 0.879333333333333 0.3618333333333332 0.02016666666666667 0.35 0.03383333333333335 0.46866666666666645 0.7515000000000001 0.6026666666666666 0.7038333333333336 0.0015 0.0015 0.0023333333333333335 0.05416666666666664 0.9711666666666667 0.9660000000000002 0.573 0.6636666666666666 0.6569999999999999 0.516 
