1.0 0.9796666666666668 0.1535 0.7671666666666667 0.050166666666666665 0.31983333333333336 0.08883333333333335 0.7606666666666668 0.08099999999999997 0.49333333333333335 0.7698333333333334 0.5705 0.6623333333333334 0.565 0.004666666666666667 0.158 0.8041666666666668 0.7225 0.5621666666666667 0.9966666666666667 0.004666666666666667 0.15133333333333332 0.013666666666666667 0.1856666666666667 0.0 0.09749999999999998 0.06133333333333334 0.019333333333333334 0.12016666666666664 0.009000000000000001 0.0011666666666666668 0.2955 0.8368333333333333 0.9971666666666669 0.26883333333333337 0.5578333333333334 0.0013333333333333333 0.017333333333333333 0.07633333333333335 0.03699999999999999 0.003333333333333333 0.3581666666666667 0.0005 0.1968333333333333 0.0968333333333333 0.7991666666666667 0.3331666666666667 0.0 0.7773333333333334 0.7996666666666669 0.9418333333333334 0.7656666666666667 0.19783333333333328 0.2331666666666666 0.0006666666666666666 0.002 0.9971666666666669 0.9803333333333337 0.9009999999999999 0.7685000000000001 0.7685 0.722 0.9776666666666669 0.8628333333333338 0.3325 0.6401666666666667 0.2681666666666668 0.4185000000000001 0.3333333333333332 0.2875 0.016833333333333336 0.00016666666666666666 0.233 0.13049999999999998 0.2505 0.8076666666666665 0.10033333333333332 0.35283333333333333 0.009833333333333333 0.0023333333333333335 0.05950000000000002 0.0085 0.0025 0.17433333333333323 0.11433333333333336 0.5506666666666667 0.19983333333333334 0.3946666666666668 0.0034999999999999996 0.014833333333333339 
0.9796666666666668 1.0 0.16799999999999998 0.7683333333333334 0.0625 0.3368333333333333 0.1031666666666667 0.7616666666666668 0.0965 0.5109999999999999 0.7831666666666669 0.5878333333333333 0.6778333333333335 0.5825 0.007333333333333334 0.1673333333333333 0.7846666666666668 0.7048333333333333 0.5434999999999999 0.9790000000000002 0.009166666666666667 0.15033333333333332 0.027833333333333335 0.18633333333333335 0.0 0.09766666666666664 0.062 0.018666666666666668 0.11516666666666665 0.008000000000000002 0.00016666666666666666 0.2961666666666667 0.8186666666666667 0.9795000000000001 0.2706666666666667 0.5596666666666668 0.00016666666666666666 0.018000000000000002 0.05933333333333333 0.02983333333333333 0.0016666666666666668 0.35883333333333334 0.0003333333333333333 0.1968333333333333 0.0968333333333333 0.8006666666666667 0.3331666666666667 0.0 0.7770000000000001 0.8075000000000003 0.9475000000000005 0.7830000000000003 0.19733333333333328 0.2328333333333333 0.0005 0.0016666666666666668 0.9788333333333336 0.9936666666666669 0.917 0.7871666666666668 0.7841666666666669 0.7404999999999999 0.9583333333333333 0.878666666666667 0.3486666666666666 0.6588333333333334 0.2698333333333334 0.42016666666666674 0.33516666666666667 0.2891666666666667 0.0175 0.0 0.21416666666666664 0.12416666666666665 0.23283333333333334 0.8018333333333332 0.10149999999999998 0.3543333333333334 0.008 0.0011666666666666668 0.05400000000000001 0.006666666666666666 0.001 0.1704999999999999 0.10366666666666668 0.551 0.19450000000000003 0.377 0.021 0.03266666666666666 
0.1535 0.16799999999999998 1.0 0.21666666666666665 0.7003333333333334 0.3421666666666667 0.8268333333333334 0.20750000000000007 0.7281666666666666 0.20833333333333331 0.08966666666666667 0.08950000000000001 0.13683333333333333 0.11066666666666668 0.4528333333333335 0.17883333333333337 0.031 0.0031666666666666666 0.5631666666666666 0.15366666666666667 0.6915 0.30950000000000005 0.8225000000000001 0.5878333333333334 0.6136666666666666 0.35533333333333317 0.7775000000000003 0.6231666666666664 0.18416666666666665 0.18 0.25883333333333336 0.22416666666666668 0.20566666666666664 0.15350000000000003 0.7361666666666666 0.4728333333333334 0.6311666666666664 0.7406666666666669 0.5748333333333333 0.6686666666666669 0.6408333333333333 0.4786666666666668 0.3549999999999999 0.19300000000000003 0.1435 0.22050000000000003 0.047666666666666656 0.2351666666666667 0.16899999999999998 0.26200000000000007 0.16599999999999995 0.22550000000000003 0.2888333333333334 0.7620000000000001 0.6446666666666665 0.6905000000000002 0.15216666666666667 0.16833333333333333 0.22933333333333342 0.268 0.3585000000000001 0.19200000000000006 0.16616666666666668 0.1585 0.48616666666666675 0.22233333333333324 0.7225 0.6036666666666668 0.6779999999999999 0.7093333333333333 0.7581666666666667 0.6976666666666667 0.2219999999999999 0.21083333333333332 0.6411666666666666 0.21616666666666667 0.7708333333333333 0.6351666666666667 0.17900000000000002 0.20733333333333331 0.18483333333333335 0.18450000000000003 0.42316666666666675 0.09716666666666667 0.24050000000000002 0.10083333333333337 0.37199999999999994 0.7299999999999999 0.7506666666666665 0.774 
0.7671666666666667 0.7683333333333334 0.21666666666666665 1.0 0.0175 0.39466666666666683 0.08249999999999998 0.9830000000000004 0.012833333333333332 0.5673333333333335 0.6119999999999998 0.5953333333333333 0.5959999999999998 0.6336666666666666 0.005666666666666666 0.22016666666666665 0.5993333333333332 0.5671666666666666 0.3331666666666666 0.7678333333333331 0.04133333333333334 0.16466666666666668 0.19399999999999998 0.41266666666666657 0.0575 0.17700000000000007 0.18283333333333332 0.09333333333333334 0.0003333333333333333 0.0071666666666666675 0.002833333333333333 0.425 0.6069999999999999 0.7676666666666665 0.41200000000000003 0.7041666666666666 0.001 0.18700000000000003 0.02083333333333334 0.07483333333333335 0.0008333333333333334 0.5435000000000002 0.03916666666666666 0.2923333333333334 0.21483333333333332 0.9245000000000002 0.4368333333333333 0.09950000000000005 0.8643333333333334 0.9260000000000003 0.7284999999999999 0.8466666666666666 0.34600000000000003 0.35733333333333334 0.1111666666666667 0.11283333333333335 0.7673333333333332 0.7674999999999998 0.7368333333333331 0.8969999999999999 0.6064999999999998 0.7958333333333332 0.7456666666666665 0.7458333333333332 0.3678333333333333 0.7800000000000002 0.408 0.5731666666666666 0.4746666666666667 0.44249999999999995 0.20050000000000004 0.13283333333333336 0.05666666666666667 0.19100000000000006 0.06450000000000002 0.8111666666666667 0.3016666666666667 0.5320000000000001 0.0016666666666666668 0.0005 0.0003333333333333333 0.0003333333333333333 0.0003333333333333333 0.153 0.1585 0.7223333333333332 0.14350000000000002 0.16899999999999998 0.06016666666666664 0.10633333333333334 
0.050166666666666665 0.0625 0.7003333333333334 0.0175 1.0 0.4626666666666665 0.8231666666666666 0.019333333333333334 0.9088333333333333 0.30933333333333324 0.22583333333333339 0.21433333333333335 0.31050000000000005 0.21349999999999994 0.6546666666666667 0.31350000000000006 0.07650000000000001 0.0726666666666667 0.46099999999999985 0.04933333333333335 0.8868333333333337 0.49900000000000005 0.7610000000000001 0.5343333333333335 0.7410000000000002 0.49216666666666653 0.7304999999999999 0.7566666666666667 0.2718333333333334 0.3025 0.42483333333333334 0.2741666666666667 0.10416666666666669 0.04933333333333333 0.49950000000000006 0.23583333333333342 0.7384999999999999 0.6338333333333336 0.6058333333333333 0.647 0.7345000000000003 0.31983333333333336 0.4538333333333334 0.2158333333333334 0.12166666666666667 0.005333333333333333 0.056333333333333326 0.24583333333333335 0.021333333333333336 0.022999999999999993 0.0635 0.10066666666666667 0.23866666666666667 0.5466666666666665 0.6106666666666665 0.6474999999999997 0.049666666666666665 0.06333333333333332 0.12700000000000003 0.06966666666666665 0.25149999999999995 0.14650000000000002 0.06466666666666668 0.1435 0.5503333333333335 0.17049999999999998 0.49166666666666686 0.36616666666666675 0.43949999999999995 0.47300000000000003 0.6806666666666666 0.6526666666666666 0.2713333333333334 0.22933333333333336 0.6659999999999999 0.094 0.6366666666666667 0.4178333333333335 0.29833333333333334 0.3258333333333335 0.2731666666666667 0.3028333333333334 0.5418333333333334 0.21049999999999994 0.18616666666666665 0.02949999999999999 0.38983333333333325 0.6266666666666666 0.8403333333333332 0.8056666666666665 
0.31983333333333336 0.3368333333333333 0.3421666666666667 0.39466666666666683 0.4626666666666665 1.0 0.3885 0.40116666666666684 0.4323333333333333 0.7758333333333334 0.4891666666666667 0.6244999999999998 0.5819999999999999 0.6778333333333333 0.4016666666666667 0.5868333333333333 0.36866666666666675 0.39266666666666666 0.1716666666666667 0.32099999999999995 0.48133333333333345 0.5868333333333333 0.4505000000000001 0.5331666666666668 0.4408333333333332 0.6328333333333334 0.36766666666666675 0.5179999999999999 0.24566666666666673 0.27466666666666667 0.3836666666666666 0.6061666666666666 0.2008333333333333 0.3201666666666667 0.19433333333333333 0.1548333333333334 0.293 0.26283333333333336 0.2903333333333333 0.2466666666666667 0.2745 0.44066666666666676 0.32883333333333326 0.3443333333333332 0.18466666666666673 0.333 0.2065 0.24566666666666667 0.325 0.3851666666666667 0.3658333333333333 0.5015 0.26183333333333336 0.2458333333333333 0.2695 0.25100000000000006 0.3203333333333333 0.3364999999999999 0.37583333333333335 0.45766666666666667 0.2778333333333333 0.5548333333333333 0.3221666666666666 0.4481666666666666 0.3588333333333334 0.5543333333333333 0.18 0.14816666666666672 0.18750000000000003 0.19116666666666668 0.30833333333333335 0.26049999999999995 0.2586666666666667 0.31633333333333324 0.25816666666666666 0.3703333333333333 0.3115 0.15316666666666667 0.26516666666666666 0.29233333333333333 0.24799999999999997 0.26799999999999996 0.3375 0.31516666666666654 0.20166666666666663 0.4143333333333333 0.27749999999999997 0.22783333333333336 0.5296666666666665 0.5191666666666667 
0.08883333333333335 0.1031666666666667 0.8268333333333334 0.08249999999999998 0.8231666666666666 0.3885 1.0 0.07733333333333334 0.8538333333333336 0.26233333333333336 0.14866666666666667 0.15766666666666665 0.2278333333333333 0.15983333333333336 0.5483333333333336 0.2181666666666667 0.035500000000000004 0.022166666666666664 0.5070000000000001 0.08850000000000004 0.7991666666666662 0.39033333333333337 0.7871666666666666 0.5399999999999997 0.6428333333333335 0.3761666666666666 0.7270000000000002 0.6574999999999999 0.2006666666666666 0.22849999999999998 0.32733333333333337 0.18683333333333327 0.14633333333333332 0.08900000000000004 0.6095 0.3371666666666668 0.6868333333333332 0.6778333333333335 0.5915 0.6698333333333332 0.7003333333333335 0.3594999999999999 0.3993333333333334 0.22083333333333338 0.12250000000000001 0.09399999999999999 0.05916666666666666 0.24783333333333332 0.08950000000000001 0.11383333333333331 0.1026666666666667 0.1506666666666667 0.2366666666666666 0.6421666666666666 0.6276666666666667 0.6793333333333333 0.08900000000000001 0.10366666666666668 0.17666666666666667 0.14450000000000002 0.3098333333333333 0.16966666666666666 0.10533333333333332 0.12983333333333338 0.5696666666666665 0.19116666666666668 0.5951666666666666 0.47000000000000014 0.5423333333333333 0.5771666666666667 0.7248333333333334 0.6843333333333332 0.23066666666666674 0.2226666666666666 0.6851666666666667 0.12916666666666668 0.7178333333333333 0.5191666666666666 0.22599999999999995 0.25083333333333335 0.22483333333333325 0.23183333333333336 0.4673333333333335 0.14633333333333337 0.17883333333333332 0.03383333333333334 0.36750000000000016 0.6703333333333333 0.8163333333333334 0.8181666666666668 
0.7606666666666668 0.7616666666666668 0.20750000000000007 0.9830000000000004 0.019333333333333334 0.40116666666666684 0.07733333333333334 1.0 0.014833333333333336 0.5735 0.6144999999999999 0.5988333333333334 0.5984999999999998 0.638 0.007333333333333333 0.22383333333333325 0.5994999999999998 0.5674999999999999 0.3251666666666667 0.7608333333333333 0.0475 0.16833333333333336 0.2003333333333333 0.41966666666666663 0.06299999999999999 0.18500000000000003 0.18383333333333332 0.10099999999999998 0.0 0.006833333333333334 0.004 0.4336666666666666 0.5998333333333333 0.7605 0.40266666666666673 0.6958333333333332 0.0005 0.18583333333333332 0.02066666666666667 0.07466666666666669 0.0 0.5495000000000001 0.038833333333333324 0.2923333333333334 0.2158333333333333 0.9176666666666666 0.43816666666666665 0.10000000000000002 0.8623333333333335 0.919 0.7221666666666664 0.8411666666666668 0.34850000000000003 0.3506666666666668 0.11100000000000003 0.11283333333333335 0.7613333333333333 0.7611666666666665 0.7293333333333333 0.8886666666666666 0.5988333333333334 0.791833333333333 0.7393333333333332 0.7418333333333332 0.3665 0.7843333333333335 0.3998333333333333 0.565 0.46549999999999997 0.4328333333333334 0.19966666666666671 0.13283333333333336 0.055833333333333346 0.1906666666666667 0.05683333333333335 0.8068333333333335 0.29166666666666674 0.5228333333333333 0.0013333333333333333 0.00016666666666666666 0.0 0.0 0.0 0.15333333333333332 0.15933333333333333 0.7243333333333333 0.14333333333333337 0.1623333333333333 0.06366666666666664 0.11133333333333331 
0.08099999999999997 0.0965 0.7281666666666666 0.012833333333333332 0.9088333333333333 0.4323333333333333 0.8538333333333336 0.014833333333333336 1.0 0.30399999999999994 0.25883333333333325 0.21966666666666665 0.33266666666666667 0.21166666666666673 0.5978333333333333 0.2740000000000001 0.10433333333333335 0.09349999999999997 0.4998333333333333 0.08033333333333331 0.8374999999999999 0.4358333333333335 0.7744999999999996 0.5331666666666668 0.6773333333333333 0.4211666666666666 0.7018333333333331 0.7004999999999998 0.2705 0.2461666666666666 0.3611666666666667 0.21316666666666656 0.1383333333333333 0.08033333333333331 0.5156666666666667 0.24733333333333338 0.7048333333333333 0.6496666666666667 0.5981666666666665 0.6618333333333333 0.7066666666666664 0.3186666666666667 0.4093333333333333 0.205 0.10933333333333335 0.0075 0.04033333333333333 0.23133333333333325 0.020833333333333336 0.02166666666666667 0.09449999999999999 0.11400000000000005 0.2261666666666666 0.5509999999999998 0.6141666666666665 0.6606666666666667 0.08099999999999997 0.09633333333333333 0.17600000000000007 0.08316666666666668 0.3071666666666667 0.15933333333333335 0.09783333333333336 0.17866666666666664 0.5786666666666666 0.19083333333333333 0.5058333333333335 0.38066666666666654 0.4506666666666666 0.4868333333333333 0.6958333333333333 0.6643333333333332 0.29650000000000004 0.21666666666666665 0.7065 0.10516666666666667 0.6483333333333333 0.43383333333333324 0.2418333333333333 0.2651666666666667 0.24866666666666667 0.24783333333333343 0.4821666666666665 0.16100000000000006 0.18216666666666664 0.021500000000000005 0.37833333333333335 0.6628333333333335 0.8658333333333332 0.8301666666666666 
0.49333333333333335 0.5109999999999999 0.20833333333333331 0.5673333333333335 0.30933333333333324 0.7758333333333334 0.26233333333333336 0.5735 0.30399999999999994 1.0 0.6693333333333331 0.8145000000000002 0.7774999999999999 0.8653333333333332 0.2651666666666667 0.5358333333333334 0.5355 0.5628333333333334 0.09050000000000002 0.4946666666666667 0.3245 0.39399999999999996 0.3146666666666667 0.3796666666666666 0.26983333333333337 0.43166666666666664 0.2056666666666667 0.33316666666666656 0.149 0.1641666666666666 0.21583333333333332 0.5453333333333332 0.3376666666666668 0.49400000000000005 0.12033333333333335 0.29883333333333334 0.12699999999999997 0.11816666666666667 0.13866666666666666 0.09933333333333336 0.11350000000000002 0.31699999999999995 0.15916666666666665 0.3395000000000001 0.12566666666666668 0.5056666666666667 0.33599999999999997 0.142 0.4958333333333334 0.5566666666666668 0.5386666666666666 0.6906666666666667 0.25183333333333324 0.107 0.11499999999999995 0.10216666666666668 0.4941666666666667 0.5110000000000001 0.5586666666666666 0.6425 0.4598333333333334 0.7471666666666666 0.4818333333333332 0.6278333333333334 0.5355 0.7431666666666668 0.0888333333333333 0.18 0.10400000000000002 0.099 0.1665 0.11299999999999999 0.15850000000000003 0.2538333333333334 0.18366666666666667 0.4961666666666665 0.19583333333333336 0.18983333333333327 0.15533333333333332 0.16316666666666665 0.14583333333333334 0.154 0.15883333333333335 0.2635 0.12183333333333334 0.5841666666666668 0.10716666666666667 0.07816666666666669 0.4055 0.3983333333333334 
0.7698333333333334 0.7831666666666669 0.08966666666666667 0.6119999999999998 0.22583333333333339 0.4891666666666667 0.14866666666666667 0.6144999999999999 0.25883333333333325 0.6693333333333331 1.0 0.7433333333333336 0.8634999999999999 0.7335 0.15649999999999997 0.30749999999999994 0.8296666666666667 0.7616666666666666 0.34199999999999997 0.769 0.15166666666666667 0.2828333333333333 0.12349999999999998 0.23133333333333334 0.12066666666666674 0.21600000000000003 0.07016666666666665 0.13099999999999998 0.18166666666666664 0.08549999999999999 0.11783333333333326 0.36733333333333335 0.6123333333333334 0.7693333333333334 0.12500000000000003 0.374 0.07950000000000002 0.0495 0.1103333333333333 0.07366666666666667 0.071 0.24550000000000008 0.07649999999999998 0.26483333333333325 0.16083333333333333 0.6096666666666666 0.39899999999999997 0.06549999999999999 0.6154999999999999 0.6163333333333332 0.7845000000000002 0.6616666666666664 0.26066666666666666 0.06633333333333334 0.052333333333333315 0.053499999999999985 0.7696666666666667 0.7845000000000002 0.7558333333333332 0.6408333333333335 0.6455 0.7034999999999999 0.7566666666666667 0.8030000000000002 0.46916666666666673 0.6979999999999998 0.12516666666666665 0.2418333333333333 0.14916666666666661 0.12566666666666668 0.07400000000000001 0.05583333333333332 0.24499999999999997 0.18933333333333338 0.24816666666666667 0.621 0.09516666666666662 0.22733333333333333 0.0825 0.077 0.12233333333333332 0.08116666666666666 0.07733333333333334 0.24333333333333335 0.14933333333333335 0.6113333333333333 0.13166666666666665 0.18516666666666665 0.1745 0.144 
0.5705 0.5878333333333333 0.08950000000000001 0.5953333333333333 0.21433333333333335 0.6244999999999998 0.15766666666666665 0.5988333333333334 0.21966666666666665 0.8145000000000002 0.7433333333333336 1.0 0.8324999999999999 0.930333333333333 0.26466666666666666 0.5071666666666667 0.6751666666666668 0.7249999999999999 0.14833333333333332 0.5705 0.20266666666666663 0.3880000000000001 0.15150000000000002 0.22283333333333327 0.20050000000000004 0.32733333333333337 0.06266666666666663 0.1848333333333333 0.1743333333333333 0.1863333333333333 0.22516666666666665 0.44333333333333336 0.4118333333333334 0.5705 0.11050000000000003 0.348 0.11383333333333331 0.04733333333333332 0.13866666666666666 0.06433333333333333 0.08633333333333335 0.2161666666666666 0.17500000000000007 0.355 0.24416666666666667 0.569 0.48983333333333334 0.15633333333333335 0.58 0.601 0.6230000000000001 0.722333333333333 0.37550000000000006 0.03583333333333333 0.10649999999999997 0.06316666666666666 0.5706666666666667 0.5873333333333333 0.633 0.675 0.5331666666666668 0.7618333333333334 0.5561666666666666 0.6866666666666668 0.5453333333333332 0.7381666666666662 0.11499999999999998 0.22783333333333342 0.12649999999999997 0.11650000000000003 0.06016666666666664 0.07033333333333334 0.16316666666666665 0.268 0.06633333333333331 0.5291666666666666 0.08483333333333336 0.22133333333333327 0.17850000000000002 0.17733333333333334 0.16916666666666672 0.1763333333333334 0.17183333333333337 0.32899999999999996 0.1978333333333333 0.699666666666667 0.07300000000000001 0.012166666666666668 0.27949999999999997 0.2316666666666667 
0.6623333333333334 0.6778333333333335 0.13683333333333333 0.5959999999999998 0.31050000000000005 0.5819999999999999 0.2278333333333333 0.5984999999999998 0.33266666666666667 0.7774999999999999 0.8634999999999999 0.8324999999999999 1.0 0.833333333333333 0.1888333333333333 0.38533333333333336 0.7065 0.681166666666667 0.23850000000000002 0.662 0.22883333333333333 0.3046666666666667 0.18566666666666667 0.2473333333333333 0.15466666666666667 0.25066666666666665 0.10449999999999995 0.17350000000000002 0.1175 0.08866666666666667 0.13216666666666668 0.3908333333333333 0.5043333333333333 0.6616666666666667 0.134 0.35483333333333333 0.09016666666666666 0.04916666666666665 0.054833333333333324 0.048666666666666664 0.07783333333333331 0.22333333333333336 0.07699999999999997 0.25733333333333336 0.15116666666666667 0.5831666666666666 0.3921666666666668 0.05866666666666667 0.5884999999999999 0.6044999999999999 0.6920000000000001 0.7134999999999998 0.2563333333333333 0.04966666666666666 0.03816666666666666 0.04899999999999999 0.6621666666666668 0.6783333333333335 0.7326666666666668 0.6729999999999999 0.6316666666666666 0.7598333333333335 0.6486666666666667 0.7765 0.5823333333333333 0.7591666666666669 0.1365 0.2328333333333334 0.1331666666666666 0.1278333333333333 0.09033333333333333 0.056166666666666656 0.14566666666666664 0.16899999999999998 0.19766666666666666 0.5573333333333333 0.1241666666666667 0.2406666666666667 0.07983333333333331 0.0793333333333333 0.07566666666666666 0.07833333333333331 0.07849999999999997 0.23016666666666666 0.10766666666666662 0.597 0.06449999999999999 0.09 0.28533333333333327 0.2431666666666667 
0.565 0.5825 0.11066666666666668 0.6336666666666666 0.21349999999999994 0.6778333333333333 0.15983333333333336 0.638 0.21166666666666673 0.8653333333333332 0.7335 0.930333333333333 0.833333333333333 1.0 0.22616666666666663 0.5246666666666667 0.6423333333333333 0.6759999999999999 0.14200000000000002 0.5655 0.21633333333333332 0.35450000000000004 0.20366666666666675 0.275 0.21649999999999991 0.36449999999999994 0.10533333333333333 0.23249999999999996 0.1243333333333333 0.14066666666666663 0.18299999999999997 0.4816666666666665 0.4068333333333333 0.5655 0.13033333333333336 0.3678333333333334 0.07533333333333332 0.044333333333333336 0.09933333333333332 0.038500000000000006 0.04933333333333331 0.23500000000000004 0.12866666666666665 0.3121666666666667 0.212 0.5786666666666667 0.4505000000000001 0.11566666666666663 0.5764999999999999 0.6269999999999998 0.6146666666666666 0.7575000000000002 0.36150000000000015 0.048499999999999995 0.0745 0.03900000000000001 0.5655 0.5821666666666668 0.6283333333333334 0.7076666666666666 0.5276666666666667 0.8058333333333333 0.5501666666666667 0.6934999999999999 0.5778333333333334 0.7901666666666667 0.1293333333333333 0.24850000000000008 0.1465 0.1381666666666667 0.07933333333333335 0.05216666666666665 0.12249999999999997 0.2259999999999999 0.07916666666666665 0.5549999999999998 0.12333333333333332 0.24983333333333327 0.13216666666666665 0.13133333333333333 0.12099999999999998 0.13033333333333333 0.12600000000000003 0.2808333333333333 0.1716666666666666 0.6935000000000001 0.044500000000000005 0.004166666666666667 0.31233333333333335 0.284 
0.004666666666666667 0.007333333333333334 0.4528333333333335 0.005666666666666666 0.6546666666666667 0.4016666666666667 0.5483333333333336 0.007333333333333333 0.5978333333333333 0.2651666666666667 0.15649999999999997 0.26466666666666666 0.1888333333333333 0.22616666666666663 1.0 0.49066666666666686 0.11600000000000002 0.19266666666666665 0.27399999999999997 0.0045000000000000005 0.6630000000000001 0.6409999999999999 0.5068333333333335 0.40299999999999997 0.7318333333333331 0.5605000000000001 0.5406666666666666 0.6348333333333334 0.5533333333333331 0.6418333333333334 0.7301666666666666 0.40466666666666673 0.08100000000000003 0.0045 0.2950000000000001 0.1471666666666667 0.6984999999999999 0.48550000000000004 0.6496666666666665 0.5553333333333332 0.6659999999999999 0.30483333333333335 0.7073333333333334 0.48583333333333334 0.41816666666666663 0.008500000000000002 0.3221666666666666 0.5508333333333333 0.05716666666666667 0.014000000000000004 0.04050000000000001 0.04649999999999999 0.35300000000000004 0.38049999999999995 0.5919999999999999 0.5466666666666665 0.004833333333333333 0.007833333333333333 0.025833333333333333 0.024166666666666666 0.09616666666666668 0.074 0.023500000000000007 0.06016666666666666 0.3 0.07933333333333331 0.29033333333333333 0.209 0.2743333333333333 0.28366666666666673 0.48699999999999993 0.5428333333333334 0.47283333333333344 0.5213333333333333 0.4970000000000001 0.07000000000000002 0.4036666666666667 0.21783333333333335 0.6363333333333334 0.6625 0.5978333333333333 0.6416666666666667 0.7581666666666669 0.5345 0.45866666666666667 0.16549999999999998 0.49233333333333335 0.4230000000000001 0.5720000000000001 0.5191666666666669 
0.158 0.1673333333333333 0.17883333333333337 0.22016666666666665 0.31350000000000006 0.5868333333333333 0.2181666666666667 0.22383333333333325 0.2740000000000001 0.5358333333333334 0.30749999999999994 0.5071666666666667 0.38533333333333336 0.5246666666666667 0.49066666666666686 1.0 0.25133333333333335 0.29716666666666675 0.10316666666666664 0.158 0.33649999999999997 0.5526666666666666 0.2700000000000001 0.33366666666666667 0.36633333333333334 0.624 0.22683333333333341 0.3753333333333334 0.5621666666666666 0.6008333333333331 0.5718333333333333 0.6395 0.16616666666666668 0.158 0.10283333333333335 0.10916666666666666 0.23700000000000007 0.14666666666666667 0.23883333333333334 0.15766666666666665 0.2031666666666667 0.2825 0.44066666666666654 0.5061666666666665 0.5103333333333333 0.1703333333333333 0.40966666666666673 0.5261666666666666 0.1763333333333333 0.22283333333333333 0.20383333333333337 0.31 0.36833333333333335 0.1165 0.20366666666666677 0.15483333333333332 0.15816666666666665 0.16766666666666666 0.1991666666666666 0.268 0.14549999999999996 0.35166666666666657 0.14799999999999996 0.25933333333333336 0.30583333333333335 0.33833333333333326 0.10033333333333334 0.10149999999999997 0.11666666666666665 0.10949999999999999 0.16516666666666663 0.16516666666666666 0.48849999999999993 0.5416666666666667 0.25583333333333336 0.1503333333333333 0.16666666666666669 0.11116666666666668 0.5918333333333332 0.5684999999999999 0.5588333333333333 0.5874999999999999 0.3951666666666666 0.6305000000000001 0.4865 0.33666666666666667 0.3371666666666666 0.09633333333333334 0.3696666666666667 0.32800000000000007 
0.8041666666666668 0.7846666666666668 0.031 0.5993333333333332 0.07650000000000001 0.36866666666666675 0.035500000000000004 0.5994999999999998 0.10433333333333335 0.5355 0.8296666666666667 0.6751666666666668 0.7065 0.6423333333333333 0.11600000000000002 0.25133333333333335 1.0 0.9063333333333331 0.37616666666666665 0.8030000000000003 0.016833333333333336 0.26316666666666666 0.0045 0.143 0.07983333333333338 0.17250000000000004 0.005166666666666666 0.039666666666666656 0.3075 0.19433333333333333 0.1366666666666667 0.3378333333333333 0.6453333333333333 0.8031666666666669 0.11700000000000003 0.37266666666666665 0.12516666666666665 0.10833333333333331 0.25866666666666666 0.16716666666666666 0.1275 0.24350000000000002 0.18849999999999997 0.38299999999999995 0.2818333333333333 0.6086666666666669 0.518 0.18516666666666662 0.6188333333333333 0.6064999999999999 0.8088333333333334 0.6056666666666662 0.37983333333333336 0.06633333333333334 0.16766666666666669 0.12883333333333336 0.8035000000000002 0.7865000000000002 0.7266666666666666 0.5991666666666665 0.6079999999999999 0.6089999999999998 0.791 0.7383333333333333 0.3208333333333333 0.5859999999999999 0.1171666666666667 0.241 0.14833333333333334 0.12283333333333334 0.06100000000000001 0.1205 0.39583333333333337 0.31766666666666665 0.20116666666666663 0.6308333333333335 0.0315 0.2151666666666667 0.19733333333333333 0.18866666666666665 0.24833333333333335 0.1968333333333333 0.18849999999999997 0.36183333333333345 0.2833333333333334 0.7305000000000001 0.207 0.22049999999999995 0.020166666666666666 0.0075 
0.7225 0.7048333333333333 0.0031666666666666666 0.5671666666666666 0.0726666666666667 0.39266666666666666 0.022166666666666664 0.5674999999999999 0.09349999999999997 0.5628333333333334 0.7616666666666666 0.7249999999999999 0.681166666666667 0.6759999999999999 0.19266666666666665 0.29716666666666675 0.9063333333333331 1.0 0.29733333333333334 0.7226666666666667 0.03383333333333333 0.32433333333333336 0.0026666666666666666 0.1293333333333333 0.13183333333333333 0.20099999999999998 0.0013333333333333333 0.05249999999999999 0.3899999999999999 0.281 0.22316666666666674 0.35483333333333333 0.5625 0.7223333333333334 0.10433333333333333 0.3431666666666668 0.18283333333333332 0.11616666666666667 0.32449999999999996 0.20800000000000002 0.18083333333333335 0.21816666666666662 0.2728333333333334 0.4618333333333334 0.3486666666666666 0.5754999999999999 0.5928333333333333 0.26166666666666677 0.6101666666666666 0.568 0.7453333333333334 0.5681666666666666 0.43250000000000005 0.037500000000000006 0.21783333333333327 0.16766666666666669 0.7225 0.7058333333333333 0.6508333333333334 0.568 0.5409999999999999 0.5709999999999998 0.7066666666666667 0.6738333333333333 0.30516666666666675 0.5681666666666666 0.10833333333333332 0.22100000000000009 0.12116666666666666 0.10950000000000001 0.06800000000000002 0.1508333333333333 0.4033333333333334 0.396 0.1556666666666667 0.589 0.02783333333333333 0.20866666666666664 0.2836666666666668 0.27516666666666667 0.33283333333333315 0.28266666666666673 0.2711666666666667 0.44883333333333325 0.3435 0.7843333333333332 0.2243333333333333 0.16183333333333338 0.025000000000000005 0.002833333333333333 
0.5621666666666667 0.5434999999999999 0.5631666666666666 0.3331666666666666 0.46099999999999985 0.1716666666666667 0.5070000000000001 0.3251666666666667 0.4998333333333333 0.09050000000000002 0.34199999999999997 0.14833333333333332 0.23850000000000002 0.14200000000000002 0.27399999999999997 0.10316666666666664 0.37616666666666665 0.29733333333333334 1.0 0.5625 0.4108333333333332 0.16233333333333333 0.4216666666666666 0.35833333333333334 0.3898333333333334 0.16366666666666674 0.46583333333333343 0.38916666666666655 0.1625 0.04283333333333332 0.09916666666666668 0.105 0.579 0.5621666666666666 0.6566666666666667 0.5773333333333333 0.3988333333333333 0.4209999999999998 0.46249999999999986 0.44 0.41016666666666673 0.31249999999999994 0.1981666666666667 0.030333333333333323 0.1443333333333333 0.3631666666666666 0.12950000000000003 0.05516666666666667 0.3413333333333333 0.3640000000000001 0.5081666666666667 0.3316666666666667 0.33166666666666667 0.6418333333333333 0.3981666666666666 0.40849999999999986 0.5618333333333334 0.5453333333333332 0.4868333333333333 0.34016666666666673 0.5708333333333333 0.29083333333333333 0.5576666666666668 0.43016666666666664 0.4313333333333332 0.21150000000000002 0.6771666666666667 0.6683333333333336 0.7426666666666665 0.6965000000000002 0.4278333333333332 0.4039999999999999 0.25300000000000006 0.058833333333333335 0.5733333333333331 0.3808333333333332 0.5196666666666668 0.6255000000000001 0.048666666666666664 0.05583333333333334 0.1056666666666667 0.053500000000000006 0.2636666666666666 0.12816666666666665 0.15966666666666665 0.13983333333333334 0.34050000000000014 0.8001666666666667 0.4098333333333333 0.43016666666666653 
0.9966666666666667 0.9790000000000002 0.15366666666666667 0.7678333333333331 0.04933333333333335 0.32099999999999995 0.08850000000000004 0.7608333333333333 0.08033333333333331 0.4946666666666667 0.769 0.5705 0.662 0.5655 0.0045000000000000005 0.158 0.8030000000000003 0.7226666666666667 0.5625 1.0 0.005 0.15116666666666664 0.014333333333333333 0.18650000000000005 0.0 0.09783333333333331 0.062333333333333324 0.020166666666666666 0.11999999999999998 0.008833333333333334 0.001 0.29583333333333334 0.8363333333333334 0.9968333333333333 0.2705000000000001 0.5595000000000002 0.0011666666666666668 0.0175 0.07616666666666667 0.03699999999999999 0.0031666666666666666 0.3581666666666667 0.0003333333333333333 0.1968333333333333 0.0968333333333333 0.7991666666666666 0.3331666666666667 0.0 0.7765000000000002 0.8 0.9411666666666667 0.7658333333333333 0.19783333333333328 0.23266666666666666 0.0006666666666666666 0.002 0.9968333333333333 0.9813333333333337 0.9001666666666667 0.7691666666666667 0.7680000000000001 0.7230000000000001 0.9761666666666668 0.8631666666666669 0.3328333333333333 0.6411666666666668 0.2690000000000001 0.4196666666666667 0.3349999999999999 0.2886666666666667 0.017000000000000005 0.00016666666666666666 0.23233333333333334 0.13049999999999998 0.25166666666666665 0.8079999999999998 0.10133333333333332 0.35416666666666674 0.009666666666666667 0.0021666666666666666 0.059333333333333356 0.008333333333333333 0.0023333333333333335 0.17416666666666658 0.11433333333333336 0.5511666666666667 0.19916666666666663 0.39433333333333337 0.004166666666666667 0.01566666666666667 
0.004666666666666667 0.009166666666666667 0.6915 0.04133333333333334 0.8868333333333337 0.48133333333333345 0.7991666666666662 0.0475 0.8374999999999999 0.3245 0.15166666666666667 0.20266666666666663 0.22883333333333333 0.21633333333333332 0.6630000000000001 0.33649999999999997 0.016833333333333336 0.03383333333333333 0.4108333333333332 0.005 1.0 0.5329999999999999 0.7976666666666665 0.5794999999999999 0.7754999999999996 0.5561666666666667 0.7914999999999998 0.8376666666666666 0.2483333333333333 0.3179999999999999 0.44316666666666654 0.32716666666666655 0.05733333333333333 0.005166666666666666 0.5071666666666668 0.24433333333333337 0.7809999999999999 0.6565000000000001 0.6069999999999999 0.6663333333333331 0.7755 0.34900000000000003 0.4598333333333332 0.21050000000000005 0.11366666666666665 0.006500000000000001 0.047333333333333345 0.24200000000000002 0.019833333333333335 0.03166666666666667 0.0085 0.09833333333333334 0.25383333333333336 0.5419999999999999 0.6246666666666667 0.6663333333333332 0.005333333333333333 0.0105 0.06183333333333334 0.07033333333333334 0.19033333333333333 0.1491666666666667 0.018000000000000002 0.08833333333333333 0.5458333333333331 0.18633333333333335 0.5011666666666666 0.37666666666666665 0.4431666666666667 0.48200000000000004 0.6951666666666665 0.6723333333333334 0.22866666666666674 0.22216666666666665 0.638 0.10633333333333336 0.6586666666666667 0.4348333333333333 0.31300000000000006 0.34299999999999997 0.27749999999999997 0.31800000000000006 0.5598333333333335 0.22200000000000006 0.18 0.02383333333333333 0.41583333333333333 0.5865000000000001 0.869333333333333 0.8358333333333333 
0.15133333333333332 0.15033333333333332 0.30950000000000005 0.16466666666666668 0.49900000000000005 0.5868333333333333 0.39033333333333337 0.16833333333333336 0.4358333333333335 0.39399999999999996 0.2828333333333333 0.3880000000000001 0.3046666666666667 0.35450000000000004 0.6409999999999999 0.5526666666666666 0.26316666666666666 0.32433333333333336 0.16233333333333333 0.15116666666666664 0.5329999999999999 1.0 0.3803333333333334 0.48150000000000004 0.6168333333333335 0.8085000000000002 0.4340000000000001 0.5761666666666667 0.5165 0.6341666666666667 0.74 0.5823333333333335 0.17650000000000002 0.15133333333333332 0.17033333333333334 0.04166666666666666 0.5748333333333333 0.3541666666666666 0.5110000000000001 0.4163333333333334 0.5426666666666666 0.5105 0.6455 0.5556666666666664 0.3731666666666667 0.158 0.28466666666666657 0.5210000000000001 0.20133333333333334 0.16416666666666668 0.18783333333333338 0.18466666666666667 0.3005 0.26716666666666666 0.4596666666666668 0.4091666666666666 0.15133333333333332 0.15033333333333332 0.1476666666666667 0.16466666666666668 0.048166666666666656 0.21200000000000002 0.16583333333333336 0.20083333333333328 0.1066666666666667 0.21749999999999997 0.16566666666666666 0.07883333333333335 0.15133333333333338 0.1605 0.34866666666666674 0.4063333333333333 0.48566666666666686 0.5343333333333334 0.26733333333333326 0.23049999999999998 0.2775 0.08950000000000001 0.6199999999999999 0.6516666666666664 0.5711666666666666 0.6230000000000001 0.6806666666666669 0.5408333333333334 0.3956666666666667 0.27516666666666656 0.5501666666666665 0.30000000000000004 0.43283333333333346 0.3821666666666665 
0.013666666666666667 0.027833333333333335 0.8225000000000001 0.19399999999999998 0.7610000000000001 0.4505000000000001 0.7871666666666666 0.2003333333333333 0.7744999999999996 0.3146666666666667 0.12349999999999998 0.15150000000000002 0.18566666666666667 0.20366666666666675 0.5068333333333335 0.2700000000000001 0.0045 0.0026666666666666666 0.4216666666666666 0.014333333333333333 0.7976666666666665 0.3803333333333334 1.0 0.7386666666666666 0.7041666666666666 0.4718333333333333 0.8384999999999999 0.7443333333333334 0.18349999999999994 0.18366666666666664 0.3053333333333333 0.3415000000000001 0.06383333333333335 0.013833333333333333 0.6476666666666668 0.38250000000000006 0.6494999999999999 0.7806666666666667 0.5761666666666667 0.6848333333333333 0.6549999999999998 0.47483333333333344 0.3604999999999999 0.20716666666666675 0.15816666666666668 0.12349999999999998 0.06366666666666666 0.24816666666666667 0.08433333333333333 0.1725 0.02583333333333334 0.16616666666666668 0.3151666666666667 0.6640000000000001 0.6618333333333333 0.7148333333333331 0.013333333333333338 0.02683333333333334 0.07516666666666666 0.20383333333333337 0.20099999999999998 0.20199999999999999 0.024833333333333332 0.09433333333333332 0.5484999999999999 0.32533333333333325 0.6326666666666666 0.519 0.5820000000000003 0.6260000000000001 0.8359999999999999 0.7371666666666664 0.19933333333333333 0.2206666666666667 0.644 0.16516666666666663 0.8128333333333337 0.5843333333333333 0.1805 0.2096666666666666 0.1856666666666667 0.18600000000000003 0.42666666666666664 0.0986666666666667 0.2428333333333333 0.1303333333333333 0.3451666666666667 0.5968333333333334 0.8474999999999998 0.8911666666666669 
0.1856666666666667 0.18633333333333335 0.5878333333333334 0.41266666666666657 0.5343333333333335 0.5331666666666668 0.5399999999999997 0.41966666666666663 0.5331666666666668 0.3796666666666666 0.23133333333333334 0.22283333333333327 0.2473333333333333 0.275 0.40299999999999997 0.33366666666666667 0.143 0.1293333333333333 0.35833333333333334 0.18650000000000005 0.5794999999999999 0.48150000000000004 0.7386666666666666 1.0 0.5559999999999998 0.5615000000000001 0.6583333333333335 0.6348333333333332 0.19866666666666657 0.2018333333333333 0.31616666666666665 0.5036666666666667 0.185 0.18583333333333335 0.5448333333333332 0.4015000000000001 0.45599999999999985 0.6376666666666666 0.4373333333333334 0.5265 0.4576666666666666 0.6463333333333334 0.3733333333333333 0.32033333333333325 0.23199999999999998 0.3426666666666667 0.15016666666666667 0.30800000000000005 0.29766666666666663 0.3421666666666667 0.16166666666666665 0.29216666666666674 0.4008333333333332 0.6045 0.5425000000000001 0.5661666666666665 0.1858333333333334 0.1858333333333334 0.16666666666666663 0.3261666666666666 0.09583333333333335 0.3271666666666666 0.19316666666666665 0.22499999999999998 0.33000000000000007 0.4338333333333334 0.5235 0.4629999999999999 0.5263333333333334 0.5345 0.6841666666666667 0.5913333333333333 0.25400000000000006 0.2831666666666666 0.4421666666666666 0.3351666666666668 0.6769999999999999 0.4843333333333333 0.19583333333333333 0.22383333333333325 0.20099999999999998 0.20099999999999998 0.37116666666666676 0.15733333333333333 0.27483333333333326 0.29133333333333344 0.35050000000000003 0.45433333333333337 0.5966666666666667 0.6391666666666667 
