1.0 0.7745000000000002 0.21350000000000005 0.004666666666666667 0.005 0.004666666666666666 0.006000000000000001 0.008833333333333334 0.012333333333333337 0.00916666666666667 0.4585 0.38066666666666665 0.39899999999999997 0.36816666666666653 0.18933333333333338 0.17633333333333334 0.6106666666666667 0.6433333333333334 0.8663333333333333 0.9446666666666667 0.152 0.15233333333333332 0.17550000000000002 0.15566666666666662 0.17149999999999996 0.17316666666666666 0.1455 0.1108333333333333 0.15366666666666665 0.1553333333333333 0.1775 0.1751666666666667 0.014333333333333333 0.0535 0.04499999999999999 0.08466666666666671 0.3376666666666667 0.15583333333333332 0.1563333333333333 0.1573333333333333 0.15283333333333332 0.15249999999999997 0.7728333333333332 0.7246666666666667 0.5083333333333333 0.4106666666666667 0.7703333333333332 0.7699999999999999 0.7158333333333334 0.758 0.4518333333333333 0.6195 0.6946666666666669 0.7471666666666664 0.15816666666666665 0.1928333333333333 0.873 0.6451666666666667 0.35866666666666674 0.23233333333333328 0.3258333333333333 0.03766666666666667 0.3683333333333334 0.30066666666666675 0.006833333333333333 0.005333333333333333 0.014166666666666668 0.014166666666666668 0.6839999999999997 0.8643333333333332 0.14733333333333332 0.014166666666666666 0.0045 0.15383333333333332 0.042333333333333334 0.009333333333333332 0.013666666666666667 0.013833333333333333 0.15966666666666662 0.19849999999999998 0.16883333333333334 0.6883333333333335 0.15599999999999997 0.15583333333333332 0.635 0.515 0.2026666666666667 0.5073333333333333 0.1996666666666666 0.2853333333333334 
0.7745000000000002 1.0 0.029500000000000002 0.0006666666666666666 0.0013333333333333333 0.0008333333333333334 0.0023333333333333335 0.005 0.0085 0.015166666666666672 0.45383333333333326 0.3766666666666666 0.3953333333333333 0.36466666666666664 0.3423333333333333 0.32233333333333336 0.8321666666666668 0.7505000000000002 0.6485 0.8115000000000002 0.37583333333333324 0.3761666666666666 0.012833333333333337 0.0026666666666666666 0.009333333333333336 0.012833333333333337 0.31933333333333325 0.24049999999999994 0.3728333333333333 0.37916666666666665 0.010500000000000002 0.010833333333333337 0.001 0.11266666666666665 0.0008333333333333334 0.0015000000000000002 0.4733333333333333 0.3796666666666666 0.3801666666666666 0.3811666666666666 0.37666666666666665 0.37633333333333324 0.9811666666666671 0.9446666666666669 0.49666666666666665 0.40566666666666684 0.9843333333333336 0.9850000000000004 0.6178333333333332 0.6311666666666665 0.44499999999999995 0.6008333333333333 0.9123333333333332 0.9668333333333335 0.382 0.4166666666666666 0.8808333333333331 0.8483333333333334 0.35433333333333344 0.22799999999999992 0.32166666666666666 0.03383333333333334 0.36383333333333345 0.29616666666666674 0.001 0.0016666666666666666 0.0005 0.0005 0.9023333333333334 0.6536666666666666 0.36833333333333323 0.0005 0.022833333333333337 0.37766666666666665 0.037 0.004833333333333334 0.0005 0.0005 0.3835 0.4220000000000001 0.39266666666666666 0.8958333333333333 0.37983333333333325 0.3796666666666666 0.7430000000000001 0.6018333333333333 0.42633333333333323 0.7311666666666669 0.3945000000000001 0.4665000000000001 
0.21350000000000005 0.029500000000000002 1.0 0.4938333333333334 0.4788333333333333 0.4755000000000001 0.4725000000000001 0.4524999999999999 0.4201666666666666 0.2963333333333333 0.06649999999999999 0.08066666666666666 0.10550000000000001 0.12816666666666665 0.10683333333333335 0.1263333333333333 0.025166666666666667 0.09866666666666667 0.3243333333333333 0.18949999999999995 0.09916666666666668 0.10083333333333337 0.9373333333333329 0.9179999999999999 0.9326666666666666 0.8795000000000002 0.44749999999999995 0.4798333333333333 0.08883333333333335 0.013500000000000002 0.9263333333333332 0.9238333333333333 0.6401666666666668 0.026000000000000002 0.7098333333333333 0.7571666666666667 0.13550000000000004 0.014666666666666668 0.0165 0.018000000000000002 0.08750000000000004 0.05183333333333333 0.027999999999999997 0.02383333333333333 0.1431666666666667 0.13983333333333334 0.02783333333333333 0.02816666666666667 0.17433333333333334 0.18466666666666665 0.13766666666666671 0.04366666666666666 0.028333333333333335 0.02683333333333334 0.013666666666666667 0.0045000000000000005 0.13399999999999995 0.03666666666666667 0.1353333333333333 0.2358333333333333 0.1291666666666667 0.4048333333333335 0.11216666666666665 0.14283333333333328 0.5565000000000001 0.5168333333333336 0.6403333333333333 0.6393333333333335 0.0275 0.33283333333333326 0.14716666666666667 0.6298333333333335 0.45899999999999996 0.019000000000000003 0.4439999999999999 0.42066666666666663 0.6358333333333336 0.6376666666666667 0.008000000000000002 0.024166666666666666 0.004666666666666666 0.02116666666666667 0.012500000000000002 0.009333333333333334 0.26233333333333325 0.3268333333333333 0.002833333333333333 0.0055000000000000005 0.09533333333333333 0.06766666666666668 
0.004666666666666667 0.0006666666666666666 0.4938333333333334 1.0 0.9336666666666664 0.9345 0.9346666666666666 0.9316666666666669 0.9156666666666666 0.7471666666666669 0.5208333333333334 0.5753333333333335 0.5589999999999999 0.5758333333333333 0.19466666666666663 0.21683333333333338 0.0 0.0005 0.03266666666666666 0.0018333333333333335 0.1001666666666667 0.10266666666666671 0.54 0.5663333333333334 0.4906666666666667 0.4311666666666666 0.2853333333333334 0.2958333333333333 0.10133333333333334 0.01516666666666667 0.47483333333333344 0.4756666666666668 0.8475000000000001 0.29283333333333333 0.7675 0.7106666666666667 0.09883333333333333 0.016333333333333335 0.018000000000000002 0.019500000000000003 0.08950000000000005 0.053666666666666654 0.0005 0.0 0.4218333333333334 0.5618333333333333 0.0 0.0 0.23866666666666664 0.1966666666666666 0.49966666666666676 0.38100000000000006 0.0 0.0 0.015333333333333336 0.005333333333333333 0.0013333333333333333 0.0 0.5976666666666667 0.7231666666666666 0.6206666666666667 0.8979999999999997 0.5971666666666666 0.6391666666666669 0.8965 0.9048333333333335 0.8496666666666667 0.8511666666666667 0.0005 0.021833333333333337 0.15200000000000002 0.8428333333333332 0.7838333333333333 0.02066666666666667 0.9211666666666666 0.9178333333333335 0.8443333333333334 0.8433333333333334 0.008666666666666666 0.012333333333333333 0.004833333333333333 0.05600000000000001 0.01416666666666667 0.010833333333333335 0.049333333333333326 0.08816666666666667 0.0031666666666666666 0.0 0.20333333333333337 0.03683333333333334 
0.005 0.0013333333333333333 0.4788333333333333 0.9336666666666664 1.0 0.933166666666667 0.9630000000000003 0.953666666666667 0.9258333333333334 0.7630000000000001 0.5218333333333335 0.5733333333333333 0.5758333333333333 0.6011666666666668 0.2094999999999999 0.23149999999999998 0.0005 0.0008333333333333334 0.03266666666666666 0.0026666666666666666 0.08933333333333338 0.09250000000000001 0.5256666666666665 0.5518333333333334 0.47700000000000004 0.423 0.2828333333333334 0.28900000000000015 0.10083333333333334 0.013833333333333338 0.4655 0.4656666666666668 0.8286666666666668 0.2895 0.7483333333333333 0.6921666666666668 0.08766666666666667 0.014500000000000004 0.015500000000000003 0.016666666666666673 0.08116666666666665 0.05099999999999999 0.001 0.0006666666666666666 0.4255000000000001 0.5685000000000001 0.0003333333333333333 0.0005 0.2373333333333333 0.19599999999999995 0.5118333333333333 0.38016666666666665 0.0003333333333333333 0.0006666666666666666 0.01333333333333334 0.005666666666666666 0.0018333333333333333 0.0006666666666666666 0.6108333333333333 0.7241666666666666 0.6278333333333334 0.9073333333333329 0.5933333333333334 0.6386666666666666 0.9110000000000003 0.9348333333333336 0.8328333333333332 0.8334999999999999 0.0008333333333333334 0.021500000000000005 0.14066666666666666 0.8300000000000002 0.7753333333333332 0.019500000000000007 0.9086666666666666 0.9243333333333331 0.8316666666666667 0.8324999999999999 0.009000000000000001 0.009666666666666667 0.006833333333333334 0.05449999999999999 0.01266666666666667 0.010166666666666668 0.06650000000000002 0.10766666666666663 0.006166666666666667 0.0075000000000000015 0.2396666666666667 0.04283333333333334 
0.004666666666666666 0.0008333333333333334 0.4755000000000001 0.9345 0.933166666666667 1.0 0.9178333333333333 0.9091666666666667 0.8846666666666668 0.763 0.5075000000000002 0.5505000000000001 0.5536666666666669 0.572 0.21616666666666667 0.25183333333333335 0.0008333333333333333 0.0011666666666666668 0.03133333333333334 0.0023333333333333335 0.12633333333333335 0.1285 0.5181666666666667 0.5423333333333332 0.4846666666666667 0.4518333333333333 0.3201666666666666 0.33100000000000007 0.1181666666666667 0.04250000000000001 0.4811666666666667 0.4826666666666666 0.826 0.31983333333333336 0.7510000000000002 0.6915 0.10300000000000001 0.043500000000000004 0.04449999999999999 0.04583333333333333 0.11600000000000005 0.08083333333333333 0.0011666666666666668 0.0013333333333333333 0.4118333333333335 0.5426666666666666 0.001 0.0008333333333333333 0.23316666666666663 0.1938333333333333 0.4925 0.37383333333333324 0.0008333333333333334 0.0005 0.042166666666666665 0.03033333333333334 0.001 0.0003333333333333333 0.5754999999999998 0.6886666666666669 0.5951666666666668 0.8658333333333336 0.5675000000000001 0.6073333333333333 0.8826666666666665 0.8919999999999999 0.8264999999999999 0.8283333333333333 0.0008333333333333333 0.02066666666666667 0.17833333333333332 0.8245 0.7711666666666666 0.04833333333333332 0.8859999999999998 0.8851666666666667 0.8265000000000002 0.8245 0.03616666666666667 0.03183333333333334 0.03166666666666667 0.05766666666666667 0.04150000000000001 0.03833333333333334 0.06416666666666668 0.1035 0.028166666666666677 0.013500000000000003 0.23516666666666658 0.06116666666666666 
0.006000000000000001 0.0023333333333333335 0.4725000000000001 0.9346666666666666 0.9630000000000003 0.9178333333333333 1.0 0.9713333333333337 0.9445 0.7595000000000002 0.5296666666666667 0.5890000000000001 0.5899999999999999 0.6158333333333333 0.20999999999999996 0.22849999999999995 0.0016666666666666668 0.002 0.03383333333333333 0.0036666666666666666 0.07849999999999997 0.08200000000000005 0.5205000000000001 0.5476666666666666 0.4649999999999999 0.4038333333333334 0.26533333333333325 0.27099999999999996 0.09216666666666669 0.0045000000000000005 0.4476666666666668 0.44799999999999995 0.8219999999999998 0.281 0.7413333333333333 0.6858333333333333 0.08216666666666667 0.005333333333333333 0.006333333333333333 0.007666666666666666 0.07066666666666666 0.04133333333333334 0.0023333333333333335 0.0016666666666666668 0.4321666666666667 0.5778333333333335 0.0016666666666666668 0.0016666666666666668 0.24000000000000005 0.19799999999999998 0.5175 0.38366666666666677 0.0016666666666666668 0.0018333333333333335 0.004 0.0006666666666666666 0.002833333333333333 0.0018333333333333335 0.6258333333333335 0.7443333333333332 0.6458333333333335 0.9279999999999997 0.6101666666666666 0.6568333333333333 0.9133333333333333 0.9471666666666669 0.8278333333333332 0.8274999999999997 0.0021666666666666666 0.022833333333333337 0.129 0.8258333333333332 0.7639999999999998 0.010333333333333335 0.9138333333333333 0.9379999999999997 0.829 0.8311666666666665 0.0006666666666666666 0.002833333333333333 0.0 0.054333333333333345 0.003333333333333333 0.001 0.06583333333333335 0.10266666666666667 0.0003333333333333333 0.005166666666666666 0.24116666666666664 0.037333333333333336 
0.008833333333333334 0.005 0.4524999999999999 0.9316666666666669 0.953666666666667 0.9091666666666667 0.9713333333333337 1.0 0.9615 0.7666666666666663 0.5375000000000001 0.6039999999999999 0.5929999999999999 0.6145 0.22066666666666662 0.23100000000000004 0.003833333333333333 0.004333333333333333 0.03633333333333332 0.006333333333333333 0.07449999999999997 0.07800000000000003 0.501 0.5276666666666664 0.445 0.3841666666666667 0.24700000000000005 0.25200000000000006 0.0915 0.004166666666666667 0.42800000000000005 0.42800000000000005 0.8023333333333335 0.28 0.7213333333333333 0.6658333333333334 0.07950000000000002 0.004666666666666667 0.0055 0.006666666666666667 0.06683333333333331 0.039833333333333346 0.004666666666666667 0.003833333333333333 0.42966666666666664 0.5781666666666666 0.004166666666666667 0.004166666666666667 0.24183333333333323 0.19933333333333325 0.5126666666666665 0.3856666666666667 0.004 0.004166666666666667 0.003333333333333333 0.0006666666666666666 0.005666666666666666 0.004333333333333333 0.6388333333333333 0.758 0.6613333333333334 0.9445000000000001 0.6223333333333333 0.6741666666666667 0.8956666666666665 0.9314999999999997 0.8078333333333333 0.8075000000000001 0.0045 0.02533333333333334 0.12466666666666669 0.8075000000000001 0.751333333333333 0.009166666666666667 0.9123333333333333 0.9496666666666665 0.8103333333333333 0.8121666666666667 0.0003333333333333333 0.0023333333333333335 0.00016666666666666666 0.05966666666666667 0.002833333333333333 0.001 0.05950000000000001 0.09550000000000003 0.0005 0.007833333333333333 0.24583333333333332 0.04283333333333334 
0.012333333333333337 0.0085 0.4201666666666666 0.9156666666666666 0.9258333333333334 0.8846666666666668 0.9445 0.9615 1.0 0.7771666666666666 0.5430000000000001 0.6214999999999998 0.5821666666666665 0.5978333333333333 0.2379999999999999 0.21566666666666678 0.010833333333333332 0.011333333333333332 0.03966666666666667 0.009666666666666665 0.07699999999999997 0.08000000000000003 0.4686666666666666 0.4953333333333334 0.41283333333333333 0.3518333333333333 0.21566666666666667 0.21966666666666673 0.09783333333333336 0.009333333333333334 0.3956666666666668 0.39583333333333326 0.7698333333333331 0.2846666666666667 0.6891666666666668 0.6336666666666667 0.08383333333333334 0.009666666666666667 0.010166666666666668 0.0115 0.06966666666666664 0.0435 0.007666666666666666 0.007166666666666666 0.42533333333333334 0.5755000000000001 0.007333333333333333 0.007666666666666666 0.24516666666666656 0.20316666666666663 0.502 0.38900000000000007 0.006166666666666666 0.007666666666666666 0.008333333333333333 0.005833333333333333 0.009000000000000001 0.006999999999999999 0.6465 0.77 0.6759999999999999 0.949166666666667 0.6371666666666665 0.6921666666666664 0.8628333333333333 0.8996666666666668 0.7756666666666665 0.7756666666666665 0.006999999999999999 0.0285 0.12683333333333335 0.7749999999999999 0.7474999999999998 0.013500000000000003 0.9174999999999999 0.9725000000000003 0.7791666666666665 0.7803333333333332 0.005666666666666666 0.0075 0.0055 0.06650000000000002 0.008166666666666668 0.006333333333333333 0.0365 0.07283333333333333 0.005666666666666666 0.01466666666666667 0.22716666666666668 0.04483333333333332 
0.00916666666666667 0.015166666666666672 0.2963333333333333 0.7471666666666669 0.7630000000000001 0.763 0.7595000000000002 0.7666666666666663 0.7771666666666666 1.0 0.4703333333333333 0.5284999999999999 0.4938333333333332 0.5099999999999999 0.3581666666666667 0.28450000000000003 0.09033333333333333 0.08383333333333334 0.028166666666666663 0.009500000000000001 0.2343333333333333 0.23333333333333328 0.332 0.3568333333333334 0.30333333333333323 0.2741666666666666 0.18466666666666665 0.16566666666666666 0.29783333333333334 0.2166666666666667 0.30300000000000005 0.3035 0.6398333333333333 0.49249999999999994 0.563 0.5116666666666666 0.1778333333333334 0.21733333333333335 0.21750000000000003 0.21833333333333335 0.22366666666666668 0.24166666666666667 0.016666666666666673 0.02216666666666667 0.38333333333333336 0.5188333333333334 0.016000000000000004 0.01633333333333334 0.22066666666666662 0.18100000000000002 0.4458333333333334 0.3636666666666666 0.03433333333333332 0.017666666666666674 0.21533333333333343 0.19999999999999993 0.006666666666666666 0.0706666666666667 0.5801666666666666 0.6703333333333333 0.5770000000000001 0.7574999999999998 0.5491666666666667 0.6075 0.708 0.7354999999999999 0.6398333333333331 0.6414999999999997 0.03233333333333333 0.0175 0.24433333333333335 0.6421666666666666 0.7118333333333333 0.22149999999999997 0.7445 0.7839999999999998 0.6436666666666665 0.6401666666666666 0.21033333333333337 0.20533333333333334 0.20600000000000002 0.0736666666666667 0.2151666666666667 0.2126666666666667 0.009666666666666667 0.04966666666666666 0.19950000000000004 0.11383333333333333 0.24683333333333335 0.12399999999999999 
0.4585 0.45383333333333326 0.06649999999999999 0.5208333333333334 0.5218333333333335 0.5075000000000002 0.5296666666666667 0.5375000000000001 0.5430000000000001 0.4703333333333333 1.0 0.9055 0.9231666666666668 0.8868333333333333 0.12833333333333335 0.14183333333333328 0.41350000000000015 0.40466666666666673 0.4864999999999998 0.4551666666666666 0.00016666666666666666 0.00016666666666666666 0.11333333333333334 0.12616666666666668 0.052333333333333336 0.03883333333333333 0.01916666666666667 0.04383333333333333 0.01733333333333334 0.0016666666666666668 0.04299999999999999 0.04366666666666665 0.40399999999999997 0.27166666666666667 0.32966666666666666 0.268 0.12116666666666673 0.0016666666666666668 0.002 0.0023333333333333335 0.0003333333333333333 0.0008333333333333334 0.4528333333333333 0.45116666666666666 0.8461666666666671 0.8556666666666666 0.4528333333333333 0.45299999999999996 0.6916666666666669 0.6494999999999999 0.8891666666666665 0.8345000000000001 0.445 0.452 0.002833333333333334 0.03633333333333332 0.45433333333333326 0.4278333333333335 0.8136666666666664 0.7465 0.8513333333333329 0.5661666666666666 0.8845000000000002 0.8246666666666669 0.46799999999999997 0.4931666666666667 0.40683333333333344 0.4075000000000001 0.4340000000000001 0.4753333333333332 0.006166666666666667 0.4078333333333333 0.38433333333333336 0.001 0.547666666666667 0.5393333333333333 0.4075000000000001 0.4083333333333334 0.005333333333333333 0.025166666666666667 0.014166666666666668 0.5045 0.0018333333333333335 0.0021666666666666666 0.44133333333333347 0.4568333333333333 0.047499999999999994 0.3499999999999999 0.20050000000000007 0.1863333333333334 
0.38066666666666665 0.3766666666666666 0.08066666666666666 0.5753333333333335 0.5733333333333333 0.5505000000000001 0.5890000000000001 0.6039999999999999 0.6214999999999998 0.5284999999999999 0.9055 1.0 0.9178333333333332 0.9188333333333334 0.16749999999999995 0.17116666666666672 0.353 0.349 0.40866666666666673 0.3776666666666666 0.0008333333333333334 0.001 0.134 0.15316666666666665 0.0745 0.04249999999999998 0.016000000000000004 0.0405 0.03916666666666667 0.0013333333333333333 0.06216666666666664 0.0625 0.4315000000000001 0.27216666666666667 0.3559999999999999 0.29483333333333334 0.07533333333333332 0.0008333333333333334 0.0013333333333333333 0.0015 0.0003333333333333333 0.0008333333333333333 0.3759999999999999 0.3739999999999999 0.7829999999999999 0.8621666666666669 0.37533333333333324 0.3754999999999999 0.6146666666666666 0.5723333333333332 0.8525000000000001 0.7578333333333334 0.3705 0.37566666666666654 0.0016666666666666668 0.03249999999999999 0.37699999999999995 0.36499999999999994 0.8604999999999999 0.8066666666666664 0.9185000000000002 0.6453333333333333 0.9296666666666666 0.8988333333333334 0.5105 0.5463333333333332 0.4346666666666669 0.43516666666666687 0.3664999999999998 0.3974999999999999 0.006833333333333334 0.4353333333333335 0.41483333333333355 0.0005 0.5960000000000001 0.6188333333333332 0.4358333333333334 0.43683333333333346 0.0036666666666666666 0.009500000000000003 0.010833333333333335 0.4351666666666666 0.0013333333333333335 0.0018333333333333333 0.37149999999999983 0.4065 0.044500000000000005 0.32400000000000007 0.2315 0.18233333333333338 
0.39899999999999997 0.3953333333333333 0.10550000000000001 0.5589999999999999 0.5758333333333333 0.5536666666666669 0.5899999999999999 0.5929999999999999 0.5821666666666665 0.4938333333333332 0.9231666666666668 0.9178333333333332 1.0 0.9461666666666666 0.148 0.19 0.38566666666666655 0.37916666666666665 0.42683333333333306 0.39633333333333326 0.0005 0.0005 0.15616666666666665 0.16899999999999996 0.09283333333333334 0.07649999999999997 0.0545 0.0788333333333333 0.021000000000000008 0.0011666666666666668 0.08333333333333334 0.08350000000000002 0.44666666666666666 0.2718333333333333 0.37233333333333335 0.3108333333333334 0.1015 0.0008333333333333334 0.0013333333333333333 0.0016666666666666668 0.0005 0.001 0.3943333333333333 0.39349999999999996 0.8073333333333332 0.8454999999999997 0.3939999999999999 0.3938333333333333 0.6328333333333334 0.5909999999999999 0.8746666666666667 0.7759999999999999 0.39216666666666666 0.3939999999999999 0.0016666666666666668 0.032666666666666656 0.3956666666666666 0.3878333333333333 0.8074999999999999 0.7441666666666668 0.8513333333333335 0.6174999999999998 0.8783333333333332 0.8300000000000002 0.5201666666666668 0.5533333333333333 0.44999999999999996 0.4508333333333333 0.38366666666666677 0.41566666666666646 0.006333333333333333 0.4504999999999999 0.39716666666666667 0.0005 0.5363333333333333 0.5693333333333332 0.45033333333333325 0.4516666666666665 0.004166666666666667 0.020666666666666673 0.011333333333333332 0.44500000000000006 0.0013333333333333335 0.0015 0.4463333333333335 0.46699999999999997 0.04549999999999999 0.3383333333333334 0.25416666666666676 0.18783333333333332 
0.36816666666666653 0.36466666666666664 0.12816666666666665 0.5758333333333333 0.6011666666666668 0.572 0.6158333333333333 0.6145 0.5978333333333333 0.5099999999999999 0.8868333333333333 0.9188333333333334 0.9461666666666666 1.0 0.15683333333333335 0.20433333333333345 0.3608333333333333 0.35850000000000004 0.3960000000000001 0.3658333333333333 0.0003333333333333333 0.0003333333333333333 0.1826666666666667 0.19649999999999998 0.11816666666666664 0.09449999999999999 0.06900000000000003 0.09383333333333335 0.028999999999999998 0.0013333333333333333 0.10666666666666663 0.10649999999999997 0.4723333333333333 0.272 0.3996666666666666 0.3383333333333334 0.08633333333333335 0.0006666666666666666 0.0013333333333333333 0.0011666666666666668 0.0003333333333333333 0.0008333333333333333 0.3638333333333332 0.36283333333333323 0.7938333333333333 0.848 0.3633333333333333 0.3631666666666666 0.6035 0.5611666666666669 0.8765 0.7444999999999999 0.3626666666666666 0.3631666666666666 0.0015000000000000002 0.03249999999999999 0.3648333333333333 0.36199999999999993 0.8098333333333333 0.7496666666666667 0.8603333333333333 0.6343333333333333 0.8686666666666666 0.8424999999999998 0.5511666666666667 0.5856666666666666 0.475 0.47616666666666674 0.35966666666666663 0.38500000000000006 0.006333333333333334 0.4745000000000001 0.4098333333333335 0.0003333333333333333 0.5416666666666667 0.5826666666666668 0.475 0.47600000000000003 0.003833333333333333 0.01616666666666667 0.011 0.4151666666666667 0.0011666666666666668 0.0016666666666666666 0.43283333333333346 0.4640000000000001 0.044833333333333336 0.33133333333333326 0.2741666666666667 0.18116666666666667 
0.18933333333333338 0.3423333333333333 0.10683333333333335 0.19466666666666663 0.2094999999999999 0.21616666666666667 0.20999999999999996 0.22066666666666662 0.2379999999999999 0.3581666666666667 0.12833333333333335 0.16749999999999995 0.148 0.15683333333333335 1.0 0.8368333333333332 0.3970000000000001 0.36950000000000005 0.07249999999999998 0.21083333333333332 0.6955 0.6966666666666665 0.08466666666666665 0.08333333333333331 0.11583333333333332 0.17766666666666667 0.5760000000000002 0.5044999999999998 0.6281666666666665 0.7128333333333334 0.13333333333333333 0.13433333333333336 0.07366666666666669 0.4408333333333334 0.09016666666666667 0.0875 0.5225 0.7095000000000001 0.7098333333333333 0.7103333333333335 0.6920000000000001 0.7113333333333333 0.3446666666666667 0.3468333333333334 0.04533333333333333 0.11499999999999998 0.344 0.345 0.044833333333333336 0.05033333333333332 0.09683333333333334 0.026000000000000006 0.3478333333333333 0.34550000000000003 0.7116666666666667 0.6893333333333334 0.27833333333333343 0.3781666666666667 0.15050000000000002 0.17600000000000002 0.17566666666666675 0.22583333333333336 0.15033333333333335 0.17250000000000004 0.14933333333333332 0.18316666666666662 0.07300000000000002 0.07483333333333335 0.35350000000000004 0.07616666666666667 0.6631666666666667 0.0726666666666667 0.11066666666666665 0.7116666666666669 0.19066666666666662 0.23383333333333325 0.07033333333333336 0.06800000000000002 0.710166666666667 0.6921666666666666 0.7058333333333335 0.41433333333333344 0.7133333333333336 0.7118333333333335 0.31533333333333335 0.23283333333333328 0.6905000000000002 0.44749999999999995 0.7563333333333335 0.5731666666666667 
0.17633333333333334 0.32233333333333336 0.1263333333333333 0.21683333333333338 0.23149999999999998 0.25183333333333335 0.22849999999999995 0.23100000000000004 0.21566666666666678 0.28450000000000003 0.14183333333333328 0.17116666666666672 0.19 0.20433333333333345 0.8368333333333332 1.0 0.3301666666666667 0.3068333333333334 0.058833333333333314 0.195 0.643 0.6415000000000001 0.10966666666666663 0.10816666666666665 0.15133333333333332 0.21616666666666667 0.605 0.5531666666666668 0.6385000000000001 0.7183333333333332 0.17116666666666666 0.172 0.10199999999999995 0.44066666666666676 0.11683333333333332 0.11399999999999996 0.46233333333333326 0.7148333333333332 0.7129999999999999 0.7113333333333333 0.6506666666666666 0.6828333333333333 0.32400000000000007 0.3295 0.05900000000000001 0.12866666666666662 0.3238333333333334 0.3241666666666667 0.025500000000000002 0.029333333333333326 0.122 0.018166666666666675 0.3231666666666667 0.32583333333333336 0.7163333333333332 0.6876666666666666 0.26316666666666666 0.3281666666666667 0.13466666666666668 0.17149999999999996 0.17149999999999996 0.22499999999999998 0.1536666666666667 0.17299999999999996 0.16550000000000004 0.19316666666666663 0.10199999999999998 0.10366666666666663 0.326 0.061666666666666634 0.596 0.1023333333333333 0.05533333333333335 0.7108333333333333 0.1675 0.20550000000000002 0.10016666666666664 0.0983333333333333 0.7159999999999997 0.680833333333333 0.7094999999999999 0.39499999999999985 0.7178333333333332 0.7176666666666666 0.3410000000000001 0.2845000000000001 0.6786666666666666 0.401 0.8421666666666665 0.5853333333333335 
0.6106666666666667 0.8321666666666668 0.025166666666666667 0.0 0.0005 0.0008333333333333333 0.0016666666666666668 0.003833333333333333 0.010833333333333332 0.09033333333333333 0.41350000000000015 0.353 0.38566666666666655 0.3608333333333333 0.3970000000000001 0.3301666666666667 1.0 0.9033333333333333 0.48533333333333323 0.6493333333333335 0.541 0.5416666666666666 0.011666666666666667 0.0016666666666666666 0.010333333333333335 0.016166666666666673 0.3268333333333333 0.2516666666666666 0.5368333333333335 0.5443333333333333 0.0125 0.012999999999999998 0.0 0.2750000000000001 0.0 0.0008333333333333334 0.6195 0.5451666666666667 0.5453333333333333 0.5463333333333333 0.5421666666666666 0.5414999999999999 0.8303333333333335 0.8744999999999998 0.41233333333333344 0.33833333333333326 0.8334999999999999 0.8365000000000002 0.4574999999999999 0.46783333333333316 0.3975000000000001 0.44283333333333325 0.9118333333333334 0.8559999999999998 0.5471666666666668 0.5821666666666667 0.7256666666666667 0.9538333333333336 0.2791666666666666 0.18833333333333335 0.2893333333333332 0.030333333333333337 0.3266666666666665 0.2801666666666667 0.00016666666666666666 0.0015 0.0 0.0 0.9094999999999998 0.48949999999999994 0.5338333333333334 0.0003333333333333333 0.16033333333333333 0.5431666666666667 0.00016666666666666666 0.009000000000000001 0.0 0.0 0.5489999999999999 0.5838333333333333 0.5581666666666665 0.8236666666666669 0.5449999999999999 0.5451666666666667 0.7231666666666665 0.5791666666666668 0.5918333333333333 0.8963333333333335 0.39916666666666667 0.5998333333333334 
0.6433333333333334 0.7505000000000002 0.09866666666666667 0.0005 0.0008333333333333334 0.0011666666666666668 0.002 0.004333333333333333 0.011333333333333332 0.08383333333333334 0.40466666666666673 0.349 0.37916666666666665 0.35850000000000004 0.36950000000000005 0.3068333333333334 0.9033333333333333 1.0 0.5496666666666665 0.6796666666666666 0.47366666666666674 0.4743333333333333 0.06616666666666665 0.05249999999999999 0.072 0.07950000000000004 0.27283333333333337 0.251 0.4706666666666667 0.4773333333333335 0.07883333333333337 0.0786666666666667 0.0003333333333333333 0.24450000000000002 0.03516666666666666 0.049666666666666665 0.5589999999999999 0.47783333333333333 0.4783333333333333 0.4793333333333334 0.47483333333333344 0.47450000000000003 0.7473333333333335 0.7898333333333334 0.40900000000000003 0.33149999999999996 0.7525000000000002 0.7511666666666668 0.4930000000000001 0.5079999999999999 0.3908333333333333 0.4351666666666668 0.8298333333333333 0.773 0.48016666666666663 0.5148333333333334 0.7606666666666666 0.8955000000000003 0.2750000000000001 0.1848333333333333 0.2863333333333333 0.031000000000000007 0.3193333333333332 0.2790000000000001 0.0008333333333333333 0.002 0.0006666666666666666 0.0005 0.8338333333333332 0.5553333333333332 0.4691666666666666 0.0008333333333333334 0.16450000000000004 0.4758333333333333 0.0005 0.009166666666666667 0.0003333333333333333 0.0003333333333333333 0.4816666666666667 0.5175 0.4905000000000001 0.7386666666666667 0.4780000000000001 0.47783333333333333 0.7243333333333334 0.5515000000000001 0.5245 0.8243333333333335 0.318 0.592 
0.8663333333333333 0.6485 0.3243333333333333 0.03266666666666666 0.03266666666666666 0.03133333333333334 0.03383333333333333 0.03633333333333332 0.03966666666666667 0.028166666666666663 0.4864999999999998 0.40866666666666673 0.42683333333333306 0.3960000000000001 0.07249999999999998 0.058833333333333314 0.48533333333333323 0.5496666666666665 1.0 0.8315 0.027333333333333334 0.0275 0.2793333333333333 0.25483333333333325 0.27216666666666667 0.27283333333333337 0.047666666666666656 0.08299999999999999 0.031 0.030166666666666675 0.2788333333333334 0.275 0.04333333333333333 0.0285 0.09566666666666666 0.1365 0.2315 0.031 0.031166666666666672 0.03200000000000001 0.02816666666666667 0.0275 0.6474999999999999 0.5988333333333334 0.5408333333333333 0.43916666666666687 0.6454999999999999 0.6443333333333331 0.7711666666666666 0.8138333333333333 0.482 0.6465 0.569 0.6214999999999998 0.03283333333333334 0.06766666666666668 0.7559999999999998 0.5205000000000001 0.386 0.26049999999999995 0.35383333333333333 0.06533333333333331 0.39649999999999996 0.32833333333333337 0.035333333333333335 0.03333333333333333 0.04316666666666667 0.043500000000000004 0.5586666666666666 0.9683333333333337 0.028666666666666667 0.0425 0.03166666666666666 0.029333333333333336 0.06983333333333334 0.0365 0.041499999999999995 0.042 0.035 0.07283333333333335 0.04416666666666666 0.5624999999999999 0.030833333333333334 0.031000000000000007 0.5606666666666665 0.5433333333333333 0.07766666666666668 0.38249999999999995 0.07800000000000001 0.21933333333333338 
0.9446666666666667 0.8115000000000002 0.18949999999999995 0.0018333333333333335 0.0026666666666666666 0.0023333333333333335 0.0036666666666666666 0.006333333333333333 0.009666666666666665 0.009500000000000001 0.4551666666666666 0.3776666666666666 0.39633333333333326 0.3658333333333333 0.21083333333333332 0.195 0.6493333333333335 0.6796666666666666 0.8315 1.0 0.19099999999999998 0.19133333333333333 0.15166666666666667 0.13266666666666663 0.1495 0.15216666666666664 0.15583333333333338 0.1173333333333333 0.19116666666666662 0.1941666666666666 0.15600000000000003 0.15316666666666667 0.0031666666666666666 0.07100000000000002 0.03233333333333333 0.06966666666666667 0.3524999999999999 0.19466666666666665 0.19516666666666668 0.1961666666666666 0.19166666666666665 0.19149999999999998 0.8088333333333333 0.7628333333333334 0.5016666666666666 0.4068333333333335 0.8070000000000002 0.8076666666666666 0.7051666666666668 0.7360000000000001 0.44849999999999995 0.6116666666666666 0.7328333333333332 0.7866666666666666 0.19699999999999998 0.2316666666666667 0.9048333333333334 0.6831666666666666 0.35550000000000004 0.2291666666666666 0.32266666666666666 0.034666666666666665 0.36500000000000016 0.29750000000000004 0.002833333333333333 0.003 0.0030000000000000005 0.0026666666666666666 0.7221666666666668 0.8354999999999998 0.1861666666666666 0.0026666666666666666 0.015666666666666666 0.19266666666666662 0.03833333333333333 0.006000000000000001 0.0026666666666666666 0.0025 0.19849999999999995 0.23699999999999993 0.20766666666666658 0.7186666666666666 0.1948333333333333 0.19466666666666663 0.6463333333333334 0.5101666666666668 0.24133333333333332 0.5463333333333332 0.22066666666666662 0.32050000000000006 
0.152 0.37583333333333324 0.09916666666666668 0.1001666666666667 0.08933333333333338 0.12633333333333335 0.07849999999999997 0.07449999999999997 0.07699999999999997 0.2343333333333333 0.00016666666666666666 0.0008333333333333334 0.0005 0.0003333333333333333 0.6955 0.643 0.541 0.47366666666666674 0.027333333333333334 0.19099999999999998 1.0 0.9826666666666671 0.09500000000000006 0.09583333333333335 0.13166666666666663 0.1971666666666667 0.6366666666666666 0.5738333333333334 0.8223333333333335 0.9126666666666666 0.14783333333333334 0.14933333333333335 0.1015 0.6466666666666667 0.10766666666666667 0.10233333333333335 0.7463333333333334 0.9138333333333332 0.9153333333333333 0.9158333333333333 0.9760000000000004 0.9470000000000003 0.37549999999999994 0.42583333333333323 0.0003333333333333333 0.0003333333333333333 0.37949999999999995 0.38033333333333347 0.0016666666666666668 0.009833333333333335 0.0006666666666666666 0.0006666666666666666 0.4566666666666665 0.4028333333333333 0.9113333333333332 0.8845000000000001 0.26783333333333337 0.5053333333333332 0.004333333333333333 0.008500000000000002 0.0036666666666666666 0.05549999999999998 0.0006666666666666666 0.010333333333333332 0.0845 0.07733333333333331 0.09933333333333336 0.09966666666666668 0.4668333333333333 0.03216666666666667 0.939 0.1035 0.2758333333333334 0.9174999999999999 0.08383333333333333 0.0858333333333333 0.09750000000000002 0.09516666666666668 0.9058333333333333 0.8716666666666668 0.8998333333333335 0.4031666666666668 0.9118333333333334 0.9078333333333333 0.2728333333333333 0.20966666666666664 0.8865 0.638 0.6163333333333335 0.709166666666667 
0.15233333333333332 0.3761666666666666 0.10083333333333337 0.10266666666666671 0.09250000000000001 0.1285 0.08200000000000005 0.07800000000000003 0.08000000000000003 0.23333333333333328 0.00016666666666666666 0.001 0.0005 0.0003333333333333333 0.6966666666666665 0.6415000000000001 0.5416666666666666 0.4743333333333333 0.0275 0.19133333333333333 0.9826666666666671 1.0 0.09633333333333337 0.09750000000000006 0.13333333333333336 0.19899999999999998 0.6378333333333331 0.5728333333333333 0.8223333333333332 0.9109999999999998 0.1495 0.15133333333333332 0.1031666666666667 0.6456666666666667 0.10900000000000004 0.10400000000000004 0.7471666666666666 0.9121666666666663 0.9136666666666666 0.9143333333333331 0.9776666666666669 0.9470000000000002 0.37566666666666654 0.4261666666666665 0.0003333333333333333 0.0005 0.37983333333333336 0.3806666666666667 0.002 0.010166666666666666 0.0006666666666666666 0.0006666666666666666 0.4569999999999999 0.4031666666666666 0.9101666666666667 0.8833333333333332 0.2681666666666667 0.5059999999999999 0.004999999999999999 0.009333333333333338 0.004333333333333333 0.058166666666666665 0.0013333333333333333 0.011333333333333336 0.08733333333333337 0.08083333333333335 0.10066666666666672 0.10133333333333339 0.4671666666666666 0.03233333333333334 0.9423333333333332 0.10550000000000001 0.2775 0.9159999999999995 0.08583333333333337 0.0891666666666667 0.09933333333333338 0.09650000000000004 0.9038333333333328 0.8698333333333333 0.8978333333333329 0.4035000000000001 0.9094999999999998 0.906333333333333 0.2731666666666666 0.20983333333333334 0.8856666666666664 0.639 0.6133333333333334 0.7088333333333334 
0.17550000000000002 0.012833333333333337 0.9373333333333329 0.54 0.5256666666666665 0.5181666666666667 0.5205000000000001 0.501 0.4686666666666666 0.332 0.11333333333333334 0.134 0.15616666666666665 0.1826666666666667 0.08466666666666665 0.10966666666666663 0.011666666666666667 0.06616666666666665 0.2793333333333333 0.15166666666666667 0.09500000000000006 0.09633333333333337 1.0 0.9630000000000003 0.9154999999999999 0.8543333333333335 0.44216666666666676 0.4749999999999998 0.08783333333333332 0.010500000000000002 0.8991666666666664 0.8971666666666668 0.6848333333333332 0.029166666666666664 0.7534999999999998 0.7855000000000001 0.11449999999999999 0.011666666666666665 0.01333333333333333 0.014833333333333334 0.08333333333333336 0.048166666666666656 0.012666666666666668 0.010666666666666668 0.1958333333333334 0.19283333333333336 0.012500000000000002 0.012500000000000002 0.18750000000000003 0.19716666666666666 0.1921666666666667 0.08100000000000002 0.01216666666666667 0.011666666666666669 0.0105 0.0018333333333333335 0.09700000000000002 0.015333333333333336 0.1851666666666667 0.28633333333333333 0.1806666666666667 0.455 0.16399999999999998 0.19349999999999998 0.6046666666666669 0.5655000000000002 0.6866666666666664 0.6846666666666665 0.012166666666666668 0.2886666666666667 0.14216666666666666 0.6749999999999998 0.5031666666666667 0.01583333333333333 0.4923333333333331 0.469 0.6809999999999998 0.6834999999999997 0.005333333333333333 0.01466666666666667 0.0023333333333333335 0.012 0.009166666666666667 0.006500000000000001 0.24066666666666667 0.3248333333333334 0.001 0.007166666666666666 0.10066666666666664 0.05733333333333333 
0.15566666666666662 0.0026666666666666666 0.9179999999999999 0.5663333333333334 0.5518333333333334 0.5423333333333332 0.5476666666666666 0.5276666666666664 0.4953333333333334 0.3568333333333334 0.12616666666666668 0.15316666666666665 0.16899999999999996 0.19649999999999998 0.08333333333333331 0.10816666666666665 0.0016666666666666666 0.05249999999999999 0.25483333333333325 0.13266666666666663 0.09583333333333335 0.09750000000000006 0.9630000000000003 1.0 0.9066666666666668 0.8436666666666668 0.4420000000000001 0.4774999999999998 0.09266666666666667 0.010500000000000002 0.8891666666666665 0.8879999999999998 0.7101666666666666 0.04299999999999999 0.7766666666666666 0.8068333333333334 0.1035 0.011333333333333332 0.013000000000000001 0.014666666666666668 0.08416666666666668 0.048499999999999995 0.0025 0.0016666666666666666 0.20799999999999996 0.2113333333333333 0.002 0.0023333333333333335 0.18683333333333343 0.1961666666666666 0.2051666666666667 0.09083333333333338 0.0018333333333333333 0.0016666666666666666 0.010333333333333335 0.002 0.08216666666666671 0.004 0.20816666666666667 0.30949999999999994 0.20299999999999996 0.4799999999999999 0.1851666666666667 0.21600000000000005 0.6316666666666668 0.5920000000000001 0.7119999999999999 0.7113333333333333 0.0015 0.2638333333333333 0.14416666666666664 0.7009999999999998 0.5288333333333334 0.016333333333333335 0.5186666666666665 0.4955 0.7066666666666664 0.7091666666666666 0.0055000000000000005 0.009166666666666668 0.0025 0.0025 0.009000000000000001 0.006500000000000001 0.22849999999999998 0.31583333333333335 0.0015000000000000002 0.001 0.10133333333333334 0.05466666666666666 
