1.0 0.6141666666666666 0.14649999999999996 0.4331666666666667 0.22649999999999987 0.34916666666666674 0.13666666666666663 0.32016666666666665 0.13416666666666666 0.08383333333333334 0.49800000000000005 0.6953333333333335 0.3670000000000001 0.14300000000000002 0.07166666666666667 0.09066666666666666 0.368 0.35650000000000004 0.551 0.5321666666666668 0.2865000000000001 0.3471666666666667 0.1783333333333334 0.3101666666666666 0.02650000000000001 0.0245 0.3478333333333333 0.3468333333333334 0.36450000000000016 0.37616666666666665 0.19233333333333338 0.13783333333333334 0.7476666666666669 0.44416666666666665 0.053833333333333316 0.3340000000000001 0.17083333333333336 0.046666666666666655 0.3461666666666667 0.3458333333333334 0.4395000000000001 0.49633333333333335 0.5816666666666667 0.5835 0.5411666666666666 0.5886666666666668 0.6241666666666665 0.6236666666666666 0.8591666666666665 0.8593333333333331 0.8494999999999999 0.865 0.5863333333333332 0.5905 0.36000000000000015 0.35200000000000004 0.7511666666666669 0.6093333333333334 0.8186666666666668 0.8331666666666665 0.7039999999999997 0.5395 0.5273333333333334 0.8298333333333335 0.042666666666666665 0.1665 0.5208333333333335 0.5091666666666667 0.5503333333333333 0.5646666666666667 0.041833333333333333 0.2578333333333333 0.03133333333333334 0.03716666666666666 0.02866666666666667 0.04966666666666666 0.1716666666666667 0.3716666666666668 0.3695000000000001 0.34916666666666674 0.3926666666666668 0.4060000000000001 0.37933333333333347 0.3853333333333336 0.03933333333333334 0.04649999999999999 0.3471666666666667 0.34700000000000003 0.3478333333333334 0.32800000000000007 
0.6141666666666666 1.0 0.01216666666666667 0.2486666666666666 0.5731666666666666 0.7083333333333333 0.0018333333333333333 0.15050000000000002 0.0058333333333333345 0.02966666666666666 0.5116666666666667 0.4285000000000002 0.6115000000000002 0.10933333333333334 0.32150000000000006 0.16883333333333328 0.6605 0.7073333333333335 0.2669999999999999 0.2771666666666666 0.489 0.7076666666666666 0.03900000000000001 0.1668333333333333 0.006833333333333334 0.007666666666666668 0.7103333333333335 0.7108333333333333 0.6539999999999999 0.6846666666666669 0.01583333333333333 0.014166666666666666 0.4546666666666666 0.1801666666666667 0.06449999999999999 0.18616666666666665 0.1735 0.2571666666666666 0.7161666666666668 0.7151666666666668 0.25283333333333335 0.6183333333333334 0.2789999999999999 0.2781666666666666 0.26866666666666655 0.2834999999999999 0.3239999999999999 0.32733333333333325 0.6393333333333333 0.6381666666666667 0.6223333333333333 0.6446666666666667 0.2946666666666665 0.27949999999999997 0.6960000000000001 0.7080000000000001 0.7701666666666668 0.9833333333333336 0.5323333333333332 0.6301666666666668 0.4021666666666668 0.5195000000000001 0.48733333333333334 0.57 0.016666666666666666 0.1198333333333333 0.26666666666666655 0.26416666666666655 0.26966666666666655 0.2689999999999999 0.24249999999999997 0.005333333333333333 0.011166666666666665 0.2144999999999999 0.06133333333333333 0.046833333333333345 0.021166666666666667 0.18016666666666661 0.6726666666666667 0.7193333333333333 0.671666666666667 0.6995 0.6779999999999999 0.687333333333333 0.10549999999999997 0.030833333333333334 0.7110000000000001 0.7098333333333333 0.7158333333333333 0.5393333333333333 
0.14649999999999996 0.01216666666666667 1.0 0.6861666666666665 0.15599999999999997 0.10766666666666667 0.912 0.7925000000000001 0.7305000000000003 0.6525 0.24333333333333326 0.3328333333333333 0.2143333333333333 0.7053333333333331 0.48050000000000004 0.5069999999999999 0.20783333333333331 0.09883333333333334 0.3556666666666667 0.47816666666666663 0.2503333333333333 0.14250000000000004 0.9033333333333334 0.7478333333333335 0.688 0.6316666666666666 0.09933333333333332 0.10166666666666668 0.066 0.04466666666666666 0.6655000000000001 0.6951666666666664 0.17550000000000002 0.5555 0.47066666666666657 0.6271666666666669 0.16450000000000004 0.29983333333333334 0.07066666666666664 0.06899999999999999 0.20950000000000008 0.2154999999999999 0.24050000000000007 0.24383333333333337 0.28683333333333333 0.22766666666666677 0.2003333333333334 0.20599999999999993 0.10949999999999997 0.11066666666666665 0.11033333333333331 0.11066666666666665 0.2546666666666666 0.23966666666666664 0.07799999999999999 0.06316666666666665 0.05700000000000001 0.0105 0.12033333333333333 0.11149999999999999 0.2736666666666666 0.24450000000000005 0.23933333333333334 0.249 0.709 0.6796666666666665 0.4678333333333334 0.5575 0.3025 0.3803333333333334 0.39983333333333343 0.5593333333333335 0.6235 0.4458333333333334 0.49999999999999994 0.6081666666666669 0.5356666666666667 0.4935 0.03966666666666666 0.039 0.04683333333333334 0.043500000000000004 0.06549999999999997 0.05399999999999998 0.6243333333333332 0.6903333333333334 0.08233333333333334 0.08283333333333333 0.051500000000000004 0.22149999999999997 
0.4331666666666667 0.2486666666666666 0.6861666666666665 1.0 0.0715 0.010166666666666668 0.6840000000000002 0.8736666666666669 0.5616666666666665 0.49516666666666653 0.07300000000000001 0.4918333333333333 0.017 0.6321666666666667 0.3281666666666666 0.38800000000000007 0.02333333333333333 0.011333333333333336 0.6631666666666667 0.7736666666666667 0.15099999999999997 0.012500000000000002 0.7203333333333333 0.8434999999999999 0.4649999999999999 0.46166666666666667 0.01 0.01 0.005166666666666666 0.005833333333333334 0.5526666666666669 0.5626666666666664 0.357 0.7033333333333336 0.44783333333333336 0.7621666666666667 0.15133333333333343 0.2799999999999999 0.007833333333333333 0.008 0.21733333333333338 0.327 0.5450000000000002 0.5495000000000001 0.5916666666666667 0.5365 0.5093333333333333 0.5068333333333334 0.3963333333333333 0.3974999999999999 0.39716666666666667 0.3978333333333333 0.5598333333333333 0.5473333333333336 0.008666666666666666 0.005833333333333334 0.29816666666666664 0.24466666666666662 0.40833333333333327 0.3981666666666666 0.4266666666666665 0.4363333333333334 0.08150000000000002 0.5208333333333335 0.5770000000000001 0.6996666666666667 0.7785000000000002 0.8623333333333335 0.6110000000000002 0.6816666666666665 0.3135 0.4201666666666666 0.43933333333333335 0.4008333333333334 0.4203333333333334 0.5218333333333335 0.4756666666666668 0.6803333333333335 0.003 0.0016666666666666668 0.0034999999999999996 0.047500000000000014 0.0085 0.008166666666666666 0.5226666666666665 0.5763333333333333 0.010166666666666668 0.01 0.005 0.13766666666666663 
0.22649999999999987 0.5731666666666666 0.15599999999999997 0.0715 1.0 0.8533333333333336 0.15283333333333338 0.08649999999999998 0.12249999999999997 0.3363333333333333 0.3859999999999998 0.15549999999999997 0.5045 0.21266666666666667 0.4545 0.419 0.5325000000000001 0.6285000000000001 0.09450000000000001 0.07783333333333334 0.6953333333333334 0.7998333333333332 0.1573333333333333 0.17550000000000002 0.21999999999999997 0.29966666666666675 0.8513333333333335 0.8506666666666667 0.5796666666666667 0.6241666666666668 0.103 0.1033333333333333 0.14049999999999996 0.061 0.2743333333333333 0.10183333333333333 0.3373333333333333 0.4068333333333334 0.7895 0.7881666666666667 0.23366666666666677 0.3324999999999999 0.14166666666666664 0.14149999999999996 0.12266666666666667 0.14716666666666667 0.18933333333333333 0.18749999999999997 0.24650000000000005 0.24400000000000005 0.23699999999999996 0.25083333333333335 0.15383333333333332 0.14400000000000002 0.795 0.7453333333333333 0.37650000000000006 0.5768333333333332 0.16583333333333333 0.23699999999999993 0.14366666666666664 0.3128333333333333 0.35649999999999993 0.19033333333333333 0.3421666666666667 0.2425000000000001 0.08833333333333333 0.07366666666666666 0.11966666666666664 0.10016666666666668 0.401 0.10783333333333334 0.14883333333333332 0.509 0.42800000000000016 0.35883333333333334 0.1365 0.088 0.6126666666666667 0.6599999999999997 0.6086666666666668 0.6185 0.6863333333333334 0.6356666666666666 0.4063333333333333 0.354 0.8068333333333334 0.8103333333333333 0.6828333333333333 0.7105 
0.34916666666666674 0.7083333333333333 0.10766666666666667 0.010166666666666668 0.8533333333333336 1.0 0.09033333333333335 0.027500000000000004 0.03516666666666667 0.2676666666666667 0.5216666666666666 0.24316666666666664 0.6436666666666667 0.1556666666666667 0.3701666666666668 0.34800000000000003 0.6698333333333334 0.7608333333333333 0.0 0.0 0.7546666666666667 0.9406666666666668 0.10300000000000002 0.11516666666666665 0.13266666666666665 0.21150000000000002 0.9813333333333335 0.9816666666666669 0.7141666666666667 0.7571666666666665 0.016000000000000004 0.015333333333333334 0.26466666666666677 0.012833333333333334 0.1858333333333333 0.03950000000000001 0.27100000000000013 0.3340000000000001 0.9203333333333336 0.9186666666666667 0.3121666666666667 0.4603333333333333 0.012666666666666666 0.013166666666666667 0.00016666666666666666 0.01916666666666667 0.058999999999999976 0.057999999999999996 0.37483333333333335 0.3740000000000001 0.3575000000000001 0.38016666666666665 0.030000000000000006 0.015333333333333334 0.9213333333333334 0.8748333333333335 0.5093333333333332 0.7115000000000002 0.2683333333333333 0.36550000000000005 0.22449999999999995 0.35816666666666663 0.4868333333333333 0.29849999999999993 0.28216666666666673 0.18350000000000002 0.0 0.0016666666666666668 0.002833333333333333 0.0018333333333333333 0.3120000000000001 0.021166666666666667 0.061499999999999985 0.4385 0.3308333333333332 0.293 0.05 0.0003333333333333333 0.745166666666667 0.7919999999999999 0.7428333333333335 0.7276666666666667 0.8168333333333334 0.7655 0.34550000000000003 0.2911666666666667 0.9381666666666668 0.9405 0.8139999999999997 0.8001666666666665 
0.13666666666666663 0.0018333333333333333 0.912 0.6840000000000002 0.15283333333333338 0.09033333333333335 1.0 0.7908333333333333 0.7866666666666667 0.625 0.2710000000000001 0.31850000000000006 0.2481666666666666 0.6784999999999998 0.51 0.4828333333333332 0.23516666666666666 0.10833333333333335 0.3800000000000001 0.5011666666666666 0.2256666666666667 0.1231666666666667 0.882 0.7188333333333332 0.7060000000000001 0.6445000000000001 0.08166666666666664 0.08316666666666667 0.08283333333333333 0.055666666666666656 0.713166666666667 0.7411666666666666 0.17166666666666663 0.5386666666666666 0.5046666666666667 0.6133333333333333 0.20233333333333337 0.34216666666666673 0.056333333333333305 0.05549999999999998 0.22683333333333336 0.203 0.267 0.2698333333333333 0.314 0.25199999999999995 0.22466666666666665 0.23066666666666663 0.10183333333333333 0.10283333333333333 0.10183333333333333 0.10283333333333335 0.27433333333333326 0.26349999999999996 0.0643333333333333 0.07516666666666666 0.056500000000000015 0.0003333333333333333 0.11600000000000003 0.10300000000000001 0.2628333333333333 0.22416666666666665 0.2611666666666667 0.23 0.6625 0.6358333333333333 0.4898333333333332 0.5635000000000001 0.32750000000000007 0.3976666666666667 0.4523333333333334 0.6226666666666668 0.6688333333333333 0.46300000000000013 0.5098333333333334 0.5833333333333334 0.587 0.5256666666666665 0.05083333333333333 0.04633333333333334 0.060666666666666674 0.05433333333333334 0.06416666666666665 0.064 0.5806666666666666 0.6398333333333336 0.06666666666666662 0.06716666666666662 0.05683333333333333 0.19683333333333333 
0.32016666666666665 0.15050000000000002 0.7925000000000001 0.8736666666666669 0.08649999999999998 0.027500000000000004 0.7908333333333333 1.0 0.6650000000000003 0.5541666666666667 0.1666666666666666 0.3826666666666667 0.11649999999999996 0.7115000000000004 0.4004999999999999 0.41716666666666663 0.11766666666666667 0.03816666666666666 0.5518333333333334 0.6608333333333334 0.16449999999999995 0.03416666666666667 0.8168333333333334 0.7883333333333336 0.5559999999999999 0.5298333333333335 0.023500000000000007 0.024666666666666667 0.026000000000000002 0.0085 0.6301666666666668 0.6561666666666668 0.24816666666666667 0.5943333333333334 0.4495 0.6635 0.14833333333333337 0.2823333333333333 0.011000000000000003 0.010833333333333335 0.19816666666666663 0.2325 0.43249999999999994 0.4368333333333333 0.4791666666666666 0.42400000000000004 0.397 0.3943333333333334 0.2836666666666666 0.2851666666666667 0.2841666666666666 0.2851666666666666 0.4476666666666667 0.4355000000000001 0.012000000000000002 0.0075000000000000015 0.2068333333333333 0.14800000000000005 0.29733333333333334 0.2856666666666666 0.3185 0.3443333333333334 0.17216666666666666 0.4078333333333334 0.6050000000000001 0.6556666666666666 0.6658333333333332 0.7498333333333332 0.49816666666666687 0.5696666666666667 0.3376666666666667 0.5083333333333333 0.5311666666666667 0.40483333333333327 0.43849999999999995 0.5371666666666667 0.5008333333333332 0.5741666666666667 0.004333333333333333 0.0031666666666666666 0.006333333333333333 0.04800000000000001 0.012666666666666668 0.01416666666666667 0.5318333333333336 0.5940000000000001 0.013500000000000002 0.014333333333333333 0.005166666666666666 0.14716666666666672 
0.13416666666666666 0.0058333333333333345 0.7305000000000003 0.5616666666666665 0.12249999999999997 0.03516666666666667 0.7866666666666667 0.6650000000000003 1.0 0.48599999999999993 0.32416666666666666 0.2541666666666666 0.3466666666666666 0.5418333333333333 0.5926666666666667 0.46266666666666667 0.2836666666666667 0.162 0.47550000000000003 0.5173333333333332 0.0986666666666667 0.07900000000000001 0.737 0.5736666666666667 0.7851666666666667 0.7045 0.0265 0.028166666666666663 0.1818333333333333 0.1003333333333333 0.8839999999999999 0.9255000000000001 0.2661666666666667 0.4715 0.6496666666666667 0.5821666666666665 0.3593333333333333 0.5145 0.01783333333333333 0.017666666666666667 0.2990000000000001 0.24083333333333334 0.3753333333333334 0.3778333333333334 0.4556666666666666 0.3518333333333332 0.32716666666666666 0.33400000000000013 0.11249999999999999 0.11249999999999999 0.11449999999999998 0.11283333333333331 0.3611666666666666 0.369 0.012333333333333333 0.06366666666666668 0.057666666666666686 0.004166666666666667 0.16283333333333336 0.11399999999999996 0.21750000000000003 0.08983333333333336 0.31749999999999995 0.12366666666666665 0.4698333333333332 0.4519999999999999 0.5508333333333334 0.5145000000000001 0.44616666666666654 0.3618333333333333 0.6204999999999999 0.8076666666666668 0.8336666666666664 0.4633333333333332 0.5731666666666667 0.536 0.7661666666666666 0.7086666666666666 0.12483333333333334 0.09099999999999998 0.11916666666666666 0.0705 0.05283333333333333 0.08266666666666668 0.4493333333333334 0.449 0.011833333333333333 0.0125 0.07983333333333334 0.03916666666666666 
0.08383333333333334 0.02966666666666666 0.6525 0.49516666666666653 0.3363333333333333 0.2676666666666667 0.625 0.5541666666666667 0.48599999999999993 1.0 0.09733333333333334 0.11366666666666665 0.1025 0.7371666666666666 0.44183333333333324 0.7074999999999999 0.09116666666666663 0.09233333333333334 0.20233333333333337 0.3168333333333333 0.38116666666666665 0.2245 0.6326666666666667 0.6005 0.6794999999999999 0.7601666666666665 0.25866666666666666 0.25933333333333336 0.06716666666666664 0.09716666666666668 0.4173333333333333 0.4633333333333334 0.047499999999999994 0.36266666666666664 0.5395000000000002 0.4568333333333332 0.20033333333333336 0.3115 0.19766666666666668 0.19583333333333333 0.1675 0.2766666666666667 0.2076666666666667 0.21166666666666667 0.15799999999999997 0.19700000000000004 0.17933333333333337 0.18083333333333343 0.05916666666666667 0.06000000000000001 0.06350000000000001 0.06033333333333334 0.22100000000000006 0.20666666666666672 0.2203333333333334 0.15849999999999997 0.051000000000000004 0.0285 0.0881666666666667 0.052666666666666674 0.15250000000000002 0.24916666666666668 0.11733333333333335 0.11183333333333334 0.838666666666667 0.749833333333333 0.3396666666666666 0.38383333333333347 0.16133333333333333 0.2033333333333333 0.3303333333333333 0.3268333333333333 0.6089999999999999 0.5205 0.6986666666666669 0.7610000000000003 0.3999999999999999 0.3526666666666667 0.07166666666666667 0.07766666666666666 0.08366666666666667 0.1065 0.16383333333333333 0.12199999999999997 0.7435 0.8148333333333335 0.2151666666666667 0.21766666666666676 0.1001666666666667 0.3525000000000001 
0.49800000000000005 0.5116666666666667 0.24333333333333326 0.07300000000000001 0.3859999999999998 0.5216666666666666 0.2710000000000001 0.1666666666666666 0.32416666666666666 0.09733333333333334 1.0 0.4775 0.7258333333333334 0.11566666666666667 0.41700000000000004 0.22916666666666669 0.8278333333333336 0.6681666666666668 0.14916666666666667 0.1446666666666667 0.2975000000000001 0.5608333333333334 0.21200000000000002 0.06533333333333335 0.1960000000000001 0.11383333333333337 0.5116666666666667 0.5120000000000001 0.5734999999999999 0.5743333333333334 0.3390000000000001 0.31149999999999994 0.4911666666666667 0.21866666666666668 0.10783333333333331 0.17866666666666664 0.20333333333333337 0.15666666666666668 0.5106666666666666 0.5116666666666666 0.46050000000000013 0.5188333333333334 0.1643333333333333 0.16416666666666666 0.15133333333333335 0.16816666666666666 0.20200000000000007 0.20933333333333337 0.524 0.5231666666666667 0.5071666666666664 0.5286666666666666 0.17883333333333332 0.16483333333333333 0.4965 0.5590000000000002 0.6773333333333333 0.5119999999999999 0.4189999999999998 0.5143333333333333 0.4661666666666665 0.26366666666666666 0.9303333333333331 0.44616666666666666 0.02783333333333333 0.011833333333333336 0.12133333333333335 0.10833333333333338 0.15166666666666667 0.1511666666666667 0.21 0.42450000000000004 0.26483333333333337 0.031166666666666662 0.017333333333333333 0.010333333333333335 0.27433333333333343 0.1793333333333334 0.556 0.6003333333333333 0.5736666666666668 0.5026666666666667 0.5243333333333332 0.5558333333333333 0.055666666666666635 0.0125 0.5028333333333332 0.5034999999999998 0.5741666666666666 0.35566666666666685 
0.6953333333333335 0.4285000000000002 0.3328333333333333 0.4918333333333333 0.15549999999999997 0.24316666666666664 0.31850000000000006 0.3826666666666667 0.2541666666666666 0.11366666666666665 0.4775 1.0 0.3258333333333333 0.2526666666666666 0.09916666666666663 0.06783333333333334 0.35200000000000015 0.3579999999999999 0.5216666666666666 0.5500000000000002 0.2761666666666667 0.2601666666666666 0.33583333333333326 0.42833333333333345 0.08783333333333335 0.067 0.2433333333333333 0.24399999999999994 0.3431666666666667 0.3448333333333333 0.3459999999999999 0.2846666666666666 0.7739999999999999 0.6664999999999998 0.20016666666666666 0.5631666666666668 0.261 0.13616666666666663 0.2533333333333333 0.2548333333333333 0.4535 0.502 0.4573333333333334 0.4566666666666667 0.4976666666666667 0.45399999999999996 0.4778333333333334 0.4983333333333333 0.6485 0.6506666666666666 0.64 0.6556666666666667 0.455 0.45216666666666666 0.2436666666666666 0.2789999999999999 0.5475000000000002 0.42550000000000004 0.6318333333333334 0.6336666666666667 0.8576666666666671 0.6030000000000001 0.5015000000000001 0.8100000000000002 0.20566666666666664 0.309 0.47416666666666674 0.5226666666666666 0.5135000000000001 0.593 0.12383333333333338 0.35833333333333334 0.13483333333333336 0.09266666666666672 0.05449999999999999 0.13233333333333333 0.2843333333333334 0.4886666666666666 0.3443333333333332 0.3424999999999999 0.3458333333333334 0.28716666666666674 0.289 0.31383333333333335 0.14883333333333332 0.20733333333333331 0.2443333333333333 0.24399999999999994 0.32666666666666666 0.3681666666666667 
0.3670000000000001 0.6115000000000002 0.2143333333333333 0.017 0.5045 0.6436666666666667 0.2481666666666666 0.11649999999999996 0.3466666666666666 0.1025 0.7258333333333334 0.3258333333333333 1.0 0.1425 0.4891666666666667 0.18133333333333337 0.8805 0.7595000000000001 0.055999999999999994 0.041999999999999996 0.4748333333333333 0.6865000000000001 0.19050000000000009 0.024666666666666667 0.2628333333333333 0.18516666666666665 0.6370000000000001 0.6378333333333335 0.8003333333333333 0.7108333333333333 0.30199999999999994 0.30416666666666653 0.3838333333333333 0.09899999999999996 0.1656666666666666 0.09183333333333335 0.2761666666666667 0.39199999999999996 0.6310000000000003 0.6335000000000001 0.28983333333333333 0.439 0.03416666666666667 0.03233333333333333 0.06283333333333334 0.026333333333333334 0.0733333333333333 0.0718333333333333 0.3426666666666665 0.3433333333333332 0.32750000000000007 0.34766666666666657 0.018500000000000003 0.0315 0.6215000000000003 0.6803333333333333 0.48399999999999993 0.6131666666666667 0.24833333333333335 0.32933333333333326 0.2998333333333333 0.28766666666666674 0.6965 0.3005 0.04583333333333334 0.014333333333333339 0.022833333333333337 0.007333333333333334 0.060666666666666653 0.036000000000000004 0.46316666666666656 0.3496666666666667 0.3363333333333334 0.25966666666666666 0.12849999999999998 0.08533333333333334 0.2658333333333334 0.15016666666666667 0.7411666666666668 0.7016666666666667 0.7345 0.6459999999999999 0.6601666666666669 0.6859999999999999 0.04616666666666666 0.025999999999999995 0.6258333333333335 0.6278333333333336 0.6866666666666665 0.5175 
0.14300000000000002 0.10933333333333334 0.7053333333333331 0.6321666666666667 0.21266666666666667 0.1556666666666667 0.6784999999999998 0.7115000000000004 0.5418333333333333 0.7371666666666666 0.11566666666666667 0.2526666666666666 0.1425 1.0 0.3813333333333333 0.5761666666666667 0.10599999999999996 0.09200000000000001 0.36883333333333324 0.4786666666666665 0.27149999999999996 0.14683333333333332 0.7346666666666666 0.7248333333333337 0.7306666666666668 0.7383333333333334 0.14933333333333335 0.1505 0.06383333333333333 0.02633333333333334 0.4871666666666665 0.5278333333333333 0.1383333333333333 0.44716666666666677 0.5271666666666668 0.5558333333333335 0.17449999999999996 0.2895 0.10283333333333337 0.10133333333333334 0.08666666666666666 0.30400000000000005 0.23333333333333336 0.236 0.30050000000000004 0.22149999999999997 0.2033333333333333 0.2008333333333333 0.09450000000000003 0.09450000000000004 0.09350000000000003 0.09566666666666668 0.24066666666666658 0.23133333333333334 0.11066666666666666 0.067 0.12783333333333333 0.10849999999999999 0.10533333333333335 0.09433333333333335 0.18966666666666668 0.3151666666666667 0.11233333333333333 0.22883333333333336 0.7784999999999997 0.7921666666666667 0.4364999999999999 0.5053333333333334 0.31683333333333324 0.38983333333333337 0.34166666666666656 0.3738333333333334 0.6501666666666666 0.4871666666666665 0.639 0.7468333333333332 0.4146666666666667 0.4536666666666666 0.04466666666666667 0.02616666666666667 0.02866666666666667 0.033 0.06833333333333334 0.04200000000000001 0.6918333333333335 0.7620000000000001 0.11683333333333332 0.11933333333333335 0.038333333333333344 0.26866666666666655 
0.07166666666666667 0.32150000000000006 0.48050000000000004 0.3281666666666666 0.4545 0.3701666666666668 0.51 0.4004999999999999 0.5926666666666667 0.44183333333333324 0.41700000000000004 0.09916666666666663 0.4891666666666667 0.3813333333333333 1.0 0.6070000000000001 0.5201666666666667 0.4916666666666667 0.19566666666666666 0.26916666666666667 0.3248333333333332 0.4098333333333335 0.4531666666666666 0.33533333333333326 0.5343333333333333 0.4641666666666666 0.36050000000000004 0.36250000000000004 0.4241666666666667 0.4335 0.577333333333333 0.575 0.12033333333333336 0.32466666666666677 0.5195000000000001 0.43166666666666664 0.3543333333333333 0.5716666666666668 0.3488333333333334 0.3506666666666667 0.30666666666666664 0.32833333333333337 0.20483333333333342 0.2083333333333334 0.1725 0.195 0.1795 0.17766666666666658 0.14416666666666667 0.1431666666666667 0.14283333333333334 0.14300000000000002 0.22849999999999998 0.20383333333333337 0.3506666666666667 0.40266666666666673 0.19833333333333342 0.32600000000000007 0.09183333333333334 0.15233333333333335 0.13633333333333333 0.13849999999999998 0.41533333333333333 0.04016666666666666 0.3665000000000001 0.33716666666666656 0.3121666666666666 0.31166666666666665 0.1635 0.13583333333333336 0.6375 0.5180000000000001 0.6051666666666665 0.48816666666666664 0.43433333333333335 0.381 0.5389999999999999 0.43616666666666665 0.40483333333333327 0.4360000000000001 0.433 0.39150000000000007 0.3995 0.4289999999999998 0.4256666666666667 0.36883333333333335 0.3426666666666667 0.34516666666666673 0.414 0.24150000000000002 
0.09066666666666666 0.16883333333333328 0.5069999999999999 0.38800000000000007 0.419 0.34800000000000003 0.4828333333333332 0.41716666666666663 0.46266666666666667 0.7074999999999999 0.22916666666666669 0.06783333333333334 0.18133333333333337 0.5761666666666667 0.6070000000000001 1.0 0.22649999999999995 0.3151666666666666 0.17683333333333337 0.2596666666666666 0.3206666666666667 0.35833333333333334 0.4984999999999999 0.4820000000000001 0.6175000000000002 0.6386666666666668 0.3423333333333333 0.34150000000000014 0.27033333333333326 0.3281666666666667 0.42800000000000005 0.48100000000000004 0.09483333333333334 0.3145000000000001 0.6141666666666667 0.43550000000000005 0.27949999999999997 0.4191666666666668 0.30783333333333335 0.30833333333333335 0.35833333333333334 0.4463333333333333 0.19466666666666668 0.19900000000000007 0.14733333333333334 0.18599999999999997 0.16616666666666663 0.17200000000000004 0.16866666666666666 0.16716666666666666 0.1678333333333333 0.1696666666666666 0.2213333333333333 0.19349999999999998 0.32083333333333336 0.29600000000000004 0.16933333333333334 0.16999999999999996 0.11383333333333333 0.169 0.12216666666666667 0.12816666666666665 0.2624999999999999 0.060166666666666674 0.6814999999999999 0.6026666666666668 0.29866666666666664 0.312 0.13899999999999998 0.12616666666666673 0.37266666666666665 0.3281666666666667 0.5848333333333333 0.4569999999999999 0.6448333333333335 0.6670000000000001 0.4513333333333332 0.38883333333333325 0.295 0.315 0.31283333333333335 0.32400000000000007 0.3716666666666666 0.35483333333333333 0.6738333333333333 0.6871666666666666 0.31100000000000005 0.31283333333333335 0.31183333333333335 0.2838333333333333 
0.368 0.6605 0.20783333333333331 0.02333333333333333 0.5325000000000001 0.6698333333333334 0.23516666666666666 0.11766666666666667 0.2836666666666667 0.09116666666666663 0.8278333333333336 0.35200000000000015 0.8805 0.10599999999999996 0.5201666666666667 0.22649999999999995 1.0 0.8186666666666669 0.020166666666666666 0.02333333333333333 0.451 0.7143333333333335 0.17366666666666666 0.027666666666666666 0.1913333333333334 0.11016666666666666 0.6648333333333335 0.6655000000000001 0.7348333333333332 0.7353333333333335 0.27650000000000013 0.2760000000000001 0.36133333333333334 0.11183333333333334 0.10916666666666665 0.12283333333333336 0.20166666666666663 0.315 0.6715000000000001 0.6723333333333334 0.3428333333333333 0.5153333333333335 0.0335 0.03416666666666667 0.022499999999999996 0.036166666666666666 0.0755 0.07800000000000001 0.39166666666666666 0.39100000000000007 0.37466666666666654 0.39666666666666656 0.047000000000000014 0.033166666666666664 0.6506666666666666 0.7131666666666666 0.5626666666666669 0.6605000000000001 0.2856666666666666 0.382 0.33433333333333337 0.2848333333333334 0.7774999999999999 0.32016666666666665 0.025999999999999992 0.006666666666666667 0.019000000000000003 0.016833333333333332 0.02283333333333333 0.02233333333333333 0.3666666666666667 0.3053333333333333 0.2601666666666667 0.16866666666666671 0.04449999999999999 0.010666666666666666 0.2283333333333334 0.10549999999999998 0.7175 0.7608333333333333 0.7321666666666665 0.6621666666666667 0.6815000000000001 0.713 0.06349999999999997 0.010333333333333335 0.6631666666666668 0.6645 0.735 0.4966666666666667 
0.35650000000000004 0.7073333333333335 0.09883333333333334 0.011333333333333336 0.6285000000000001 0.7608333333333333 0.10833333333333335 0.03816666666666666 0.162 0.09233333333333334 0.6681666666666668 0.3579999999999999 0.7595000000000001 0.09200000000000001 0.4916666666666667 0.3151666666666666 0.8186666666666669 1.0 0.008499999999999999 0.017833333333333333 0.5465 0.8011666666666667 0.07500000000000001 0.025666666666666674 0.1375 0.09166666666666667 0.7595000000000001 0.7603333333333332 0.8188333333333333 0.8396666666666666 0.1931666666666666 0.1975 0.3666666666666667 0.12366666666666665 0.23949999999999994 0.1565 0.30066666666666664 0.4231666666666666 0.7568333333333332 0.7585 0.3858333333333332 0.5501666666666666 0.02116666666666667 0.021000000000000005 0.0125 0.019833333333333338 0.061 0.06733333333333333 0.37116666666666676 0.3705000000000001 0.3541666666666668 0.3761666666666666 0.027333333333333334 0.017833333333333333 0.7319999999999998 0.7831666666666665 0.5139999999999999 0.7108333333333335 0.266 0.3616666666666668 0.3401666666666667 0.3301666666666666 0.6466666666666668 0.3128333333333333 0.0976666666666667 0.06516666666666665 0.008833333333333334 0.009333333333333334 0.011833333333333333 0.011666666666666667 0.39549999999999996 0.1725 0.19549999999999998 0.2608333333333334 0.1501666666666667 0.11649999999999996 0.21100000000000002 0.11733333333333333 0.8264999999999999 0.8674999999999998 0.8375 0.7630000000000002 0.7728333333333335 0.8078333333333336 0.1746666666666666 0.11666666666666668 0.7456666666666666 0.7484999999999999 0.8351666666666666 0.619 
0.551 0.2669999999999999 0.3556666666666667 0.6631666666666667 0.09450000000000001 0.0 0.3800000000000001 0.5518333333333334 0.47550000000000003 0.20233333333333337 0.14916666666666667 0.5216666666666666 0.055999999999999994 0.36883333333333324 0.19566666666666666 0.17683333333333337 0.020166666666666666 0.008499999999999999 1.0 0.8590000000000001 0.07166666666666667 0.0 0.4268333333333334 0.5541666666666667 0.3661666666666666 0.36183333333333323 0.0 0.0 0.04933333333333333 0.0006666666666666666 0.5423333333333334 0.4823333333333331 0.5646666666666669 0.6391666666666667 0.40233333333333343 0.5671666666666666 0.4426666666666668 0.3183333333333333 0.0 0.0 0.3926666666666668 0.19266666666666662 0.8421666666666668 0.8481666666666667 0.9220000000000002 0.8271666666666668 0.799 0.7963333333333336 0.5724999999999999 0.5733333333333333 0.5818333333333332 0.5691666666666666 0.8401666666666666 0.8426666666666669 0.0 0.0 0.39266666666666666 0.26216666666666666 0.6260000000000001 0.5844999999999999 0.5006666666666666 0.44249999999999984 0.16149999999999995 0.5616666666666665 0.25033333333333324 0.3793333333333333 0.8328333333333332 0.7800000000000002 0.9284999999999998 0.8781666666666668 0.3526666666666666 0.5915 0.3546666666666665 0.3518333333333332 0.35950000000000004 0.33266666666666667 0.4775 0.6901666666666667 0.028833333333333332 0.0 0.008666666666666666 0.05850000000000002 0.0 0.007166666666666667 0.254 0.2514999999999999 0.0 0.0 0.0018333333333333333 0.03183333333333334 
0.5321666666666668 0.2771666666666666 0.47816666666666663 0.7736666666666667 0.07783333333333334 0.0 0.5011666666666666 0.6608333333333334 0.5173333333333332 0.3168333333333333 0.1446666666666667 0.5500000000000002 0.041999999999999996 0.4786666666666665 0.26916666666666667 0.2596666666666666 0.02333333333333333 0.017833333333333333 0.8590000000000001 1.0 0.107 0.0005 0.5465 0.6730000000000002 0.4048333333333333 0.4006666666666666 0.0 0.0 0.044500000000000005 0.012333333333333332 0.5890000000000001 0.5248333333333334 0.5055000000000001 0.7153333333333333 0.4491666666666667 0.6853333333333333 0.3375 0.3501666666666665 0.005333333333333333 0.005333333333333333 0.353 0.2341666666666666 0.7213333333333333 0.7248333333333332 0.7959999999999999 0.7034999999999997 0.677666666666667 0.6876666666666668 0.514 0.5146666666666667 0.5161666666666667 0.5143333333333334 0.7218333333333332 0.7166666666666665 0.0003333333333333333 0.0034999999999999996 0.3886666666666667 0.27266666666666667 0.5425 0.5169999999999999 0.5011666666666666 0.4318333333333335 0.16099999999999998 0.5811666666666667 0.37449999999999983 0.5016666666666666 0.8731666666666666 0.8641666666666665 0.8068333333333334 0.826 0.3775 0.5968333333333332 0.3938333333333333 0.4145 0.3936666666666666 0.4198333333333334 0.5223333333333332 0.7346666666666664 0.03416666666666667 0.012 0.014666666666666668 0.06883333333333333 0.0075 0.019333333333333334 0.36349999999999993 0.37616666666666654 0.0 0.0 0.013999999999999999 0.07200000000000001 
0.2865000000000001 0.489 0.2503333333333333 0.15099999999999997 0.6953333333333334 0.7546666666666667 0.2256666666666667 0.16449999999999995 0.0986666666666667 0.38116666666666665 0.2975000000000001 0.2761666666666667 0.4748333333333333 0.27149999999999996 0.3248333333333332 0.3206666666666667 0.451 0.5465 0.07166666666666667 0.107 1.0 0.7218333333333332 0.2266666666666666 0.2323333333333334 0.1893333333333333 0.26450000000000007 0.7586666666666663 0.7600000000000001 0.5601666666666667 0.6291666666666667 0.08433333333333333 0.08033333333333333 0.1953333333333333 0.169 0.26550000000000007 0.16266666666666668 0.35200000000000004 0.4233333333333333 0.7120000000000003 0.7101666666666666 0.28900000000000003 0.24466666666666662 0.06699999999999999 0.06833333333333332 0.044000000000000004 0.07116666666666664 0.09866666666666671 0.09749999999999998 0.2230000000000001 0.22250000000000006 0.21466666666666673 0.22916666666666674 0.08299999999999999 0.06966666666666665 0.7225000000000003 0.6693333333333336 0.30950000000000005 0.4915000000000001 0.18916666666666665 0.20750000000000007 0.2905 0.42883333333333346 0.30633333333333335 0.29333333333333333 0.41983333333333334 0.31850000000000006 0.09766666666666664 0.13099999999999998 0.053500000000000006 0.10533333333333335 0.39399999999999996 0.08500000000000002 0.11666666666666668 0.541 0.3863333333333335 0.38833333333333336 0.12716666666666665 0.06799999999999999 0.5938333333333334 0.5976666666666667 0.6063333333333333 0.6391666666666667 0.6776666666666668 0.6261666666666668 0.4270000000000001 0.43283333333333346 0.7273333333333336 0.730666666666667 0.6140000000000001 0.8053333333333333 
0.3471666666666667 0.7076666666666666 0.14250000000000004 0.012500000000000002 0.7998333333333332 0.9406666666666668 0.1231666666666667 0.03416666666666667 0.07900000000000001 0.2245 0.5608333333333334 0.2601666666666666 0.6865000000000001 0.14683333333333332 0.4098333333333335 0.35833333333333334 0.7143333333333335 0.8011666666666667 0.0 0.0005 0.7218333333333332 1.0 0.12833333333333338 0.10416666666666664 0.172 0.2121666666666667 0.9336666666666668 0.9370000000000002 0.7386666666666667 0.7744999999999999 0.059 0.056999999999999995 0.27266666666666667 0.0315 0.18966666666666665 0.060999999999999985 0.2696666666666667 0.3493333333333334 0.8791666666666669 0.8775000000000003 0.3148333333333333 0.4643333333333333 0.009500000000000001 0.009666666666666665 0.0 0.015166666666666669 0.05533333333333332 0.05383333333333333 0.3685000000000001 0.3673333333333334 0.3511666666666668 0.37383333333333335 0.024666666666666667 0.011166666666666667 0.8720000000000002 0.8365000000000002 0.5036666666666664 0.710166666666667 0.2631666666666666 0.35883333333333334 0.2403333333333333 0.3321666666666666 0.5243333333333333 0.3013333333333333 0.24100000000000002 0.1516666666666667 0.0005 0.003 0.0031666666666666666 0.003333333333333333 0.34600000000000003 0.06616666666666667 0.10483333333333332 0.3955 0.2851666666666666 0.2466666666666667 0.08499999999999998 0.015000000000000005 0.7591666666666664 0.8059999999999999 0.7636666666666669 0.7383333333333333 0.8124999999999999 0.7751666666666667 0.3046666666666667 0.24833333333333332 0.8951666666666668 0.8970000000000001 0.815333333333333 0.7574999999999998 
0.1783333333333334 0.03900000000000001 0.9033333333333334 0.7203333333333333 0.1573333333333333 0.10300000000000002 0.882 0.8168333333333334 0.737 0.6326666666666667 0.21200000000000002 0.33583333333333326 0.19050000000000009 0.7346666666666666 0.4531666666666666 0.4984999999999999 0.17366666666666666 0.07500000000000001 0.4268333333333334 0.5465 0.2266666666666666 0.12833333333333338 1.0 0.8056666666666668 0.6973333333333334 0.6525000000000003 0.09599999999999997 0.098 0.0635 0.03283333333333333 0.6815000000000001 0.7125 0.20233333333333328 0.5660000000000003 0.49566666666666687 0.6473333333333333 0.19150000000000006 0.3248333333333332 0.06799999999999998 0.06616666666666667 0.21749999999999997 0.23199999999999996 0.3026666666666667 0.30700000000000005 0.3596666666666667 0.2886666666666666 0.26133333333333336 0.2668333333333333 0.14533333333333334 0.14600000000000002 0.14633333333333332 0.146 0.31050000000000005 0.3011666666666667 0.07683333333333334 0.052333333333333315 0.08533333333333334 0.035833333333333335 0.16133333333333333 0.14666666666666667 0.2788333333333334 0.2341666666666667 0.2121666666666667 0.2588333333333333 0.6768333333333332 0.6765000000000002 0.5295 0.5978333333333334 0.375 0.4415 0.4121666666666666 0.5685 0.6224999999999999 0.4823333333333331 0.53 0.6376666666666667 0.5531666666666666 0.561 0.03783333333333333 0.027166666666666672 0.03866666666666666 0.037500000000000006 0.062166666666666676 0.04633333333333333 0.6173333333333333 0.6583333333333333 0.08016666666666668 0.08050000000000003 0.042666666666666665 0.19950000000000007 
0.3101666666666666 0.1668333333333333 0.7478333333333335 0.8434999999999999 0.17550000000000002 0.11516666666666665 0.7188333333333332 0.7883333333333336 0.5736666666666667 0.6005 0.06533333333333335 0.42833333333333345 0.024666666666666667 0.7248333333333337 0.33533333333333326 0.4820000000000001 0.027666666666666666 0.025666666666666674 0.5541666666666667 0.6730000000000002 0.2323333333333334 0.10416666666666664 0.8056666666666668 1.0 0.5603333333333333 0.5830000000000001 0.11433333333333331 0.11466666666666664 0.014000000000000004 0.013166666666666667 0.5441666666666666 0.5669999999999998 0.29933333333333334 0.6434999999999996 0.48083333333333333 0.7243333333333333 0.17149999999999999 0.298 0.08433333333333332 0.08233333333333334 0.21499999999999997 0.32066666666666677 0.43366666666666687 0.43799999999999994 0.4856666666666664 0.42166666666666663 0.3946666666666668 0.3981666666666668 0.2786666666666666 0.27849999999999997 0.27949999999999997 0.2786666666666666 0.4443333333333335 0.4333333333333334 0.092 0.04966666666666666 0.19999999999999996 0.16383333333333333 0.29266666666666663 0.2804999999999999 0.3611666666666665 0.3476666666666667 0.069 0.39166666666666655 0.6839999999999997 0.7834999999999998 0.6623333333333333 0.7314999999999999 0.5026666666666666 0.5713333333333334 0.32766666666666666 0.40866666666666673 0.4780000000000001 0.48883333333333323 0.5440000000000002 0.6568333333333333 0.47283333333333316 0.6405 0.014833333333333336 0.014500000000000004 0.014000000000000002 0.020666666666666663 0.052499999999999984 0.024 0.6366666666666668 0.6841666666666667 0.0978333333333333 0.09949999999999999 0.027999999999999994 0.2201666666666667 
