1.0 0.41083333333333344 0.13216666666666668 0.263 0.12233333333333335 0.0016666666666666666 0.38199999999999995 0.2873333333333332 0.27699999999999997 0.09983333333333334 0.6525000000000002 0.30099999999999993 0.6821666666666666 0.3578333333333334 0.5463333333333334 0.08883333333333333 0.7313333333333333 0.45066666666666655 0.33933333333333343 0.2918333333333334 0.3061666666666667 0.06016666666666664 0.0885 0.02849999999999999 0.0008333333333333333 0.0008333333333333333 0.0015 0.0013333333333333333 0.7350000000000001 0.5246666666666666 0.028333333333333332 0.0305 0.6978333333333334 0.5874999999999999 0.07433333333333332 0.13483333333333328 0.3675 0.20266666666666677 0.18166666666666664 0.13733333333333334 0.45449999999999996 0.21650000000000003 0.09616666666666672 0.10833333333333334 0.0023333333333333335 0.1575 0.37599999999999995 0.3416666666666666 0.39816666666666656 0.31483333333333324 0.5361666666666666 0.06533333333333333 0.22199999999999995 0.27849999999999997 0.09733333333333333 0.10983333333333331 0.7116666666666667 0.35883333333333345 0.6495000000000001 0.5378333333333333 0.6896666666666665 0.7578333333333331 0.7081666666666669 0.6318333333333331 0.6149999999999999 0.7141666666666667 0.22933333333333328 0.33549999999999996 0.2643333333333333 0.29583333333333334 0.5984999999999999 0.5431666666666666 0.5624999999999999 0.5801666666666665 0.494 0.42633333333333345 0.1015 0.03300000000000001 0.3911666666666666 0.39799999999999996 0.7608333333333333 0.46633333333333327 0.6673333333333334 0.2805 0.6171666666666665 0.25250000000000006 0.2603333333333334 0.1376666666666667 0.5868333333333333 0.19866666666666666 
0.41083333333333344 1.0 0.04716666666666667 0.059499999999999977 0.13416666666666668 0.14633333333333332 0.03849999999999999 0.12449999999999996 0.03416666666666666 0.12416666666666666 0.14533333333333331 0.7976666666666667 0.16833333333333328 0.6118333333333333 0.15416666666666662 0.19166666666666668 0.32799999999999996 0.7361666666666667 0.4241666666666667 0.3604999999999999 0.7434999999999998 0.30283333333333323 0.1266666666666667 0.1345 0.15783333333333335 0.15650000000000006 0.15699999999999997 0.15633333333333335 0.5284999999999999 0.7241666666666666 0.19083333333333344 0.1406666666666667 0.6261666666666664 0.5581666666666667 0.06499999999999996 0.041999999999999996 0.7458333333333332 0.711 0.5056666666666667 0.5378333333333333 0.8378333333333332 0.6781666666666666 0.22116666666666668 0.33949999999999997 0.05749999999999999 0.1641666666666667 0.30683333333333324 0.5141666666666667 0.11716666666666668 0.14350000000000002 0.11933333333333339 0.09266666666666669 0.39716666666666667 0.21349999999999994 0.37499999999999994 0.11683333333333337 0.41800000000000004 0.8205000000000002 0.14216666666666664 0.41333333333333316 0.1628333333333333 0.37499999999999994 0.18350000000000002 0.48266666666666685 0.12933333333333333 0.36933333333333335 0.036 0.05249999999999999 0.3533333333333333 0.26033333333333336 0.6911666666666667 0.6673333333333333 0.7286666666666668 0.6876666666666666 0.8201666666666667 0.5356666666666665 0.077 0.12983333333333336 0.37083333333333335 0.6288333333333331 0.2833333333333334 0.7396666666666669 0.45883333333333326 0.5661666666666666 0.1318333333333333 0.24283333333333332 0.6231666666666666 0.4993333333333335 0.128 0.5296666666666666 
0.13216666666666668 0.04716666666666667 1.0 0.7796666666666665 0.6981666666666668 0.5996666666666666 0.6668333333333335 0.4153333333333334 0.6421666666666667 0.38799999999999996 0.2913333333333334 0.06633333333333331 0.2681666666666666 0.15099999999999997 0.35950000000000004 0.5578333333333333 0.18599999999999994 0.034 0.4406666666666667 0.5083333333333332 0.06616666666666669 0.27949999999999997 0.8253333333333334 0.7306666666666665 0.5806666666666667 0.5714999999999999 0.5881666666666666 0.5869999999999999 0.07633333333333335 0.10150000000000002 0.6695 0.7174999999999998 0.10400000000000002 0.14983333333333335 0.7566666666666666 0.6973333333333332 0.05533333333333334 0.144 0.2925 0.21750000000000003 0.06049999999999999 0.157 0.40016666666666667 0.23099999999999996 0.6171666666666666 0.28133333333333327 0.4588333333333333 0.2951666666666667 0.23983333333333332 0.1716666666666666 0.27516666666666656 0.4184999999999999 0.12400000000000003 0.17800000000000005 0.34233333333333327 0.524 0.18249999999999997 0.017666666666666667 0.25816666666666666 0.163 0.24966666666666673 0.12966666666666668 0.2373333333333333 0.10716666666666669 0.31116666666666676 0.19066666666666665 0.777 0.43216666666666653 0.5393333333333334 0.6020000000000001 0.07883333333333334 0.08133333333333334 0.08716666666666667 0.1045 0.07816666666666668 0.28899999999999987 0.5135000000000001 0.5406666666666667 0.1105 0.14850000000000005 0.14083333333333328 0.09633333333333337 0.1638333333333333 0.11866666666666667 0.28900000000000003 0.4635000000000001 0.18450000000000003 0.23566666666666658 0.2823333333333334 0.28099999999999997 
0.263 0.059499999999999977 0.7796666666666665 1.0 0.5296666666666667 0.4588333333333333 0.6771666666666664 0.5786666666666666 0.4784999999999999 0.297 0.4103333333333334 0.09133333333333332 0.4078333333333333 0.20699999999999996 0.3391666666666667 0.4505000000000001 0.3183333333333333 0.03766666666666667 0.40399999999999997 0.5239999999999999 0.0958333333333333 0.23749999999999993 0.6956666666666667 0.6058333333333333 0.44233333333333336 0.4366666666666665 0.4471666666666667 0.4451666666666667 0.1593333333333333 0.09650000000000002 0.5243333333333333 0.601 0.16866666666666666 0.20549999999999996 0.734333333333333 0.7846666666666665 0.05083333333333334 0.16766666666666669 0.3178333333333332 0.19050000000000009 0.06499999999999997 0.17900000000000002 0.2635 0.12183333333333338 0.48133333333333334 0.16099999999999998 0.5108333333333335 0.19366666666666663 0.10616666666666663 0.036000000000000004 0.2778333333333333 0.2898333333333334 0.06200000000000001 0.05566666666666666 0.24566666666666667 0.38016666666666665 0.29366666666666663 0.026666666666666665 0.4083333333333334 0.2093333333333333 0.4033333333333331 0.25733333333333325 0.3859999999999999 0.1461666666666666 0.4003333333333333 0.2923333333333333 0.8586666666666669 0.5988333333333333 0.4983333333333333 0.6158333333333332 0.08566666666666668 0.15483333333333338 0.15616666666666665 0.14216666666666666 0.07866666666666668 0.3861666666666666 0.3891666666666667 0.4015000000000001 0.022500000000000006 0.19850000000000004 0.2888333333333333 0.08616666666666668 0.22049999999999997 0.12566666666666668 0.4056666666666666 0.6265000000000002 0.18566666666666667 0.2266666666666666 0.4355 0.31000000000000005 
0.12233333333333335 0.13416666666666668 0.6981666666666668 0.5296666666666667 1.0 0.7586666666666667 0.5396666666666665 0.16633333333333336 0.7839999999999999 0.3710000000000001 0.20850000000000002 0.15883333333333335 0.19466666666666663 0.03533333333333333 0.33216666666666667 0.49750000000000005 0.18366666666666667 0.013833333333333338 0.5571666666666666 0.6253333333333335 0.1511666666666667 0.47016666666666657 0.7600000000000001 0.6596666666666667 0.7659999999999999 0.7485 0.7669999999999999 0.7656666666666667 0.09933333333333333 0.0725 0.7105 0.6538333333333335 0.05833333333333333 0.06416666666666666 0.5085000000000001 0.4369999999999999 0.17516666666666672 0.24516666666666664 0.3966666666666667 0.3636666666666668 0.11800000000000002 0.2508333333333333 0.6123333333333334 0.4206666666666667 0.5988333333333334 0.26666666666666666 0.5168333333333335 0.3078333333333333 0.3833333333333333 0.30183333333333334 0.38166666666666665 0.4113333333333333 0.37883333333333324 0.32049999999999995 0.5443333333333333 0.7176666666666667 0.16016666666666668 0.14633333333333332 0.21833333333333338 0.079 0.18566666666666667 0.07 0.18033333333333335 0.05733333333333333 0.24783333333333335 0.09916666666666664 0.5618333333333332 0.17350000000000004 0.6561666666666666 0.5204999999999999 0.12916666666666665 0.20049999999999998 0.20866666666666667 0.12716666666666668 0.1971666666666667 0.4094999999999998 0.6493333333333332 0.7488333333333334 0.2558333333333334 0.056833333333333326 0.1306666666666667 0.02633333333333333 0.19683333333333336 0.08783333333333337 0.23549999999999993 0.2118333333333334 0.060500000000000005 0.3748333333333333 0.14883333333333335 0.14849999999999997 
0.0016666666666666666 0.14633333333333332 0.5996666666666666 0.4588333333333333 0.7586666666666667 1.0 0.3708333333333335 0.30266666666666664 0.5896666666666669 0.5793333333333334 0.03866666666666668 0.22850000000000004 0.020500000000000004 0.12233333333333335 0.13433333333333336 0.6629999999999999 0.023666666666666666 0.09983333333333336 0.44816666666666655 0.518 0.34083333333333343 0.6713333333333334 0.7015 0.7881666666666667 0.9720000000000004 0.961666666666667 0.972166666666667 0.9736666666666671 0.0018333333333333333 0.004166666666666667 0.8315 0.7825 0.0013333333333333333 0.01 0.6293333333333334 0.5590000000000002 0.21133333333333332 0.364 0.5906666666666665 0.5323333333333334 0.08566666666666668 0.39483333333333326 0.7096666666666667 0.6223333333333335 0.8205 0.48833333333333345 0.38299999999999995 0.26533333333333325 0.32583333333333336 0.39833333333333315 0.1996666666666667 0.6161666666666669 0.3936666666666667 0.4288333333333334 0.6891666666666668 0.7685000000000004 0.0023333333333333335 0.22616666666666657 0.022333333333333337 0.06233333333333331 0.005833333333333333 0.002833333333333333 0.002833333333333333 0.030333333333333327 0.058833333333333335 0.006833333333333334 0.5058333333333332 0.24049999999999994 0.5479999999999998 0.4463333333333332 0.0245 0.10449999999999995 0.102 0.03900000000000001 0.10033333333333333 0.3103333333333333 0.753 0.8466666666666669 0.31250000000000006 0.09800000000000003 0.003 0.03483333333333334 0.0015 0.2851666666666666 0.04333333333333333 0.3525 0.2015 0.5761666666666666 0.029000000000000005 0.2894999999999999 
0.38199999999999995 0.03849999999999999 0.6668333333333335 0.6771666666666664 0.5396666666666665 0.3708333333333335 1.0 0.4275000000000002 0.7148333333333332 0.23916666666666675 0.6054999999999999 0.026666666666666665 0.5748333333333335 0.12533333333333338 0.6193333333333332 0.33983333333333343 0.4631666666666668 0.13983333333333337 0.4376666666666666 0.4965 0.010500000000000002 0.12766666666666662 0.6071666666666665 0.5044999999999998 0.3615 0.3479999999999999 0.36700000000000005 0.3661666666666667 0.29766666666666663 0.18966666666666673 0.44633333333333325 0.5021666666666667 0.23516666666666666 0.22250000000000003 0.5655 0.5951666666666665 0.059 0.06583333333333335 0.16949999999999998 0.08299999999999999 0.08699999999999998 0.06716666666666667 0.2443333333333333 0.07916666666666669 0.3390000000000001 0.13266666666666663 0.5248333333333335 0.21383333333333332 0.3381666666666667 0.2525 0.5103333333333332 0.2446666666666667 0.08233333333333333 0.17250000000000007 0.15983333333333333 0.3995000000000001 0.4373333333333333 0.02949999999999999 0.5615 0.22833333333333333 0.5600000000000002 0.33549999999999996 0.5429999999999999 0.23683333333333334 0.6231666666666666 0.3335000000000001 0.7301666666666669 0.47449999999999987 0.4983333333333335 0.5043333333333334 0.20550000000000002 0.17850000000000002 0.1491666666666667 0.1758333333333333 0.10400000000000001 0.2841666666666667 0.4148333333333332 0.36966666666666675 0.2173333333333333 0.15750000000000003 0.4341666666666666 0.14183333333333337 0.3919999999999998 0.06433333333333333 0.5803333333333333 0.3556666666666667 0.09916666666666667 0.09599999999999997 0.5563333333333336 0.10449999999999998 
0.2873333333333332 0.12449999999999996 0.4153333333333334 0.5786666666666666 0.16633333333333336 0.30266666666666664 0.4275000000000002 1.0 0.20883333333333332 0.5273333333333334 0.4333333333333331 0.19016666666666665 0.43066666666666653 0.42950000000000005 0.3388333333333333 0.3778333333333333 0.32799999999999996 0.20616666666666664 0.11899999999999998 0.20566666666666664 0.21316666666666673 0.27516666666666667 0.3479999999999999 0.4351666666666667 0.28783333333333333 0.28666666666666674 0.2926666666666666 0.2895 0.19450000000000003 0.15250000000000002 0.38066666666666665 0.4391666666666667 0.22416666666666668 0.31833333333333336 0.5698333333333333 0.6619999999999999 0.07883333333333332 0.23949999999999996 0.3085 0.23816666666666667 0.12083333333333332 0.24983333333333338 0.13616666666666666 0.22666666666666666 0.4068333333333334 0.44100000000000006 0.24883333333333332 0.19616666666666668 0.19899999999999998 0.23916666666666664 0.3151666666666666 0.5193333333333333 0.12483333333333332 0.1895 0.2731666666666666 0.17866666666666667 0.2745 0.12416666666666668 0.46049999999999996 0.3775 0.44233333333333347 0.3913333333333333 0.4253333333333334 0.29250000000000004 0.4199999999999999 0.40850000000000003 0.5373333333333333 0.8111666666666667 0.17866666666666664 0.3206666666666667 0.08283333333333333 0.16966666666666666 0.14133333333333326 0.14866666666666667 0.06983333333333333 0.24950000000000006 0.21716666666666662 0.20883333333333326 0.15316666666666667 0.3526666666666667 0.36699999999999994 0.19583333333333325 0.1848333333333333 0.2715000000000001 0.4415 0.7391666666666667 0.4016666666666666 0.2878333333333333 0.5125 0.42449999999999993 
0.27699999999999997 0.03416666666666666 0.6421666666666667 0.4784999999999999 0.7839999999999999 0.5896666666666669 0.7148333333333332 0.20883333333333332 1.0 0.4 0.39466666666666667 0.027666666666666662 0.3778333333333333 0.07533333333333332 0.5178333333333335 0.4661666666666665 0.34633333333333327 0.14366666666666664 0.4413333333333334 0.48433333333333345 0.011833333333333336 0.3029999999999998 0.5973333333333336 0.4993333333333333 0.5826666666666669 0.5698333333333336 0.5875000000000002 0.5848333333333336 0.25483333333333336 0.19366666666666663 0.5436666666666666 0.48983333333333334 0.18516666666666665 0.159 0.4471666666666665 0.40349999999999986 0.06733333333333333 0.07916666666666666 0.23050000000000004 0.19033333333333335 0.07449999999999998 0.09166666666666666 0.4303333333333335 0.268 0.5358333333333334 0.2915 0.3795 0.18416666666666667 0.5221666666666667 0.4383333333333333 0.5513333333333333 0.4256666666666667 0.24866666666666665 0.3813333333333334 0.37250000000000005 0.6390000000000001 0.3088333333333333 0.05499999999999999 0.39399999999999996 0.1693333333333333 0.3660000000000001 0.2113333333333333 0.3585000000000001 0.19183333333333327 0.4375 0.2168333333333334 0.5461666666666665 0.22116666666666662 0.5160000000000001 0.4784999999999999 0.20316666666666663 0.12883333333333333 0.11350000000000003 0.15033333333333332 0.10016666666666668 0.26083333333333325 0.6410000000000001 0.6045 0.39400000000000013 0.12399999999999999 0.29883333333333334 0.1315 0.3456666666666666 0.09333333333333335 0.40500000000000014 0.15983333333333338 0.08416666666666667 0.20283333333333334 0.3158333333333333 0.08516666666666665 
0.09983333333333334 0.12416666666666666 0.38799999999999996 0.297 0.3710000000000001 0.5793333333333334 0.23916666666666675 0.5273333333333334 0.4 1.0 0.16333333333333333 0.18233333333333338 0.15616666666666668 0.34766666666666657 0.19949999999999998 0.6841666666666666 0.0855 0.23766666666666672 0.13533333333333336 0.18616666666666667 0.2643333333333333 0.6108333333333331 0.30750000000000005 0.39183333333333326 0.5741666666666666 0.5900000000000002 0.5713333333333334 0.5696666666666664 0.06816666666666668 0.15333333333333335 0.43800000000000017 0.38816666666666655 0.10816666666666669 0.2213333333333333 0.4200000000000001 0.4171666666666665 0.20383333333333323 0.27433333333333343 0.4523333333333332 0.4308333333333333 0.08166666666666667 0.3056666666666666 0.4096666666666667 0.5354999999999999 0.7340000000000001 0.7613333333333334 0.06933333333333333 0.14216666666666672 0.4896666666666668 0.5811666666666667 0.29816666666666664 0.8409999999999996 0.41883333333333317 0.5349999999999998 0.48916666666666664 0.5023333333333333 0.035333333333333335 0.2248333333333333 0.17833333333333332 0.3484999999999999 0.1598333333333333 0.21466666666666673 0.16066666666666665 0.2791666666666666 0.1725 0.25983333333333325 0.3121666666666666 0.4615000000000001 0.19633333333333336 0.294 0.062333333333333324 0.04816666666666666 0.03233333333333333 0.06816666666666667 0.068 0.11783333333333332 0.5896666666666666 0.5503333333333333 0.3938333333333334 0.28550000000000003 0.14866666666666664 0.22233333333333336 0.081 0.39833333333333326 0.18616666666666673 0.3665000000000001 0.4143333333333333 0.49700000000000005 0.182 0.3611666666666667 
0.6525000000000002 0.14533333333333331 0.2913333333333334 0.4103333333333334 0.20850000000000002 0.03866666666666668 0.6054999999999999 0.4333333333333331 0.39466666666666667 0.16333333333333333 1.0 0.11150000000000002 0.9324999999999997 0.2076666666666667 0.8273333333333333 0.02533333333333334 0.6846666666666665 0.24833333333333335 0.25316666666666665 0.2359999999999999 0.06450000000000002 0.06783333333333333 0.2535000000000001 0.15933333333333333 0.032333333333333346 0.021333333333333336 0.03616666666666667 0.03600000000000001 0.5163333333333333 0.3243333333333334 0.10149999999999998 0.16299999999999998 0.3986666666666666 0.44366666666666676 0.2188333333333333 0.2761666666666667 0.15333333333333338 0.013666666666666669 0.02816666666666667 0.004166666666666667 0.18366666666666667 0.011333333333333338 0.1393333333333333 0.11033333333333331 0.035333333333333335 0.2736666666666668 0.43833333333333324 0.3238333333333333 0.5748333333333333 0.445 0.7829999999999999 0.13266666666666668 0.24716666666666665 0.32616666666666655 0.0255 0.1183333333333333 0.6159999999999999 0.13949999999999999 0.8878333333333331 0.49700000000000005 0.9221666666666668 0.6793333333333332 0.8988333333333336 0.5411666666666666 0.9381666666666668 0.6525000000000002 0.41783333333333333 0.5818333333333334 0.22183333333333338 0.24283333333333332 0.3373333333333333 0.3206666666666667 0.29700000000000004 0.3166666666666666 0.21516666666666673 0.23816666666666667 0.10716666666666665 0.04466666666666666 0.32433333333333336 0.2815 0.7919999999999999 0.2625 0.6058333333333333 0.09450000000000003 0.9106666666666667 0.26100000000000007 0.09216666666666667 0.002 0.8664999999999999 0.027000000000000003 
0.30099999999999993 0.7976666666666667 0.06633333333333331 0.09133333333333332 0.15883333333333335 0.22850000000000004 0.026666666666666665 0.19016666666666665 0.027666666666666662 0.18233333333333338 0.11150000000000002 1.0 0.13500000000000004 0.657 0.12983333333333333 0.24466666666666662 0.22616666666666674 0.6706666666666666 0.39216666666666655 0.3605 0.7508333333333335 0.41716666666666663 0.16583333333333336 0.21766666666666665 0.2396666666666668 0.2395000000000001 0.23833333333333337 0.23866666666666675 0.4125 0.6153333333333334 0.27549999999999997 0.22850000000000004 0.4823333333333334 0.48716666666666647 0.13999999999999999 0.11116666666666668 0.6634999999999998 0.811166666666667 0.5718333333333334 0.6190000000000001 0.7190000000000002 0.7491666666666665 0.30916666666666665 0.44249999999999984 0.1371666666666666 0.22616666666666674 0.274 0.48 0.10216666666666666 0.14850000000000005 0.09916666666666668 0.14116666666666663 0.45549999999999996 0.2608333333333333 0.4056666666666666 0.14849999999999997 0.314 0.7143333333333333 0.12633333333333335 0.37449999999999994 0.1368333333333333 0.28866666666666674 0.15783333333333333 0.3981666666666666 0.10566666666666663 0.29766666666666675 0.07199999999999998 0.11216666666666666 0.35133333333333333 0.26166666666666666 0.5796666666666667 0.5731666666666666 0.6068333333333332 0.5605 0.6976666666666668 0.5066666666666666 0.12516666666666665 0.1795 0.3006666666666667 0.6178333333333333 0.23216666666666674 0.6053333333333334 0.43149999999999983 0.6245000000000002 0.11283333333333331 0.311 0.6388333333333334 0.5668333333333334 0.10866666666666663 0.6195 
0.6821666666666666 0.16833333333333328 0.2681666666666666 0.4078333333333333 0.19466666666666663 0.020500000000000004 0.5748333333333335 0.43066666666666653 0.3778333333333333 0.15616666666666668 0.9324999999999997 0.13500000000000004 1.0 0.23099999999999998 0.8118333333333332 0.024666666666666674 0.7006666666666667 0.2741666666666666 0.24999999999999997 0.23599999999999993 0.09016666666666669 0.06849999999999999 0.2243333333333333 0.12650000000000003 0.014833333333333332 0.0055 0.017833333333333336 0.017666666666666667 0.542 0.34416666666666657 0.0745 0.12866666666666668 0.4305 0.45833333333333337 0.18499999999999997 0.2503333333333333 0.16616666666666668 0.031166666666666672 0.036166666666666666 0.007833333333333336 0.20550000000000002 0.024500000000000008 0.12583333333333335 0.10766666666666666 0.020000000000000004 0.262 0.40733333333333327 0.30016666666666675 0.5655000000000002 0.44150000000000006 0.7555 0.1221666666666667 0.24700000000000003 0.3345 0.017833333333333336 0.10466666666666669 0.6336666666666665 0.15516666666666665 0.9014999999999996 0.5238333333333335 0.9408333333333333 0.7028333333333333 0.9308333333333333 0.5678333333333334 0.9061666666666669 0.6768333333333334 0.38699999999999996 0.5641666666666667 0.2096666666666667 0.242 0.36099999999999993 0.34266666666666673 0.32366666666666677 0.3423333333333335 0.23383333333333328 0.2558333333333334 0.10916666666666665 0.04299999999999999 0.3265 0.30033333333333334 0.8205000000000001 0.2803333333333333 0.6331666666666668 0.10916666666666668 0.8963333333333332 0.2583333333333334 0.10149999999999998 0.004 0.8626666666666667 0.04166666666666666 
0.3578333333333334 0.6118333333333333 0.15099999999999997 0.20699999999999996 0.03533333333333333 0.12233333333333335 0.12533333333333338 0.42950000000000005 0.07533333333333332 0.34766666666666657 0.2076666666666667 0.657 0.23099999999999998 1.0 0.19649999999999995 0.35516666666666674 0.3278333333333333 0.6895000000000002 0.23316666666666666 0.22016666666666676 0.5448333333333334 0.20433333333333334 0.05649999999999999 0.11366666666666665 0.11183333333333335 0.11366666666666667 0.11399999999999999 0.11333333333333334 0.46266666666666667 0.6383333333333334 0.1465 0.11383333333333333 0.5808333333333333 0.6318333333333332 0.21766666666666665 0.24850000000000005 0.4704999999999999 0.5883333333333334 0.38366666666666677 0.42133333333333334 0.5493333333333333 0.5428333333333334 0.11266666666666662 0.2688333333333333 0.23583333333333328 0.39916666666666656 0.14966666666666661 0.2835 0.15200000000000002 0.19600000000000006 0.17650000000000005 0.32416666666666666 0.21866666666666668 0.18566666666666662 0.24966666666666668 0.05833333333333332 0.35716666666666663 0.5625000000000001 0.24133333333333337 0.49833333333333324 0.24549999999999994 0.40749999999999986 0.2675000000000001 0.4846666666666667 0.19883333333333336 0.45533333333333326 0.16883333333333334 0.3251666666666667 0.20533333333333334 0.32766666666666666 0.491 0.4238333333333334 0.5048333333333332 0.5231666666666667 0.5058333333333332 0.3993333333333333 0.09516666666666664 0.07349999999999998 0.35766666666666663 0.7610000000000001 0.31599999999999995 0.6623333333333333 0.39066666666666655 0.5873333333333332 0.21899999999999994 0.4703333333333333 0.7678333333333331 0.3990000000000001 0.21933333333333327 0.6071666666666666 
0.5463333333333334 0.15416666666666662 0.35950000000000004 0.3391666666666667 0.33216666666666667 0.13433333333333336 0.6193333333333332 0.3388333333333333 0.5178333333333335 0.19949999999999998 0.8273333333333333 0.12983333333333333 0.8118333333333332 0.19649999999999995 1.0 0.08583333333333332 0.596 0.26599999999999996 0.3216666666666665 0.2723333333333333 0.08433333333333333 0.09016666666666667 0.31733333333333325 0.21649999999999994 0.12733333333333333 0.11299999999999998 0.13249999999999995 0.1315 0.4585000000000001 0.33216666666666655 0.17066666666666666 0.2155 0.3506666666666666 0.40666666666666657 0.23716666666666672 0.24716666666666665 0.15633333333333332 0.035666666666666666 0.021166666666666667 0.021333333333333336 0.18566666666666662 0.023333333333333334 0.2280000000000001 0.17666666666666664 0.1045 0.32566666666666677 0.4193333333333334 0.3256666666666666 0.6189999999999999 0.5186666666666667 0.7674999999999997 0.19383333333333333 0.27816666666666656 0.4013333333333333 0.0665 0.1996666666666666 0.5401666666666667 0.1561666666666667 0.7996666666666669 0.47416666666666657 0.8061666666666666 0.5811666666666668 0.7881666666666668 0.5038333333333334 0.8633333333333332 0.5673333333333331 0.398 0.4523333333333334 0.2915 0.26899999999999996 0.3326666666666667 0.2786666666666666 0.2566666666666666 0.2898333333333334 0.21233333333333326 0.1823333333333334 0.18600000000000003 0.14150000000000001 0.3671666666666668 0.2833333333333334 0.6926666666666667 0.2673333333333334 0.5949999999999999 0.1215 0.8138333333333334 0.16516666666666666 0.1101666666666667 0.021333333333333333 0.7428333333333333 0.033833333333333326 
0.08883333333333333 0.19166666666666668 0.5578333333333333 0.4505000000000001 0.49750000000000005 0.6629999999999999 0.33983333333333343 0.3778333333333333 0.4661666666666665 0.6841666666666666 0.02533333333333334 0.24466666666666662 0.024666666666666674 0.35516666666666674 0.08583333333333332 1.0 0.0225 0.2918333333333333 0.3318333333333333 0.406 0.2691666666666668 0.5101666666666667 0.4736666666666665 0.5461666666666667 0.6611666666666669 0.6763333333333335 0.6576666666666666 0.6548333333333334 0.06716666666666664 0.17466666666666672 0.5930000000000001 0.5446666666666666 0.1501666666666667 0.19816666666666666 0.5745 0.5711666666666668 0.21899999999999994 0.36650000000000005 0.5336666666666665 0.5158333333333335 0.1338333333333333 0.4236666666666668 0.4523333333333332 0.3976666666666667 0.7546666666666666 0.5073333333333332 0.21566666666666667 0.14016666666666666 0.26850000000000007 0.3453333333333333 0.10066666666666667 0.6351666666666665 0.2754999999999999 0.3558333333333333 0.4421666666666666 0.5898333333333334 0.019333333333333334 0.25316666666666665 0.030833333333333334 0.26483333333333325 0.023000000000000007 0.1446666666666667 0.024333333333333335 0.22199999999999992 0.034999999999999996 0.17883333333333332 0.4649999999999999 0.2981666666666666 0.4181666666666668 0.5003333333333333 0.08416666666666668 0.07100000000000001 0.06016666666666666 0.10200000000000001 0.10800000000000004 0.25000000000000006 0.6768333333333334 0.6435 0.25816666666666666 0.2800000000000001 0.04116666666666668 0.26249999999999996 0.05783333333333331 0.41633333333333333 0.037500000000000006 0.3789999999999999 0.45283333333333325 0.5036666666666666 0.03933333333333334 0.40633333333333327 
0.7313333333333333 0.32799999999999996 0.18599999999999994 0.3183333333333333 0.18366666666666667 0.023666666666666666 0.4631666666666668 0.32799999999999996 0.34633333333333327 0.0855 0.6846666666666665 0.22616666666666674 0.7006666666666667 0.3278333333333333 0.596 0.0225 1.0 0.3990000000000001 0.26966666666666667 0.22933333333333336 0.2658333333333333 0.07400000000000001 0.15950000000000003 0.08399999999999999 0.022333333333333337 0.02083333333333334 0.02216666666666667 0.022000000000000006 0.7476666666666667 0.5035 0.03883333333333333 0.08683333333333333 0.597 0.46883333333333327 0.12883333333333333 0.1943333333333333 0.30733333333333324 0.1758333333333333 0.11783333333333335 0.12666666666666662 0.3825 0.15833333333333333 0.10966666666666663 0.14066666666666663 0.025666666666666667 0.15266666666666664 0.46816666666666684 0.3071666666666668 0.41050000000000003 0.3175 0.57 0.08766666666666666 0.23799999999999996 0.2668333333333333 0.16583333333333333 0.14666666666666667 0.8606666666666668 0.30766666666666664 0.7011666666666667 0.3626666666666666 0.7248333333333333 0.5710000000000001 0.7283333333333333 0.43050000000000005 0.6811666666666669 0.5175 0.3116666666666667 0.36283333333333334 0.20466666666666672 0.23250000000000004 0.5786666666666666 0.5565000000000001 0.5459999999999998 0.5621666666666666 0.44650000000000006 0.414 0.13033333333333336 0.0635 0.49333333333333335 0.4196666666666667 0.7491666666666665 0.40050000000000013 0.6558333333333333 0.244 0.6925 0.3608333333333333 0.21533333333333332 0.1283333333333333 0.618 0.16450000000000004 
0.45066666666666655 0.7361666666666667 0.034 0.03766666666666667 0.013833333333333338 0.09983333333333336 0.13983333333333337 0.20616666666666664 0.14366666666666664 0.23766666666666672 0.24833333333333335 0.6706666666666666 0.2741666666666666 0.6895000000000002 0.26599999999999996 0.2918333333333333 0.3990000000000001 1.0 0.2106666666666667 0.16449999999999998 0.6483333333333334 0.2325 0.016666666666666666 0.05816666666666664 0.1005 0.10216666666666667 0.1005 0.10033333333333334 0.5521666666666666 0.7768333333333334 0.10566666666666669 0.06349999999999997 0.6566666666666667 0.5711666666666666 0.07983333333333331 0.081 0.5903333333333335 0.6216666666666667 0.4476666666666666 0.4788333333333334 0.6681666666666664 0.6228333333333333 0.1345 0.26916666666666667 0.12333333333333331 0.2811666666666667 0.11316666666666668 0.3188333333333333 0.272 0.33666666666666667 0.24433333333333335 0.19683333333333328 0.3081666666666666 0.3363333333333333 0.3143333333333334 0.1213333333333333 0.4621666666666668 0.7436666666666665 0.2608333333333333 0.5193333333333334 0.27349999999999997 0.4556666666666665 0.2933333333333334 0.5980000000000001 0.24400000000000002 0.42883333333333334 0.051333333333333335 0.11316666666666667 0.1595 0.17850000000000005 0.6215000000000002 0.5049999999999999 0.5009999999999999 0.6048333333333334 0.5913333333333335 0.3375000000000001 0.1801666666666667 0.10316666666666664 0.5431666666666666 0.692666666666667 0.35966666666666675 0.8321666666666667 0.5298333333333333 0.6668333333333334 0.24333333333333335 0.28466666666666657 0.7198333333333332 0.4395 0.2503333333333333 0.5448333333333333 
0.33933333333333343 0.4241666666666667 0.4406666666666667 0.40399999999999997 0.5571666666666666 0.44816666666666655 0.4376666666666666 0.11899999999999998 0.4413333333333334 0.13533333333333336 0.25316666666666665 0.39216666666666655 0.24999999999999997 0.23316666666666666 0.3216666666666665 0.3318333333333333 0.26966666666666667 0.2106666666666667 1.0 0.8630000000000001 0.34183333333333343 0.2871666666666667 0.498 0.4631666666666666 0.45483333333333326 0.43716666666666676 0.4581666666666667 0.4571666666666666 0.4593333333333332 0.3851666666666668 0.4838333333333334 0.46533333333333304 0.40166666666666656 0.37466666666666654 0.4188333333333333 0.36450000000000005 0.45016666666666666 0.35783333333333345 0.3586666666666666 0.26916666666666667 0.44300000000000006 0.29783333333333334 0.4023333333333335 0.25516666666666665 0.29433333333333334 0.07900000000000001 0.6946666666666665 0.45150000000000007 0.11000000000000004 0.08866666666666667 0.21400000000000002 0.128 0.259 0.14733333333333337 0.2605 0.4203333333333332 0.2876666666666667 0.32033333333333336 0.18549999999999997 0.18 0.22266666666666665 0.30450000000000005 0.22366666666666668 0.2575 0.24833333333333332 0.2645 0.42950000000000005 0.10983333333333337 0.8806666666666666 0.7296666666666668 0.4856666666666667 0.48316666666666674 0.5928333333333334 0.49600000000000016 0.5558333333333334 0.6603333333333335 0.3153333333333333 0.39983333333333326 0.11966666666666663 0.2958333333333334 0.31733333333333325 0.27783333333333327 0.27866666666666673 0.207 0.21083333333333326 0.12916666666666668 0.15000000000000002 0.2653333333333334 0.1536666666666667 0.22249999999999998 
0.2918333333333334 0.3604999999999999 0.5083333333333332 0.5239999999999999 0.6253333333333335 0.518 0.4965 0.20566666666666664 0.48433333333333345 0.18616666666666667 0.2359999999999999 0.3605 0.23599999999999993 0.22016666666666676 0.2723333333333333 0.406 0.22933333333333336 0.16449999999999998 0.8630000000000001 1.0 0.27199999999999996 0.3105 0.5663333333333336 0.5305000000000001 0.5245000000000001 0.5068333333333332 0.5263333333333333 0.5253333333333335 0.41333333333333333 0.33449999999999996 0.5503333333333335 0.5325000000000002 0.3481666666666666 0.36283333333333334 0.48999999999999994 0.47483333333333344 0.37366666666666676 0.4161666666666665 0.4513333333333334 0.3320000000000001 0.37066666666666653 0.3534999999999999 0.38133333333333325 0.2016666666666666 0.35233333333333333 0.038 0.6438333333333334 0.3596666666666667 0.05616666666666666 0.03783333333333334 0.1891666666666667 0.16766666666666666 0.2181666666666667 0.0755 0.3338333333333333 0.4899999999999999 0.23683333333333337 0.2633333333333333 0.18033333333333332 0.15766666666666665 0.21366666666666667 0.2956666666666666 0.21483333333333335 0.22800000000000004 0.22866666666666668 0.25699999999999995 0.5351666666666667 0.18433333333333335 0.9476666666666668 0.8480000000000003 0.40983333333333327 0.4206666666666666 0.5318333333333334 0.4341666666666667 0.4711666666666667 0.7450000000000004 0.39616666666666667 0.47533333333333344 0.05516666666666668 0.27983333333333343 0.30266666666666664 0.23650000000000002 0.2383333333333333 0.16016666666666662 0.19383333333333333 0.24666666666666667 0.16 0.33716666666666656 0.14116666666666672 0.2768333333333333 
0.3061666666666667 0.7434999999999998 0.06616666666666669 0.0958333333333333 0.1511666666666667 0.34083333333333343 0.010500000000000002 0.21316666666666673 0.011833333333333336 0.2643333333333333 0.06450000000000002 0.7508333333333335 0.09016666666666669 0.5448333333333334 0.08433333333333333 0.2691666666666668 0.2658333333333333 0.6483333333333334 0.34183333333333343 0.27199999999999996 1.0 0.504 0.18066666666666667 0.2686666666666667 0.354 0.3508333333333333 0.3518333333333334 0.3525 0.4068333333333334 0.5588333333333333 0.2843333333333333 0.27816666666666673 0.4730000000000002 0.3848333333333332 0.18083333333333335 0.1505 0.7398333333333333 0.7741666666666667 0.6890000000000001 0.6710000000000003 0.6946666666666667 0.7636666666666667 0.3479999999999999 0.5243333333333334 0.24733333333333335 0.30200000000000005 0.2645 0.42249999999999993 0.1393333333333333 0.22283333333333327 0.07400000000000001 0.25266666666666665 0.45516666666666666 0.32933333333333337 0.5231666666666667 0.21249999999999997 0.34550000000000003 0.7794999999999999 0.08233333333333334 0.3413333333333333 0.08833333333333333 0.21066666666666667 0.10850000000000003 0.34266666666666656 0.06216666666666667 0.23083333333333333 0.09216666666666669 0.12633333333333333 0.2651666666666667 0.17183333333333334 0.5803333333333334 0.5815 0.6101666666666666 0.5591666666666665 0.6998333333333332 0.4468333333333334 0.2164999999999999 0.26533333333333325 0.4291666666666668 0.5658333333333334 0.15983333333333336 0.5785 0.38666666666666655 0.7424999999999998 0.07033333333333334 0.37133333333333324 0.6338333333333332 0.6941666666666667 0.08166666666666667 0.6641666666666666 
0.06016666666666664 0.30283333333333323 0.27949999999999997 0.23749999999999993 0.47016666666666657 0.6713333333333334 0.12766666666666662 0.27516666666666667 0.3029999999999998 0.6108333333333331 0.06783333333333333 0.41716666666666663 0.06849999999999999 0.20433333333333334 0.09016666666666667 0.5101666666666667 0.07400000000000001 0.2325 0.2871666666666667 0.3105 0.504 1.0 0.3918333333333333 0.4805 0.6918333333333334 0.6995 0.6848333333333333 0.6861666666666665 0.05783333333333332 0.1313333333333333 0.5514999999999999 0.48749999999999993 0.07016666666666665 0.06283333333333332 0.3268333333333334 0.299 0.41266666666666657 0.5016666666666666 0.6421666666666668 0.6839999999999999 0.24333333333333332 0.5396666666666667 0.6151666666666666 0.7275000000000001 0.6081666666666667 0.5444999999999998 0.23349999999999999 0.2895000000000001 0.3693333333333333 0.4603333333333333 0.19233333333333338 0.5781666666666666 0.6696666666666666 0.542 0.6698333333333334 0.5801666666666666 0.07899999999999999 0.3845 0.07616666666666667 0.17466666666666672 0.06666666666666665 0.07716666666666666 0.066 0.14750000000000005 0.07050000000000001 0.08866666666666667 0.24100000000000002 0.2078333333333334 0.31283333333333324 0.20450000000000002 0.15966666666666665 0.2181666666666667 0.19583333333333341 0.13783333333333336 0.25766666666666665 0.2615 0.5853333333333333 0.6281666666666667 0.373 0.1776666666666666 0.06583333333333331 0.16483333333333325 0.10650000000000003 0.48383333333333334 0.08000000000000002 0.3005 0.30933333333333335 0.7076666666666668 0.07450000000000002 0.40950000000000003 
0.0885 0.1266666666666667 0.8253333333333334 0.6956666666666667 0.7600000000000001 0.7015 0.6071666666666665 0.3479999999999999 0.5973333333333336 0.30750000000000005 0.2535000000000001 0.16583333333333336 0.2243333333333333 0.05649999999999999 0.31733333333333325 0.4736666666666665 0.15950000000000003 0.016666666666666666 0.498 0.5663333333333336 0.18066666666666667 0.3918333333333333 1.0 0.8728333333333333 0.6913333333333334 0.6801666666666667 0.6960000000000004 0.6975000000000001 0.04400000000000001 0.02966666666666666 0.7836666666666667 0.8656666666666668 0.031833333333333345 0.03433333333333334 0.724333333333333 0.6503333333333333 0.13016666666666665 0.25000000000000006 0.4015000000000001 0.32416666666666666 0.11766666666666666 0.2591666666666666 0.5056666666666666 0.3435 0.5411666666666665 0.2041666666666666 0.5333333333333333 0.4128333333333332 0.2255000000000001 0.15983333333333336 0.24266666666666656 0.3355 0.21033333333333337 0.18 0.43866666666666654 0.5651666666666666 0.15516666666666667 0.10849999999999994 0.21633333333333338 0.05533333333333333 0.21066666666666667 0.056499999999999995 0.19683333333333328 0.03516666666666666 0.275 0.08533333333333332 0.7221666666666665 0.38133333333333325 0.5958333333333334 0.48950000000000005 0.06516666666666666 0.16433333333333333 0.1421666666666667 0.0745 0.13350000000000006 0.3471666666666667 0.5089999999999998 0.6096666666666668 0.10466666666666667 0.05600000000000001 0.1075 0.014333333333333339 0.13233333333333333 0.0965 0.24666666666666665 0.42650000000000005 0.08899999999999998 0.3485000000000001 0.28366666666666673 0.26600000000000007 
0.02849999999999999 0.1345 0.7306666666666665 0.6058333333333333 0.6596666666666667 0.7881666666666667 0.5044999999999998 0.4351666666666667 0.4993333333333333 0.39183333333333326 0.15933333333333333 0.21766666666666665 0.12650000000000003 0.11366666666666665 0.21649999999999994 0.5461666666666667 0.08399999999999999 0.05816666666666664 0.4631666666666666 0.5305000000000001 0.2686666666666667 0.4805 0.8728333333333333 1.0 0.7796666666666667 0.7675 0.7846666666666665 0.782 0.004833333333333333 0.004666666666666667 0.8664999999999999 0.9651666666666672 0.008666666666666666 0.011833333333333333 0.8175 0.7439999999999999 0.128 0.3176666666666666 0.48816666666666664 0.3978333333333333 0.11466666666666671 0.3308333333333332 0.5349999999999999 0.4318333333333333 0.6296666666666667 0.2923333333333332 0.48283333333333345 0.4098333333333333 0.15099999999999997 0.20383333333333337 0.13983333333333337 0.42016666666666663 0.20400000000000001 0.23616666666666666 0.4946666666666665 0.5781666666666666 0.08366666666666667 0.13549999999999995 0.11249999999999995 0.04383333333333331 0.11116666666666669 0.02633333333333333 0.09683333333333334 0.014666666666666668 0.1706666666666666 0.032833333333333325 0.6521666666666666 0.418 0.5593333333333333 0.45133333333333325 0.026333333333333337 0.12816666666666668 0.10566666666666671 0.042333333333333334 0.10283333333333337 0.3153333333333333 0.5554999999999999 0.6530000000000001 0.12333333333333332 0.0955 0.05749999999999997 0.009500000000000001 0.03416666666666667 0.18466666666666676 0.1448333333333333 0.5266666666666666 0.15783333333333333 0.43600000000000017 0.2081666666666667 0.3678333333333333 
