1.0 0.9951666666666668 0.0 0.006500000000000001 0.0 0.2341666666666667 0.0 0.0033333333333333335 0.0 0.001 0.4926666666666666 0.9553333333333335 0.33666666666666667 0.49000000000000016 0.006999999999999999 0.42466666666666664 0.9735000000000004 0.9665000000000002 0.7423333333333331 0.9225000000000001 0.5706666666666667 0.6578333333333333 0.0 0.0 0.0 0.028833333333333343 0.018833333333333334 0.1806666666666667 0.8753333333333333 0.9448333333333336 0.057666666666666665 0.07383333333333335 0.9960000000000002 0.9830000000000002 0.0 0.0 0.24866666666666667 0.4724999999999999 0.29033333333333333 0.4785000000000001 0.4123333333333335 0.3639999999999998 0.00016666666666666666 0.0 0.0 0.0 0.00016666666666666666 0.00016666666666666666 0.0 0.0 0.001 0.0018333333333333335 0.07783333333333337 0.06483333333333334 0.0036666666666666666 0.0011666666666666668 0.9965000000000002 0.9961666666666668 0.5168333333333335 0.9445000000000001 0.8109999999999999 0.9830000000000004 0.9896666666666668 0.9890000000000002 0.0 0.0023333333333333335 0.12366666666666669 0.017 0.9231666666666665 0.5130000000000001 0.32849999999999996 0.0265 0.08150000000000002 0.3886666666666667 0.3236666666666666 0.27833333333333327 0.1706666666666667 0.395 0.5453333333333333 0.3561666666666666 0.9348333333333332 0.948 0.5333333333333333 0.8648333333333332 0.5991666666666667 0.5373333333333334 0.5106666666666668 0.9086666666666668 0.0013333333333333333 0.3103333333333332 
0.9951666666666668 1.0 0.0 0.006333333333333333 0.0 0.23433333333333334 0.00016666666666666666 0.0034999999999999996 0.0 0.001 0.49266666666666664 0.9555 0.33666666666666667 0.4908333333333333 0.006999999999999999 0.42583333333333334 0.9733333333333336 0.9670000000000001 0.7403333333333332 0.9213333333333334 0.5716666666666667 0.6583333333333331 0.00016666666666666666 0.00016666666666666666 0.0 0.028833333333333343 0.018833333333333334 0.18033333333333335 0.8759999999999999 0.9453333333333337 0.057666666666666665 0.07383333333333335 0.9961666666666669 0.983166666666667 0.0 0.0 0.24966666666666668 0.4728333333333332 0.2911666666666667 0.4785000000000001 0.41333333333333355 0.3634999999999999 0.0 0.0 0.0 0.0 0.0 0.0 0.0 0.0 0.001 0.002 0.07633333333333335 0.06416666666666666 0.0036666666666666666 0.0015 0.9953333333333334 0.9953333333333334 0.5166666666666666 0.9453333333333335 0.8104999999999998 0.9825000000000003 0.9901666666666668 0.9895000000000002 0.0 0.0023333333333333335 0.12400000000000003 0.017333333333333333 0.9211666666666666 0.5125000000000001 0.32916666666666655 0.026500000000000003 0.08116666666666669 0.38983333333333337 0.32366666666666655 0.2778333333333333 0.1703333333333334 0.395 0.5461666666666667 0.3568333333333333 0.9356666666666666 0.948166666666667 0.5341666666666666 0.8656666666666666 0.5993333333333335 0.5368333333333334 0.5118333333333334 0.9098333333333335 0.0013333333333333333 0.3103333333333332 
0.0 0.0 1.0 0.9256666666666663 0.591 0.3199999999999999 0.9456666666666667 0.9226666666666666 0.6023333333333334 0.5391666666666668 0.4771666666666667 0.0085 0.6181666666666668 0.39549999999999996 0.7715 0.4195 0.0005 0.0 0.22733333333333328 0.003 0.30899999999999994 0.26366666666666666 0.9651666666666668 0.9766666666666671 0.9425000000000003 0.934166666666667 0.9278333333333335 0.7376666666666668 0.0011666666666666668 0.0003333333333333333 0.8991666666666666 0.882166666666667 0.0 0.0005 0.8593333333333336 0.8384999999999999 0.322 0.004 0.3353333333333333 0.02900000000000001 0.31816666666666665 0.13266666666666663 0.3901666666666668 0.40166666666666656 0.4091666666666666 0.40800000000000003 0.38866666666666666 0.40016666666666656 0.33633333333333326 0.3654999999999999 0.3679999999999999 0.36166666666666686 0.32883333333333326 0.4181666666666667 0.3371666666666666 0.3266666666666667 0.0 0.0 0.001 0.00016666666666666666 0.1386666666666667 0.0 0.0 0.0 0.9265000000000001 0.8968333333333333 0.2699999999999999 0.31983333333333336 0.0006666666666666666 0.0016666666666666666 0.3625 0.39799999999999996 0.785 0.3295 0.5573333333333336 0.37216666666666653 0.45849999999999985 0.3214999999999999 0.17983333333333337 0.023333333333333334 0.0 0.0003333333333333333 0.1635 0.076 0.33716666666666667 0.09283333333333334 0.4191666666666667 0.05633333333333332 0.43583333333333335 0.2763333333333333 
0.006500000000000001 0.006333333333333333 0.9256666666666663 1.0 0.5556666666666665 0.25816666666666666 0.9535000000000002 0.9560000000000004 0.5671666666666667 0.5033333333333332 0.49816666666666654 0.022333333333333334 0.6243333333333332 0.4423333333333334 0.7349999999999999 0.4366666666666666 0.006666666666666666 0.006 0.2331666666666666 0.008833333333333334 0.3711666666666666 0.32083333333333336 0.9535000000000003 0.941166666666667 0.8955000000000003 0.8708333333333335 0.8711666666666668 0.6726666666666666 0.007166666666666667 0.010333333333333335 0.8979999999999997 0.8191666666666666 0.006 0.006499999999999999 0.8220000000000002 0.7998333333333331 0.38750000000000007 0.010166666666666666 0.40049999999999986 0.06983333333333337 0.3818333333333333 0.07316666666666666 0.35100000000000003 0.3621666666666667 0.36983333333333335 0.36916666666666664 0.3496666666666667 0.36133333333333334 0.2966666666666667 0.3263333333333333 0.32799999999999996 0.32333333333333336 0.28966666666666674 0.3795 0.2971666666666666 0.2885 0.006500000000000001 0.006333333333333333 0.007833333333333333 0.006666666666666667 0.14600000000000002 0.006500000000000001 0.005666666666666666 0.006 0.9068333333333329 0.8916666666666668 0.23699999999999993 0.2820000000000001 0.006833333333333334 0.007833333333333336 0.42633333333333356 0.4524999999999999 0.736 0.2938333333333333 0.5025000000000002 0.33599999999999997 0.5245 0.38433333333333336 0.17183333333333337 0.006833333333333334 0.006 0.006666666666666666 0.1063333333333333 0.08416666666666667 0.34333333333333327 0.04116666666666667 0.3591666666666667 0.06516666666666665 0.39583333333333337 0.23649999999999996 
0.0 0.0 0.591 0.5556666666666665 1.0 0.39150000000000007 0.5741666666666667 0.5585 0.9375 0.9210000000000004 0.22450000000000006 0.0021666666666666666 0.44049999999999995 0.26816666666666666 0.8001666666666665 0.39750000000000013 0.0005 0.0 0.07333333333333333 0.008833333333333335 0.24500000000000008 0.15466666666666665 0.573 0.5823333333333333 0.640333333333333 0.5505000000000001 0.6236666666666665 0.5210000000000001 0.046833333333333324 0.0 0.5573333333333333 0.5516666666666669 0.0 0.0016666666666666666 0.7268333333333333 0.7403333333333332 0.4288333333333334 0.2325000000000001 0.392 0.20683333333333334 0.3253333333333335 0.30716666666666675 0.765 0.7750000000000001 0.7738333333333332 0.7698333333333331 0.7666666666666667 0.7748333333333335 0.7061666666666666 0.7288333333333334 0.7301666666666665 0.7213333333333334 0.6823333333333335 0.6569999999999999 0.7226666666666666 0.6991666666666666 0.0 0.0 0.22083333333333333 0.0071666666666666675 0.09383333333333331 0.0 0.0 0.0 0.6391666666666667 0.626 0.6416666666666666 0.7154999999999998 0.008666666666666668 0.20883333333333332 0.3635000000000001 0.5228333333333334 0.6199999999999999 0.49516666666666664 0.4453333333333333 0.5401666666666668 0.5233333333333333 0.34016666666666656 0.30783333333333324 0.35083333333333333 0.006500000000000001 0.004333333333333333 0.19883333333333333 0.07949999999999999 0.2865 0.17149999999999999 0.24316666666666664 0.05649999999999999 0.7918333333333331 0.31233333333333335 
0.2341666666666667 0.23433333333333334 0.3199999999999999 0.25816666666666666 0.39150000000000007 1.0 0.2861666666666666 0.26716666666666666 0.37116666666666664 0.4265 0.3306666666666666 0.2383333333333333 0.08399999999999999 0.12783333333333333 0.25816666666666666 0.11916666666666664 0.23550000000000001 0.2346666666666667 0.2721666666666667 0.24349999999999997 0.06933333333333333 0.3613333333333334 0.29549999999999993 0.30749999999999994 0.29399999999999993 0.3621666666666667 0.30216666666666664 0.3114999999999999 0.29616666666666663 0.2346666666666667 0.28166666666666657 0.3455 0.2341666666666667 0.23683333333333337 0.21733333333333327 0.22366666666666662 0.3360000000000001 0.6333333333333332 0.2388333333333333 0.5881666666666667 0.17533333333333334 0.7654999999999998 0.5608333333333334 0.5724999999999999 0.5838333333333332 0.5866666666666664 0.5603333333333333 0.5693333333333332 0.5513333333333333 0.5756666666666668 0.5666666666666668 0.5666666666666665 0.5081666666666669 0.4701666666666667 0.5324999999999999 0.535 0.23433333333333334 0.234 0.6063333333333332 0.24083333333333332 0.2433333333333333 0.23566666666666666 0.2341666666666667 0.2345 0.27199999999999996 0.25516666666666665 0.606 0.5436666666666665 0.24416666666666664 0.5768333333333332 0.21383333333333343 0.5541666666666666 0.2731666666666666 0.1723333333333333 0.19833333333333333 0.1345 0.2858333333333332 0.19899999999999998 0.21966666666666665 0.6471666666666667 0.25666666666666665 0.2305 0.6663333333333334 0.18766666666666665 0.06766666666666668 0.48783333333333334 0.44449999999999995 0.21033333333333332 0.4986666666666668 0.5341666666666667 
0.0 0.00016666666666666666 0.9456666666666667 0.9535000000000002 0.5741666666666667 0.2861666666666666 1.0 0.9646666666666667 0.5866666666666667 0.5219999999999999 0.4913333333333334 0.015499999999999998 0.6293333333333333 0.4213333333333334 0.7533333333333332 0.4175000000000001 0.0005 0.0 0.22483333333333327 0.0026666666666666666 0.33866666666666667 0.2904999999999999 0.9728333333333335 0.9605000000000004 0.9135000000000001 0.8893333333333334 0.9016666666666666 0.6946666666666669 0.0011666666666666668 0.0024999999999999996 0.9166666666666664 0.8423333333333334 0.0 0.00016666666666666666 0.83 0.8073333333333332 0.35266666666666674 0.006 0.36566666666666675 0.057333333333333326 0.3493333333333333 0.1043333333333333 0.3568333333333334 0.3681666666666667 0.37583333333333335 0.3746666666666666 0.3553333333333334 0.36716666666666664 0.3021666666666667 0.3321666666666668 0.3345 0.3288333333333333 0.29566666666666663 0.38649999999999984 0.309 0.2936666666666667 0.0 0.0 0.003833333333333333 0.0 0.14933333333333335 0.0 0.0 0.0 0.9170000000000003 0.9165000000000001 0.2576666666666666 0.303 0.0003333333333333333 0.0031666666666666666 0.3905000000000001 0.42500000000000016 0.7499999999999999 0.2968333333333333 0.5248333333333333 0.3394999999999998 0.49066666666666664 0.3543333333333332 0.1703333333333334 0.0125 0.0 0.0026666666666666666 0.13583333333333333 0.07833333333333332 0.3445 0.06033333333333334 0.3863333333333333 0.05649999999999999 0.42066666666666663 0.24416666666666656 
0.0033333333333333335 0.0034999999999999996 0.9226666666666666 0.9560000000000004 0.5585 0.26716666666666666 0.9646666666666667 1.0 0.576 0.5159999999999999 0.4996666666666666 0.021333333333333336 0.6358333333333333 0.42383333333333345 0.7391666666666667 0.4148333333333334 0.006666666666666666 0.003666666666666667 0.23049999999999998 0.005666666666666666 0.3436666666666666 0.2951666666666666 0.9508333333333334 0.9368333333333335 0.8925 0.8693333333333334 0.8796666666666664 0.6693333333333332 0.0045 0.007166666666666666 0.8985 0.8268333333333332 0.0033333333333333335 0.0034999999999999996 0.8138333333333333 0.7919999999999997 0.3560000000000001 0.0085 0.3673333333333332 0.06566666666666668 0.35283333333333333 0.088 0.3456666666666666 0.35316666666666663 0.357 0.3551666666666666 0.3440000000000001 0.3555 0.2861666666666666 0.31549999999999995 0.3176666666666667 0.31250000000000006 0.28466666666666657 0.3704999999999999 0.292 0.2773333333333333 0.0034999999999999996 0.0034999999999999996 0.004333333333333333 0.0034999999999999996 0.15483333333333335 0.004 0.003666666666666667 0.003833333333333333 0.8996666666666668 0.9193333333333332 0.24933333333333332 0.29450000000000004 0.0034999999999999996 0.005 0.39283333333333326 0.4216666666666667 0.7308333333333334 0.283 0.5078333333333334 0.32733333333333325 0.49066666666666664 0.35966666666666663 0.16666666666666669 0.011666666666666667 0.0031666666666666666 0.007499999999999999 0.1198333333333333 0.08249999999999998 0.34700000000000003 0.050499999999999996 0.3713333333333334 0.06049999999999998 0.4096666666666667 0.24216666666666659 
0.0 0.0 0.6023333333333334 0.5671666666666667 0.9375 0.37116666666666664 0.5866666666666667 0.576 1.0 0.9151666666666667 0.24783333333333332 0.0034999999999999996 0.46399999999999997 0.26749999999999996 0.8121666666666667 0.39733333333333326 0.0023333333333333335 0.0 0.08483333333333334 0.0075000000000000015 0.24400000000000005 0.14250000000000002 0.5851666666666667 0.5943333333333336 0.6518333333333333 0.5621666666666667 0.6341666666666665 0.5203333333333332 0.045 0.0 0.568 0.5681666666666666 0.0 0.0013333333333333333 0.7386666666666666 0.7508333333333335 0.4073333333333332 0.21816666666666673 0.3806666666666667 0.1936666666666667 0.3108333333333334 0.29316666666666663 0.7543333333333334 0.7600000000000001 0.7508333333333335 0.7465 0.7560000000000001 0.7615000000000001 0.6898333333333335 0.7063333333333334 0.7075 0.6963333333333334 0.6598333333333335 0.6306666666666666 0.7051666666666669 0.6821666666666667 0.0 0.0 0.20816666666666667 0.006 0.11066666666666664 0.0 0.0 0.0 0.6516666666666666 0.643 0.6223333333333334 0.6978333333333332 0.008000000000000002 0.20083333333333336 0.35283333333333344 0.5098333333333334 0.6185 0.4915000000000001 0.4475 0.5455000000000001 0.514 0.34566666666666657 0.3066666666666666 0.33899999999999997 0.006 0.004333333333333333 0.18266666666666664 0.08016666666666668 0.2935 0.17633333333333337 0.25866666666666666 0.05716666666666665 0.78 0.3248333333333334 
0.001 0.001 0.5391666666666668 0.5033333333333332 0.9210000000000004 0.4265 0.5219999999999999 0.5159999999999999 0.9151666666666667 1.0 0.193 0.0071666666666666675 0.4108333333333334 0.2716666666666667 0.7473333333333332 0.4023333333333335 0.005833333333333334 0.0026666666666666666 0.04966666666666665 0.009333333333333336 0.24416666666666673 0.1383333333333333 0.5215 0.5301666666666667 0.5888333333333333 0.4990000000000002 0.5743333333333335 0.4911666666666667 0.05533333333333329 0.0030000000000000005 0.5065 0.5131666666666668 0.0008333333333333333 0.002 0.6746666666666669 0.6853333333333335 0.4626666666666665 0.27849999999999997 0.4059999999999999 0.25049999999999994 0.3365000000000001 0.3496666666666666 0.8123333333333334 0.8116666666666668 0.8038333333333334 0.7974999999999999 0.8140000000000001 0.8181666666666668 0.7453333333333333 0.7608333333333333 0.7638333333333336 0.7536666666666666 0.7191666666666668 0.6771666666666668 0.7579999999999997 0.7378333333333335 0.0008333333333333333 0.001 0.25716666666666665 0.007333333333333333 0.07733333333333334 0.0026666666666666666 0.0026666666666666666 0.0026666666666666666 0.5878333333333333 0.585 0.6721666666666667 0.7491666666666664 0.009166666666666668 0.24199999999999997 0.3713333333333334 0.5619999999999999 0.5843333333333334 0.48533333333333323 0.45083333333333336 0.5466666666666667 0.5289999999999999 0.3434999999999999 0.31266666666666665 0.39416666666666667 0.01433333333333334 0.006666666666666666 0.22766666666666674 0.08166666666666667 0.2801666666666666 0.18366666666666664 0.22383333333333333 0.05816666666666664 0.7850000000000003 0.30316666666666664 
0.4926666666666666 0.49266666666666664 0.4771666666666667 0.49816666666666654 0.22450000000000006 0.3306666666666666 0.4913333333333334 0.4996666666666666 0.24783333333333332 0.193 1.0 0.4883333333333333 0.6080000000000001 0.22550000000000003 0.40233333333333327 0.2045 0.47766666666666674 0.46649999999999997 0.6433333333333333 0.48833333333333345 0.16316666666666663 0.32783333333333337 0.4906666666666667 0.4843333333333333 0.4674999999999999 0.5009999999999999 0.44933333333333325 0.2793333333333333 0.43533333333333346 0.45116666666666655 0.4921666666666667 0.5271666666666667 0.4931666666666667 0.49166666666666664 0.42999999999999994 0.4073333333333332 0.11266666666666669 0.3706666666666667 0.08916666666666667 0.37333333333333335 0.14733333333333332 0.3901666666666668 0.04583333333333332 0.046666666666666655 0.04933333333333333 0.04799999999999999 0.04633333333333333 0.051999999999999984 0.028833333333333343 0.04183333333333333 0.04449999999999999 0.04 0.11250000000000006 0.1413333333333333 0.01633333333333333 0.022333333333333337 0.4918333333333332 0.49249999999999994 0.42866666666666675 0.4806666666666666 0.5833333333333335 0.49333333333333323 0.4903333333333333 0.48899999999999993 0.48033333333333333 0.48749999999999993 0.14300000000000004 0.03016666666666667 0.4845000000000001 0.4191666666666666 0.10216666666666667 0.07400000000000001 0.33149999999999996 0.06883333333333332 0.2721666666666667 0.09899999999999999 0.16450000000000004 0.10766666666666667 0.20483333333333323 0.30416666666666664 0.4581666666666666 0.44733333333333336 0.4508333333333332 0.3636666666666667 0.3190000000000001 0.38116666666666665 0.6443333333333334 0.4068333333333333 0.07716666666666666 0.40399999999999997 
0.9553333333333335 0.9555 0.0085 0.022333333333333334 0.0021666666666666666 0.2383333333333333 0.015499999999999998 0.021333333333333336 0.0034999999999999996 0.0071666666666666675 0.4883333333333333 1.0 0.3175 0.5281666666666667 0.011333333333333336 0.45899999999999996 0.9748333333333333 0.9706666666666667 0.7005 0.8795000000000001 0.5998333333333332 0.6656666666666667 0.015000000000000003 0.012 0.007166666666666667 0.03683333333333334 0.025666666666666667 0.18133333333333332 0.8836666666666665 0.9568333333333334 0.07383333333333332 0.08533333333333333 0.955 0.9403333333333334 0.004333333333333333 0.003 0.2803333333333334 0.4791666666666666 0.31683333333333336 0.5026666666666668 0.4445 0.3604999999999999 0.004333333333333333 0.0021666666666666666 0.0011666666666666668 0.0006666666666666666 0.0045000000000000005 0.004166666666666667 0.006666666666666667 0.004833333333333333 0.0051666666666666675 0.005333333333333333 0.062 0.043500000000000004 0.0055000000000000005 0.010166666666666666 0.9561666666666668 0.9564999999999999 0.4818333333333333 0.9041666666666669 0.7700000000000001 0.9481666666666668 0.9598333333333332 0.9618333333333332 0.011333333333333332 0.018333333333333337 0.12266666666666667 0.01816666666666667 0.8793333333333334 0.4795 0.3523333333333333 0.04533333333333335 0.08650000000000002 0.39866666666666684 0.3561666666666666 0.29366666666666663 0.18533333333333338 0.4074999999999999 0.5658333333333334 0.3685 0.9415000000000002 0.9541666666666667 0.5113333333333333 0.8696666666666668 0.6026666666666669 0.555 0.5135 0.8901666666666663 0.0018333333333333335 0.31249999999999994 
0.33666666666666667 0.33666666666666667 0.6181666666666668 0.6243333333333332 0.44049999999999995 0.08399999999999999 0.6293333333333333 0.6358333333333333 0.46399999999999997 0.4108333333333334 0.6080000000000001 0.3175 1.0 0.48200000000000004 0.6073333333333332 0.5075 0.3226666666666667 0.3151666666666668 0.35666666666666663 0.3006666666666667 0.42266666666666675 0.12883333333333336 0.6211666666666664 0.6201666666666665 0.6238333333333332 0.5716666666666665 0.612 0.42249999999999993 0.2701666666666667 0.2955 0.6683333333333333 0.6211666666666666 0.3368333333333333 0.3238333333333333 0.6033333333333334 0.5798333333333333 0.32483333333333336 0.136 0.2780000000000001 0.08783333333333329 0.3918333333333334 0.15483333333333338 0.24500000000000002 0.24 0.24250000000000005 0.23866666666666667 0.24383333333333337 0.245 0.234 0.2341666666666667 0.24166666666666664 0.2390000000000001 0.3136666666666667 0.3181666666666667 0.2341666666666667 0.23966666666666672 0.337 0.33766666666666667 0.19949999999999996 0.29700000000000004 0.48316666666666663 0.3398333333333333 0.34016666666666673 0.3388333333333334 0.631 0.6431666666666667 0.2015000000000001 0.2290000000000001 0.29766666666666675 0.19283333333333336 0.31149999999999994 0.2568333333333334 0.5050000000000001 0.3928333333333333 0.5775000000000001 0.37050000000000005 0.3461666666666668 0.2431666666666667 0.3338333333333333 0.08116666666666669 0.30700000000000005 0.3065000000000001 0.2965 0.3803333333333334 0.6425 0.20049999999999998 0.48400000000000004 0.37799999999999995 0.30550000000000005 0.15916666666666665 
0.49000000000000016 0.4908333333333333 0.39549999999999996 0.4423333333333334 0.26816666666666666 0.12783333333333333 0.4213333333333334 0.42383333333333345 0.26749999999999996 0.2716666666666667 0.22550000000000003 0.5281666666666667 0.48200000000000004 1.0 0.3028333333333333 0.8278333333333336 0.5096666666666667 0.5218333333333335 0.2363333333333334 0.41550000000000026 0.871666666666667 0.5305 0.4213333333333334 0.40916666666666673 0.3631666666666667 0.3604999999999999 0.37883333333333336 0.5086666666666666 0.45749999999999985 0.5336666666666666 0.4811666666666665 0.4008333333333334 0.49016666666666664 0.4754999999999999 0.302 0.29216666666666674 0.5741666666666666 0.07083333333333333 0.6035000000000001 0.17999999999999997 0.7283333333333333 0.09433333333333332 0.25050000000000006 0.24733333333333346 0.2491666666666668 0.24850000000000008 0.2498333333333334 0.24933333333333343 0.25483333333333347 0.2505000000000001 0.25483333333333336 0.2580000000000001 0.29166666666666663 0.2746666666666668 0.2463333333333333 0.2666666666666668 0.4915000000000001 0.49150000000000005 0.06299999999999999 0.44066666666666665 0.35516666666666674 0.4836666666666668 0.49550000000000005 0.4983333333333333 0.3789999999999999 0.37383333333333335 0.14049999999999999 0.2166666666666667 0.4141666666666668 0.07566666666666666 0.6603333333333334 0.4138333333333334 0.42466666666666675 0.6590000000000003 0.7306666666666666 0.5776666666666664 0.46766666666666656 0.6200000000000001 0.6178333333333333 0.07033333333333332 0.5068333333333332 0.5313333333333333 0.2503333333333333 0.5978333333333334 0.7225 0.2788333333333334 0.29449999999999993 0.5613333333333335 0.23383333333333328 0.07683333333333335 
0.006999999999999999 0.006999999999999999 0.7715 0.7349999999999999 0.8001666666666665 0.25816666666666666 0.7533333333333332 0.7391666666666667 0.8121666666666667 0.7473333333333332 0.40233333333333327 0.011333333333333336 0.6073333333333332 0.3028333333333333 1.0 0.4335 0.007666666666666667 0.006999999999999999 0.1716666666666667 0.012833333333333334 0.2546666666666667 0.17083333333333336 0.7538333333333332 0.7623333333333331 0.8191666666666668 0.7301666666666666 0.7936666666666666 0.6206666666666666 0.036000000000000004 0.008666666666666666 0.7301666666666664 0.7271666666666664 0.006999999999999999 0.008333333333333333 0.8888333333333333 0.8665 0.3153333333333333 0.06783333333333336 0.31816666666666665 0.06516666666666668 0.2850000000000001 0.14616666666666667 0.5748333333333332 0.5865000000000002 0.5905000000000001 0.5873333333333334 0.5766666666666667 0.5873333333333334 0.5183333333333335 0.5453333333333334 0.5463333333333333 0.5376666666666668 0.5085 0.527 0.5289999999999999 0.5105000000000001 0.006999999999999999 0.006999999999999999 0.05733333333333332 0.011666666666666667 0.15433333333333332 0.006999999999999999 0.006999999999999999 0.006999999999999999 0.8183333333333336 0.8035 0.4516666666666667 0.5248333333333332 0.011666666666666667 0.059166666666666645 0.3228333333333333 0.36 0.7275 0.4636666666666666 0.4966666666666667 0.5126666666666666 0.4389999999999999 0.3085 0.27899999999999997 0.1723333333333333 0.007666666666666666 0.012666666666666666 0.11433333333333334 0.08883333333333333 0.33549999999999996 0.13049999999999998 0.35783333333333345 0.06483333333333331 0.6271666666666667 0.3431666666666668 
0.42466666666666664 0.42583333333333334 0.4195 0.4366666666666666 0.39750000000000013 0.11916666666666664 0.4175000000000001 0.4148333333333334 0.39733333333333326 0.4023333333333335 0.2045 0.45899999999999996 0.5075 0.8278333333333336 0.4335 1.0 0.4446666666666666 0.4558333333333333 0.17266666666666663 0.35 0.7659999999999999 0.42699999999999994 0.4206666666666667 0.4173333333333334 0.44933333333333325 0.3735 0.461 0.5526666666666666 0.4058333333333334 0.4733333333333334 0.4795 0.4216666666666667 0.42483333333333334 0.41066666666666685 0.4223333333333333 0.40683333333333344 0.494 0.05849999999999999 0.5178333333333334 0.12166666666666665 0.6256666666666668 0.09866666666666665 0.33299999999999996 0.32949999999999996 0.3306666666666666 0.32933333333333337 0.33416666666666667 0.33333333333333326 0.3288333333333333 0.32683333333333336 0.33166666666666667 0.3335 0.35516666666666663 0.3426666666666667 0.3256666666666667 0.3436666666666667 0.4265 0.4258333333333333 0.03916666666666666 0.3756666666666668 0.2934999999999999 0.4179999999999999 0.4315 0.4335000000000001 0.42349999999999993 0.39850000000000024 0.2058333333333334 0.2981666666666667 0.3481666666666668 0.05583333333333334 0.5785000000000001 0.3661666666666667 0.5435 0.745 0.8108333333333337 0.6728333333333333 0.42699999999999994 0.5265 0.6245 0.10616666666666667 0.44533333333333336 0.47033333333333327 0.26983333333333337 0.5466666666666665 0.6988333333333333 0.30283333333333323 0.3456666666666667 0.5066666666666666 0.33083333333333337 0.14083333333333334 
0.9735000000000004 0.9733333333333336 0.0005 0.006666666666666666 0.0005 0.23550000000000001 0.0005 0.006666666666666666 0.0023333333333333335 0.005833333333333334 0.47766666666666674 0.9748333333333333 0.3226666666666667 0.5096666666666667 0.007666666666666667 0.4446666666666666 1.0 0.9825000000000002 0.7176666666666667 0.8970000000000004 0.5875 0.6571666666666667 0.0006666666666666666 0.0005 0.0005 0.02933333333333334 0.01916666666666667 0.1801666666666667 0.8944999999999999 0.9640000000000003 0.058499999999999996 0.07816666666666668 0.9735000000000004 0.9595000000000001 0.0005 0.0005 0.26733333333333337 0.4891666666666666 0.30400000000000005 0.493 0.4285 0.36466666666666664 0.004666666666666666 0.002833333333333333 0.001 0.0006666666666666666 0.004666666666666666 0.004666666666666667 0.005666666666666666 0.0045 0.004833333333333334 0.004999999999999999 0.06633333333333334 0.046500000000000014 0.004666666666666666 0.008833333333333335 0.9740000000000005 0.974666666666667 0.49366666666666686 0.9213333333333336 0.7881666666666667 0.9660000000000001 0.9776666666666669 0.9776666666666672 0.0005 0.006333333333333333 0.12433333333333335 0.017666666666666667 0.8975 0.4918333333333333 0.337 0.03133333333333334 0.08133333333333334 0.3956666666666668 0.3448333333333332 0.2879999999999999 0.1715 0.3968333333333333 0.5648333333333333 0.37466666666666654 0.954 0.9656666666666669 0.5176666666666666 0.8808333333333332 0.6113333333333333 0.5551666666666666 0.5126666666666667 0.9016666666666664 0.0016666666666666668 0.3116666666666666 
0.9665000000000002 0.9670000000000001 0.0 0.006 0.0 0.2346666666666667 0.0 0.003666666666666667 0.0 0.0026666666666666666 0.46649999999999997 0.9706666666666667 0.3151666666666668 0.5218333333333335 0.006999999999999999 0.4558333333333333 0.9825000000000002 1.0 0.7101666666666666 0.8906666666666666 0.5991666666666667 0.6564999999999999 0.00016666666666666666 0.0 0.0 0.028833333333333343 0.018833333333333334 0.18033333333333335 0.9071666666666666 0.9766666666666671 0.058166666666666665 0.07500000000000001 0.9665000000000002 0.9521666666666668 0.0 0.0 0.2796666666666667 0.49749999999999994 0.3145 0.5016666666666665 0.44150000000000006 0.3579999999999999 0.0013333333333333333 0.0 0.0 0.0 0.0015 0.0013333333333333333 0.006333333333333333 0.003833333333333333 0.004666666666666667 0.0051666666666666675 0.05283333333333334 0.03866666666666667 0.005166666666666666 0.0125 0.9676666666666668 0.9676666666666668 0.48900000000000005 0.9151666666666671 0.7805 0.9586666666666668 0.9716666666666669 0.9743333333333336 0.0 0.003 0.12383333333333336 0.017666666666666667 0.8908333333333336 0.4933333333333333 0.3493333333333332 0.039166666666666676 0.08116666666666666 0.40600000000000014 0.35233333333333333 0.29949999999999993 0.1751666666666667 0.4031666666666666 0.5763333333333333 0.38366666666666666 0.9655000000000001 0.9790000000000003 0.5109999999999999 0.8931666666666664 0.6243333333333334 0.5666666666666665 0.5098333333333334 0.9110000000000004 0.0011666666666666668 0.31199999999999994 
0.7423333333333331 0.7403333333333332 0.22733333333333328 0.2331666666666666 0.07333333333333333 0.2721666666666667 0.22483333333333327 0.23049999999999998 0.08483333333333334 0.04966666666666665 0.6433333333333333 0.7005 0.35666666666666663 0.2363333333333334 0.1716666666666667 0.17266666666666663 0.7176666666666667 0.7101666666666666 1.0 0.7684999999999996 0.31833333333333325 0.5278333333333334 0.22633333333333325 0.22599999999999998 0.22599999999999995 0.2546666666666667 0.24100000000000002 0.2911666666666667 0.6700000000000002 0.6900000000000002 0.19316666666666663 0.22516666666666668 0.7416666666666666 0.7458333333333332 0.22499999999999998 0.225 0.21766666666666665 0.4765 0.2751666666666666 0.46950000000000003 0.31266666666666665 0.3738333333333332 0.02716666666666667 0.03033333333333334 0.03683333333333335 0.035 0.027166666666666672 0.03383333333333334 0.020333333333333342 0.03300000000000001 0.034666666666666665 0.0345 0.09850000000000003 0.15783333333333335 0.011333333333333332 0.01483333333333334 0.7404999999999998 0.7413333333333333 0.5306666666666666 0.7478333333333335 0.7626666666666668 0.7436666666666664 0.7341666666666665 0.7331666666666665 0.2248333333333333 0.226 0.14600000000000002 0.026666666666666665 0.7638333333333334 0.524 0.2781666666666667 0.03366666666666667 0.24683333333333335 0.13700000000000004 0.10399999999999998 0.14966666666666667 0.19500000000000003 0.31016666666666665 0.29483333333333334 0.3463333333333333 0.6803333333333333 0.6913333333333336 0.3894999999999999 0.6091666666666666 0.38116666666666665 0.37149999999999994 0.4318333333333333 0.6531666666666668 0.0695 0.4298333333333332 
0.9225000000000001 0.9213333333333334 0.003 0.008833333333333334 0.008833333333333335 0.24349999999999997 0.0026666666666666666 0.005666666666666666 0.0075000000000000015 0.009333333333333336 0.48833333333333345 0.8795000000000001 0.3006666666666667 0.41550000000000026 0.012833333333333334 0.35 0.8970000000000004 0.8906666666666666 0.7684999999999996 1.0 0.49649999999999994 0.6073333333333334 0.002833333333333333 0.0025 0.0025 0.031333333333333345 0.021166666666666663 0.18133333333333332 0.8119999999999997 0.8694999999999997 0.04650000000000001 0.0675 0.9216666666666669 0.9333333333333331 0.0025 0.0023333333333333335 0.259 0.5018333333333334 0.3463333333333333 0.4988333333333332 0.42066666666666686 0.3893333333333333 0.009333333333333334 0.007666666666666666 0.0071666666666666675 0.006666666666666669 0.008333333333333335 0.007166666666666667 0.010166666666666671 0.009333333333333336 0.008666666666666668 0.011500000000000005 0.08716666666666668 0.07150000000000002 0.026000000000000002 0.014000000000000002 0.9208333333333334 0.9211666666666669 0.5696666666666664 0.9476666666666667 0.7711666666666668 0.9269999999999997 0.9141666666666666 0.9133333333333334 0.0026666666666666666 0.004833333333333334 0.1465 0.04349999999999999 0.9820000000000003 0.5790000000000002 0.3783333333333332 0.04983333333333333 0.12550000000000003 0.317 0.2871666666666667 0.3311666666666666 0.23566666666666666 0.44800000000000006 0.46950000000000003 0.3816666666666666 0.8584999999999999 0.8718333333333331 0.4809999999999999 0.7886666666666666 0.5246666666666668 0.5015000000000001 0.4498333333333332 0.8328333333333333 0.03966666666666667 0.32349999999999995 
0.5706666666666667 0.5716666666666667 0.30899999999999994 0.3711666666666666 0.24500000000000008 0.06933333333333333 0.33866666666666667 0.3436666666666666 0.24400000000000005 0.24416666666666673 0.16316666666666663 0.5998333333333332 0.42266666666666675 0.871666666666667 0.2546666666666667 0.7659999999999999 0.5875 0.5991666666666667 0.31833333333333325 0.49649999999999994 1.0 0.6186666666666668 0.33583333333333326 0.32299999999999995 0.28150000000000003 0.25633333333333336 0.29516666666666674 0.41449999999999987 0.5499999999999999 0.6181666666666668 0.40049999999999997 0.303 0.5708333333333333 0.5568333333333334 0.2581666666666667 0.259 0.6653333333333334 0.1388333333333334 0.7016666666666667 0.2601666666666667 0.8248333333333335 0.05083333333333333 0.23733333333333334 0.2351666666666667 0.23633333333333337 0.23600000000000002 0.23733333333333329 0.23583333333333337 0.24416666666666673 0.23916666666666667 0.2455 0.25 0.2733333333333333 0.2665 0.23800000000000002 0.26150000000000007 0.5721666666666665 0.5713333333333332 0.11016666666666666 0.5233333333333333 0.43999999999999995 0.5615000000000001 0.5736666666666665 0.576 0.30699999999999994 0.305 0.14083333333333328 0.20966666666666672 0.4978333333333333 0.11766666666666667 0.7363333333333333 0.40283333333333343 0.3434999999999999 0.6636666666666667 0.6456666666666665 0.5705 0.5515 0.7293333333333333 0.6418333333333334 0.07933333333333334 0.5861666666666665 0.6141666666666667 0.1901666666666667 0.6943333333333331 0.7248333333333333 0.2715 0.20199999999999996 0.6531666666666667 0.23950000000000007 0.07416666666666667 
0.6578333333333333 0.6583333333333331 0.26366666666666666 0.32083333333333336 0.15466666666666665 0.3613333333333334 0.2904999999999999 0.2951666666666666 0.14250000000000002 0.1383333333333333 0.32783333333333337 0.6656666666666667 0.12883333333333336 0.5305 0.17083333333333336 0.42699999999999994 0.6571666666666667 0.6564999999999999 0.5278333333333334 0.6073333333333334 0.6186666666666668 1.0 0.29083333333333333 0.27833333333333343 0.23700000000000002 0.2850000000000001 0.2508333333333334 0.3929999999999999 0.5918333333333332 0.6584999999999998 0.2998333333333334 0.2793333333333333 0.6573333333333333 0.6543333333333333 0.21366666666666667 0.2151666666666667 0.3536666666666666 0.3059999999999999 0.45249999999999985 0.42666666666666664 0.46366666666666667 0.2115 0.13799999999999998 0.149 0.15999999999999998 0.16249999999999992 0.13783333333333328 0.1478333333333333 0.11966666666666667 0.14666666666666664 0.14466666666666667 0.14300000000000002 0.10083333333333332 0.1516666666666666 0.10333333333333332 0.1085 0.6574999999999999 0.6576666666666666 0.2741666666666667 0.6368333333333333 0.5105000000000001 0.6471666666666667 0.6561666666666668 0.6566666666666666 0.25966666666666666 0.25816666666666666 0.15950000000000003 0.11566666666666667 0.6073333333333335 0.27800000000000014 0.46583333333333343 0.2183333333333333 0.2860000000000001 0.3764999999999999 0.31483333333333335 0.319 0.3748333333333333 0.5836666666666669 0.4801666666666666 0.23966666666666675 0.633 0.6545000000000001 0.30566666666666653 0.6435 0.4088333333333333 0.3711666666666666 0.3481666666666667 0.6626666666666668 0.14016666666666666 0.34650000000000003 
0.0 0.00016666666666666666 0.9651666666666668 0.9535000000000003 0.573 0.29549999999999993 0.9728333333333335 0.9508333333333334 0.5851666666666667 0.5215 0.4906666666666667 0.015000000000000003 0.6211666666666664 0.4213333333333334 0.7538333333333332 0.4206666666666667 0.0006666666666666666 0.00016666666666666666 0.22633333333333325 0.002833333333333333 0.33583333333333326 0.29083333333333333 1.0 0.9793333333333335 0.9278333333333332 0.9098333333333337 0.9083333333333331 0.7120000000000001 0.0011666666666666668 0.002 0.9209999999999994 0.8566666666666667 0.0 0.0003333333333333333 0.8423333333333336 0.8200000000000003 0.34950000000000003 0.004333333333333333 0.3625 0.05266666666666667 0.34516666666666673 0.10700000000000003 0.37199999999999994 0.3833333333333332 0.3916666666666665 0.3904999999999999 0.3705 0.3819999999999999 0.31850000000000006 0.348 0.3503333333333334 0.3440000000000001 0.3105 0.4003333333333334 0.3178333333333334 0.3091666666666667 0.00016666666666666666 0.00016666666666666666 0.0018333333333333333 0.00016666666666666666 0.1396666666666667 0.00016666666666666666 0.0 0.0 0.9305000000000001 0.911833333333333 0.25233333333333335 0.3003333333333333 0.0005 0.0021666666666666666 0.3901666666666666 0.4256666666666667 0.7628333333333331 0.3086666666666666 0.5353333333333334 0.3513333333333331 0.48649999999999993 0.3481666666666667 0.17416666666666672 0.011833333333333333 0.0 0.0003333333333333333 0.13733333333333334 0.07566666666666666 0.3375 0.0675 0.3918333333333333 0.05649999999999999 0.41666666666666674 0.2551666666666667 
0.0 0.00016666666666666666 0.9766666666666671 0.941166666666667 0.5823333333333333 0.30749999999999994 0.9605000000000004 0.9368333333333335 0.5943333333333336 0.5301666666666667 0.4843333333333333 0.012 0.6201666666666665 0.40916666666666673 0.7623333333333331 0.4173333333333334 0.0005 0.0 0.22599999999999998 0.0025 0.32299999999999995 0.27833333333333343 0.9793333333333335 1.0 0.9375000000000001 0.9228333333333337 0.920666666666667 0.7261666666666667 0.0011666666666666668 0.0011666666666666668 0.9091666666666662 0.8711666666666664 0.0 0.00016666666666666666 0.8516666666666669 0.8291666666666666 0.336 0.004166666666666667 0.3493333333333334 0.040999999999999995 0.3329999999999999 0.11899999999999998 0.38216666666666677 0.39349999999999996 0.4008333333333334 0.3999999999999999 0.3806666666666667 0.39216666666666666 0.32799999999999996 0.3575 0.35983333333333334 0.3535000000000001 0.3206666666666667 0.4101666666666668 0.32783333333333325 0.31850000000000006 0.0 0.0 0.0011666666666666668 0.0 0.13883333333333334 0.0 0.0 0.0 0.9343333333333332 0.9103333333333332 0.26049999999999995 0.3103333333333333 0.00016666666666666666 0.0018333333333333333 0.37666666666666676 0.41283333333333333 0.7721666666666666 0.3181666666666666 0.5455000000000001 0.3608333333333333 0.47283333333333344 0.3356666666666667 0.17550000000000002 0.015499999999999998 0.0 0.0005 0.14933333333333335 0.07533333333333334 0.33666666666666667 0.07983333333333335 0.4048333333333335 0.055666666666666656 0.42550000000000004 0.2655 
0.0 0.0 0.9425000000000003 0.8955000000000003 0.640333333333333 0.29399999999999993 0.9135000000000001 0.8925 0.6518333333333333 0.5888333333333333 0.4674999999999999 0.007166666666666667 0.6238333333333332 0.3631666666666667 0.8191666666666668 0.44933333333333325 0.0005 0.0 0.22599999999999995 0.0025 0.28150000000000003 0.23700000000000002 0.9278333333333332 0.9375000000000001 1.0 0.9000000000000001 0.950166666666667 0.7458333333333335 0.0011666666666666668 0.0 0.8631666666666669 0.8480000000000001 0.0 0.00016666666666666666 0.9058333333333337 0.8835000000000004 0.2956666666666667 0.004 0.3083333333333333 0.01933333333333334 0.29150000000000004 0.12650000000000003 0.4326666666666666 0.4446666666666666 0.45233333333333314 0.45183333333333325 0.4318333333333333 0.44399999999999984 0.3786666666666666 0.4100000000000001 0.4103333333333334 0.4053333333333333 0.3718333333333333 0.4638333333333334 0.37866666666666654 0.36983333333333335 0.0 0.0 0.0015 0.0 0.14183333333333337 0.0 0.0 0.0 0.9375000000000001 0.8939999999999999 0.30666666666666664 0.36650000000000005 0.00016666666666666666 0.002 0.3326666666666668 0.3661666666666667 0.8200000000000002 0.3730000000000001 0.5665000000000001 0.4159999999999999 0.4328333333333334 0.29516666666666674 0.19599999999999998 0.0425 0.0 0.0005 0.15383333333333335 0.07716666666666666 0.3396666666666667 0.09200000000000003 0.40733333333333327 0.05666666666666665 0.48216666666666674 0.30833333333333335 
