1.0 0.30833333333333335 0.04600000000000001 0.06849999999999999 0.022000000000000006 0.07083333333333332 0.6675000000000001 0.7105000000000001 0.639 0.7085000000000001 0.7161666666666668 0.7110000000000001 0.713 0.7106666666666668 0.6678333333333333 0.7111666666666667 0.1226666666666666 0.6894999999999999 0.09866666666666665 0.14883333333333332 0.16116666666666662 0.15799999999999997 0.013666666666666667 0.014333333333333333 0.014000000000000002 0.01683333333333334 0.009500000000000001 0.019333333333333334 0.6738333333333333 0.5986666666666668 0.1623333333333333 0.16583333333333333 0.23000000000000004 0.7698333333333334 0.26499999999999996 0.19099999999999998 0.249 0.1575 0.0155 0.012666666666666666 0.10166666666666666 0.24850000000000003 0.030333333333333327 0.01766666666666667 0.4558333333333334 0.251 0.012666666666666666 0.013333333333333332 0.025333333333333336 0.24166666666666667 0.3538333333333334 0.3335000000000001 0.32783333333333337 0.0175 0.0125 0.0165 0.33266666666666667 0.6034999999999998 0.7116666666666667 0.7121666666666667 0.7123333333333335 0.7113333333333334 0.7123333333333334 0.7123333333333334 0.6913333333333334 0.7021666666666667 0.7113333333333334 0.7120000000000001 0.07983333333333331 0.5965 0.4549999999999999 0.3395 0.43200000000000005 0.6738333333333334 0.8026666666666668 0.12616666666666665 0.6868333333333331 0.5314999999999999 0.20633333333333337 0.3918333333333333 0.3236666666666666 0.7281666666666665 0.19833333333333328 0.6768333333333332 0.42433333333333345 0.15650000000000003 0.07266666666666668 0.03133333333333333 0.6856666666666668 0.6740000000000002 
0.30833333333333335 1.0 0.3843333333333333 0.39066666666666655 0.5983333333333334 0.494 0.0845 0.11383333333333333 0.0955 0.11316666666666667 0.12233333333333332 0.11433333333333331 0.115 0.11433333333333334 0.2326666666666667 0.11599999999999999 0.49000000000000016 0.34983333333333333 0.474 0.41133333333333333 0.5563333333333333 0.5501666666666667 0.4050000000000001 0.4310000000000001 0.44499999999999995 0.4463333333333332 0.5540000000000002 0.576 0.31999999999999995 0.2906666666666668 0.4403333333333334 0.4538333333333333 0.5301666666666666 0.21800000000000005 0.3141666666666667 0.3406666666666667 0.37633333333333335 0.37283333333333324 0.49000000000000005 0.45149999999999985 0.4018333333333333 0.2005 0.35466666666666663 0.4624999999999999 0.262 0.3263333333333333 0.4641666666666666 0.4583333333333332 0.5589999999999999 0.7216666666666666 0.4003333333333334 0.2811666666666666 0.6998333333333331 0.4803333333333332 0.5844999999999998 0.4343333333333333 0.8156666666666669 0.4679999999999998 0.11483333333333333 0.11466666666666667 0.115 0.11533333333333333 0.11499999999999998 0.11466666666666664 0.10733333333333332 0.11283333333333335 0.11516666666666668 0.11466666666666665 0.6205 0.2385 0.47783333333333333 0.42100000000000004 0.5608333333333332 0.12249999999999997 0.30399999999999994 0.5880000000000002 0.1715 0.1025 0.4504999999999999 0.38150000000000006 0.5268333333333332 0.3036666666666667 0.46000000000000013 0.29333333333333333 0.1833333333333333 0.26550000000000007 0.5255000000000001 0.363 0.14716666666666664 0.12900000000000003 
0.04600000000000001 0.3843333333333333 1.0 0.9385000000000002 0.48033333333333345 0.4495 0.15166666666666662 0.10433333333333335 0.15633333333333335 0.1016666666666667 0.09416666666666666 0.10116666666666668 0.10350000000000001 0.10133333333333336 0.2195 0.09883333333333337 0.2975 0.132 0.815 0.8321666666666667 0.3418333333333334 0.3390000000000001 0.8076666666666665 0.7475000000000002 0.7225 0.7243333333333336 0.40933333333333316 0.4743333333333335 0.1941666666666667 0.2643333333333333 0.7468333333333332 0.747 0.3728333333333335 0.19883333333333336 0.44166666666666665 0.5485 0.42333333333333323 0.5275 0.6650000000000001 0.7151666666666668 0.4186666666666666 0.5513333333333332 0.6521666666666666 0.7086666666666669 0.43333333333333324 0.4386666666666668 0.6986666666666664 0.73 0.5666666666666665 0.3151666666666666 0.28400000000000014 0.04366666666666666 0.5175000000000001 0.6671666666666668 0.5309999999999999 0.6098333333333336 0.273 0.2721666666666667 0.10216666666666668 0.10200000000000004 0.10150000000000002 0.10150000000000002 0.10133333333333336 0.1016666666666667 0.0995 0.10233333333333335 0.1026666666666667 0.10150000000000002 0.5743333333333334 0.3015 0.2868333333333334 0.32116666666666666 0.4274999999999999 0.13366666666666666 0.10583333333333336 0.5015000000000001 0.15916666666666665 0.28933333333333333 0.33716666666666667 0.37150000000000005 0.16499999999999995 0.06233333333333335 0.41683333333333344 0.14850000000000002 0.24733333333333335 0.4973333333333331 0.4751666666666665 0.6244999999999998 0.16466666666666663 0.12333333333333331 
0.06849999999999999 0.39066666666666655 0.9385000000000002 1.0 0.4691666666666666 0.42950000000000016 0.17466666666666664 0.13100000000000003 0.1673333333333334 0.1281666666666667 0.12083333333333333 0.12783333333333335 0.12883333333333336 0.1276666666666667 0.21466666666666673 0.12616666666666668 0.27983333333333327 0.12933333333333333 0.8109999999999999 0.8528333333333333 0.3206666666666667 0.31916666666666677 0.7823333333333334 0.7301666666666669 0.7041666666666666 0.7045000000000001 0.3993333333333333 0.46233333333333343 0.1836666666666666 0.2615 0.7115 0.7178333333333334 0.3696666666666666 0.22916666666666669 0.41866666666666674 0.5218333333333331 0.39883333333333354 0.5289999999999998 0.6469999999999999 0.7035000000000001 0.4075 0.5636666666666666 0.6276666666666667 0.6958333333333334 0.4321666666666666 0.4348333333333334 0.687666666666667 0.7176666666666667 0.5403333333333334 0.3291666666666667 0.2968333333333334 0.030999999999999996 0.5443333333333333 0.6530000000000001 0.5213333333333333 0.5960000000000002 0.2841666666666666 0.29516666666666663 0.1286666666666667 0.1281666666666667 0.12800000000000003 0.12783333333333335 0.12800000000000003 0.12816666666666668 0.11816666666666671 0.1276666666666667 0.1291666666666667 0.1281666666666667 0.5555 0.31716666666666665 0.2776666666666667 0.3148333333333333 0.4225 0.1618333333333333 0.12633333333333335 0.5273333333333331 0.18316666666666667 0.3136666666666666 0.3306666666666666 0.3468333333333333 0.1545 0.05766666666666667 0.3913333333333334 0.13783333333333334 0.22433333333333338 0.4738333333333333 0.44983333333333336 0.5996666666666668 0.19166666666666668 0.14783333333333334 
0.022000000000000006 0.5983333333333334 0.48033333333333345 0.4691666666666666 1.0 0.7266666666666667 0.00016666666666666666 0.001 0.0011666666666666668 0.0 0.0015 0.0 0.0 0.0 0.04716666666666665 0.00016666666666666666 0.6851666666666667 0.18566666666666662 0.45833333333333326 0.4773333333333332 0.6931666666666666 0.6935000000000002 0.6556666666666667 0.7143333333333333 0.7425 0.7390000000000002 0.8806666666666665 0.9560000000000002 0.04566666666666668 0.05766666666666666 0.3500000000000001 0.3578333333333334 0.4058333333333335 0.05916666666666667 0.45833333333333337 0.5053333333333333 0.478 0.3204999999999999 0.7886666666666666 0.7403333333333332 0.5939999999999999 0.17966666666666664 0.5738333333333334 0.741 0.24483333333333335 0.24483333333333335 0.7583333333333334 0.7153333333333333 0.8606666666666666 0.5263333333333335 0.31483333333333335 0.375 0.5716666666666665 0.7948333333333335 0.9205000000000004 0.716 0.5563333333333333 0.3461666666666667 0.0 0.00016666666666666666 0.0 0.0 0.00016666666666666666 0.0 0.016 0.0051666666666666675 0.00016666666666666666 0.0 0.7458333333333332 0.3216666666666667 0.21633333333333332 0.2893333333333332 0.3228333333333333 0.017166666666666674 0.0685 0.7528333333333336 0.019333333333333334 0.021000000000000005 0.4906666666666667 0.4098333333333335 0.3733333333333334 0.06983333333333333 0.5604999999999999 0.11900000000000004 0.42566666666666675 0.46516666666666673 0.7834999999999998 0.5975 0.059333333333333335 0.04066666666666667 
0.07083333333333332 0.494 0.4495 0.42950000000000016 0.7266666666666667 1.0 0.05999999999999999 0.071 0.058499999999999996 0.0705 0.06733333333333333 0.0705 0.07033333333333332 0.07016666666666665 0.10949999999999997 0.06916666666666665 0.6658333333333334 0.27 0.41766666666666663 0.3575000000000001 0.789 0.7861666666666665 0.5986666666666666 0.5993333333333334 0.5581666666666666 0.5553333333333335 0.6944999999999999 0.747 0.18549999999999997 0.1775 0.4561666666666667 0.4558333333333334 0.46799999999999997 0.14866666666666672 0.4721666666666666 0.5218333333333334 0.4426666666666667 0.24483333333333332 0.6821666666666668 0.5401666666666666 0.4761666666666667 0.21150000000000002 0.5488333333333333 0.5483333333333333 0.1431666666666667 0.22533333333333336 0.5610000000000002 0.5256666666666665 0.7788333333333334 0.41083333333333316 0.4306666666666667 0.3828333333333333 0.42499999999999993 0.5583333333333332 0.7234999999999999 0.5191666666666668 0.5068333333333334 0.16316666666666663 0.0705 0.07033333333333332 0.0705 0.07033333333333332 0.0705 0.07033333333333332 0.08666666666666666 0.07550000000000001 0.07033333333333332 0.0705 0.6696666666666666 0.19549999999999992 0.3709999999999999 0.4241666666666667 0.4148333333333332 0.08333333333333334 0.1705 0.6405 0.14550000000000002 0.14933333333333335 0.6559999999999999 0.46016666666666667 0.5155000000000001 0.13683333333333333 0.6275000000000001 0.2720000000000001 0.34116666666666673 0.4056666666666668 0.7805 0.5883333333333332 0.10549999999999997 0.10433333333333333 
0.6675000000000001 0.0845 0.15166666666666662 0.17466666666666664 0.00016666666666666666 0.05999999999999999 1.0 0.9456666666666667 0.9055000000000001 0.9446666666666665 0.9376666666666664 0.9441666666666664 0.9459999999999996 0.9449999999999997 0.4793333333333334 0.9421666666666666 0.005833333333333334 0.44033333333333347 0.059500000000000004 0.2436666666666667 0.001 0.0016666666666666666 0.0475 0.010666666666666668 0.009000000000000001 0.017666666666666667 0.08783333333333335 0.0005 0.4341666666666667 0.4298333333333333 0.08583333333333336 0.09050000000000002 0.06416666666666666 0.7035000000000001 0.17166666666666663 0.13866666666666666 0.07366666666666667 0.3270000000000002 0.0013333333333333333 0.008333333333333335 0.14833333333333334 0.5531666666666666 0.05583333333333332 0.0011666666666666668 0.4488333333333333 0.3921666666666666 0.0025 0.011666666666666667 0.0008333333333333333 0.26600000000000007 0.4604999999999999 0.42583333333333345 0.20733333333333334 0.007166666666666667 0.0008333333333333333 0.06466666666666666 0.08016666666666666 0.4696666666666666 0.9451666666666664 0.9449999999999998 0.9444999999999998 0.9451666666666665 0.9439999999999997 0.9451666666666665 0.9281666666666668 0.9373333333333332 0.9456666666666664 0.9439999999999997 0.008666666666666668 0.6156666666666666 0.22316666666666665 0.149 0.2411666666666667 0.9236666666666663 0.6219999999999999 0.17366666666666664 0.8123333333333332 0.7173333333333335 0.11883333333333335 0.22099999999999997 0.0415 0.5576666666666665 0.001 0.4601666666666667 0.4861666666666665 0.2978333333333334 0.0005 0.063 0.8826666666666665 0.894833333333333 
0.7105000000000001 0.11383333333333333 0.10433333333333335 0.13100000000000003 0.001 0.071 0.9456666666666667 1.0 0.9015000000000001 0.9940000000000001 0.9875000000000003 0.9941666666666669 0.9928333333333335 0.9946666666666668 0.43249999999999994 0.9910000000000001 0.0055000000000000005 0.4731666666666667 0.016 0.20299999999999996 0.0005 0.0008333333333333333 0.029500000000000005 0.002833333333333333 0.001 0.005333333333333333 0.08716666666666668 0.001 0.4225 0.393 0.0375 0.04133333333333334 0.020166666666666666 0.6820000000000003 0.16566666666666666 0.1263333333333333 0.06533333333333333 0.2876666666666667 0.0005 0.0005 0.14633333333333337 0.5105 0.05433333333333332 0.0008333333333333334 0.4133333333333333 0.3829999999999999 0.0008333333333333333 0.0005 0.0005 0.29816666666666675 0.5066666666666668 0.4431666666666667 0.24250000000000005 0.0008333333333333333 0.0008333333333333333 0.05716666666666667 0.11266666666666664 0.5046666666666666 0.9960000000000002 0.9950000000000001 0.9946666666666667 0.9946666666666668 0.9943333333333334 0.9940000000000002 0.9720000000000004 0.9868333333333337 0.9953333333333334 0.9941666666666669 0.010000000000000002 0.62 0.21566666666666673 0.11416666666666667 0.23416666666666663 0.9550000000000002 0.6736666666666666 0.2078333333333334 0.8208333333333333 0.6796666666666666 0.11699999999999998 0.22033333333333333 0.04916666666666664 0.5781666666666666 0.0 0.4988333333333334 0.48433333333333317 0.29066666666666663 0.001 0.058833333333333356 0.930333333333333 0.9436666666666668 
0.639 0.0955 0.15633333333333335 0.1673333333333334 0.0011666666666666668 0.058499999999999996 0.9055000000000001 0.9015000000000001 1.0 0.9016666666666664 0.8961666666666664 0.9013333333333331 0.9026666666666665 0.9011666666666664 0.521 0.9016666666666664 0.005666666666666666 0.44066666666666665 0.10616666666666667 0.1691666666666667 0.0006666666666666666 0.001 0.034666666666666686 0.0036666666666666666 0.001 0.005666666666666666 0.08750000000000002 0.0 0.5106666666666666 0.40133333333333326 0.12866666666666668 0.13183333333333333 0.11116666666666668 0.6421666666666667 0.16450000000000004 0.12566666666666662 0.06549999999999999 0.3105000000000001 0.0 0.0 0.1461666666666667 0.4928333333333334 0.053666666666666654 0.0003333333333333333 0.43083333333333323 0.37416666666666665 0.0 0.0005 0.0 0.2686666666666668 0.42783333333333323 0.44300000000000006 0.18866666666666668 0.0 0.0 0.05633333333333334 0.07983333333333334 0.4531666666666666 0.9021666666666666 0.9014999999999997 0.9011666666666666 0.9019999999999997 0.9008333333333332 0.901833333333333 0.8965 0.8989999999999999 0.9023333333333332 0.9013333333333331 0.04316666666666667 0.5634999999999998 0.30566666666666664 0.2053333333333333 0.32366666666666677 0.8646666666666667 0.604 0.13116666666666668 0.77 0.6396666666666666 0.09033333333333335 0.22500000000000003 0.024166666666666666 0.5890000000000001 0.00016666666666666666 0.4988333333333334 0.48366666666666647 0.2886666666666666 0.0 0.05866666666666668 0.8360000000000002 0.8515 
0.7085000000000001 0.11316666666666667 0.1016666666666667 0.1281666666666667 0.0 0.0705 0.9446666666666665 0.9940000000000001 0.9016666666666664 1.0 0.9883333333333334 0.9955000000000002 0.9925000000000002 0.9960000000000001 0.43066666666666653 0.9946666666666667 0.005333333333333333 0.4723333333333333 0.014000000000000002 0.2 0.0005 0.0008333333333333333 0.02766666666666667 0.0018333333333333335 0.0 0.004333333333333333 0.08750000000000002 0.0 0.4211666666666667 0.39183333333333337 0.03499999999999999 0.03866666666666667 0.0185 0.6778333333333335 0.16483333333333333 0.12533333333333332 0.06533333333333333 0.28733333333333333 0.0 0.0 0.14633333333333337 0.5103333333333333 0.053833333333333316 0.0003333333333333333 0.4134999999999999 0.38449999999999995 0.0 0.0 0.0 0.2968333333333334 0.5060000000000001 0.4431666666666667 0.24116666666666675 0.0 0.0 0.05616666666666667 0.11116666666666665 0.5035000000000001 0.9953333333333334 0.9950000000000001 0.9946666666666667 0.9963333333333335 0.9940000000000001 0.9953333333333334 0.973666666666667 0.9890000000000003 0.9946666666666668 0.9955000000000002 0.009166666666666667 0.6196666666666667 0.2143333333333334 0.11283333333333331 0.23316666666666663 0.9555 0.6729999999999999 0.20716666666666672 0.8194999999999999 0.6783333333333335 0.11566666666666663 0.21983333333333335 0.047833333333333325 0.5776666666666668 0.0 0.49933333333333346 0.4833333333333332 0.28966666666666663 0.0 0.05783333333333335 0.9313333333333331 0.9446666666666669 
0.7161666666666668 0.12233333333333332 0.09416666666666666 0.12083333333333333 0.0015 0.06733333333333333 0.9376666666666664 0.9875000000000003 0.8961666666666664 0.9883333333333334 1.0 0.9903333333333335 0.9886666666666667 0.9905000000000002 0.43499999999999983 0.9895000000000002 0.005833333333333334 0.47966666666666663 0.017 0.1926666666666666 0.0006666666666666666 0.001 0.023000000000000003 0.0018333333333333335 0.0 0.004333333333333333 0.08750000000000002 0.0 0.42566666666666664 0.3983333333333335 0.0305 0.03400000000000001 0.022000000000000002 0.6718333333333334 0.16633333333333336 0.12599999999999997 0.06533333333333333 0.2911666666666667 0.0 0.0 0.1461666666666667 0.503 0.055666666666666656 0.0021666666666666666 0.4195 0.39283333333333315 0.0008333333333333334 0.0008333333333333334 0.0005 0.3073333333333334 0.5031666666666669 0.4458333333333333 0.25100000000000006 0.0 0.0 0.05616666666666667 0.12166666666666665 0.5136666666666667 0.9901666666666666 0.9906666666666669 0.9906666666666668 0.9906666666666669 0.9906666666666668 0.9905000000000003 0.9668333333333335 0.9825000000000002 0.9905000000000002 0.9898333333333333 0.014499999999999999 0.6178333333333333 0.21816666666666673 0.11666666666666665 0.23633333333333328 0.9498333333333331 0.6801666666666667 0.20366666666666672 0.8126666666666665 0.6713333333333332 0.10966666666666665 0.22716666666666666 0.05549999999999998 0.5846666666666667 0.0011666666666666668 0.5055 0.48466666666666663 0.29033333333333333 0.0 0.057666666666666686 0.9246666666666664 0.9368333333333335 
0.7110000000000001 0.11433333333333331 0.10116666666666668 0.12783333333333335 0.0 0.0705 0.9441666666666664 0.9941666666666669 0.9013333333333331 0.9955000000000002 0.9903333333333335 1.0 0.995 0.9978333333333335 0.4311666666666666 0.9935 0.005666666666666666 0.47466666666666674 0.013833333333333335 0.19949999999999998 0.0006666666666666666 0.001 0.027166666666666672 0.0018333333333333335 0.0 0.004333333333333333 0.08750000000000002 0.0 0.42199999999999993 0.3920000000000001 0.03466666666666666 0.03833333333333334 0.0185 0.6790000000000002 0.16483333333333333 0.12533333333333332 0.06533333333333333 0.2871666666666666 0.0 0.0 0.14633333333333337 0.5096666666666667 0.053833333333333316 0.0003333333333333333 0.414 0.38549999999999995 0.0 0.0 0.0 0.2988333333333334 0.5080000000000002 0.4435 0.24250000000000008 0.0 0.0 0.05616666666666667 0.11333333333333333 0.5055000000000001 0.9971666666666666 0.9971666666666669 0.9975 0.9975 0.9971666666666666 0.9968333333333333 0.9738333333333336 0.9883333333333337 0.9961666666666669 0.9973333333333335 0.009833333333333335 0.6190000000000001 0.21450000000000005 0.11316666666666665 0.23299999999999993 0.9561666666666667 0.6746666666666666 0.20866666666666675 0.8191666666666667 0.6780000000000002 0.11533333333333332 0.22033333333333333 0.049833333333333306 0.5778333333333334 0.00016666666666666666 0.4998333333333334 0.4833333333333332 0.28966666666666663 0.0 0.05783333333333335 0.9321666666666664 0.943166666666667 
0.713 0.115 0.10350000000000001 0.12883333333333336 0.0 0.07033333333333332 0.9459999999999996 0.9928333333333335 0.9026666666666665 0.9925000000000002 0.9886666666666667 0.995 1.0 0.9958333333333332 0.4344999999999999 0.9904999999999999 0.005666666666666666 0.4750000000000001 0.017166666666666667 0.2028333333333333 0.0006666666666666666 0.001 0.027333333333333338 0.0018333333333333335 0.0 0.004333333333333333 0.08750000000000002 0.0 0.4253333333333334 0.3946666666666668 0.037 0.04083333333333334 0.022 0.6798333333333335 0.16433333333333333 0.12483333333333331 0.06533333333333333 0.29016666666666663 0.0 0.0 0.1461666666666667 0.513 0.053666666666666654 0.0003333333333333333 0.4151666666666666 0.3836666666666666 0.0 0.0 0.0 0.29966666666666675 0.5061666666666668 0.4435 0.24400000000000002 0.0003333333333333333 0.0 0.05616666666666667 0.11449999999999998 0.506 0.9955000000000002 0.9954999999999999 0.9965 0.9951666666666668 0.9955000000000002 0.9951666666666668 0.9713333333333335 0.9858333333333337 0.9954999999999999 0.995 0.010000000000000002 0.6161666666666666 0.21783333333333338 0.11666666666666665 0.23633333333333334 0.9575000000000001 0.6735 0.2068333333333334 0.8183333333333332 0.681 0.11483333333333333 0.22033333333333333 0.05066666666666664 0.5786666666666668 0.00016666666666666666 0.49950000000000006 0.4831666666666666 0.2888333333333333 0.0 0.057666666666666686 0.9304999999999997 0.9406666666666671 
0.7106666666666668 0.11433333333333334 0.10133333333333336 0.1276666666666667 0.0 0.07016666666666665 0.9449999999999997 0.9946666666666668 0.9011666666666664 0.9960000000000001 0.9905000000000002 0.9978333333333335 0.9958333333333332 1.0 0.43149999999999994 0.9933333333333334 0.0055000000000000005 0.4743333333333333 0.014333333333333335 0.20049999999999998 0.0005 0.0008333333333333333 0.027333333333333338 0.0018333333333333335 0.0 0.004333333333333333 0.08750000000000002 0.0 0.42233333333333334 0.3923333333333334 0.03483333333333333 0.038500000000000006 0.019 0.6781666666666668 0.16466666666666668 0.12533333333333332 0.06533333333333333 0.2875 0.0 0.0 0.14600000000000002 0.511 0.053499999999999985 0.0003333333333333333 0.414 0.38533333333333325 0.0 0.0 0.0 0.2988333333333334 0.5071666666666668 0.44333333333333336 0.24300000000000005 0.0 0.0 0.05616666666666667 0.1133333333333333 0.5055000000000001 0.9973333333333333 0.9970000000000002 0.9976666666666667 0.9973333333333335 0.9966666666666667 0.997 0.973166666666667 0.9890000000000003 0.9963333333333334 0.9968333333333333 0.009666666666666667 0.6191666666666668 0.21500000000000008 0.11366666666666665 0.23349999999999999 0.9565 0.6751666666666667 0.20833333333333343 0.8198333333333332 0.6788333333333334 0.11549999999999998 0.22033333333333333 0.049499999999999975 0.5778333333333334 0.0 0.49966666666666676 0.4829999999999999 0.2893333333333333 0.0 0.057500000000000016 0.9333333333333331 0.9440000000000004 
0.6678333333333333 0.2326666666666667 0.2195 0.21466666666666673 0.04716666666666665 0.10949999999999997 0.4793333333333334 0.43249999999999994 0.521 0.43066666666666653 0.43499999999999983 0.4311666666666666 0.4344999999999999 0.43149999999999994 1.0 0.43366666666666653 0.168 0.5028333333333335 0.335 0.21933333333333332 0.2278333333333333 0.2248333333333334 0.12233333333333336 0.11033333333333335 0.11366666666666664 0.1223333333333333 0.01683333333333334 0.04416666666666665 0.6988333333333331 0.6535000000000001 0.4106666666666666 0.41600000000000004 0.43683333333333346 0.644 0.3918333333333334 0.32016666666666665 0.3213333333333333 0.26249999999999996 0.06733333333333333 0.10899999999999999 0.15600000000000003 0.30749999999999994 0.11066666666666666 0.10383333333333336 0.5808333333333333 0.30533333333333323 0.10183333333333337 0.12199999999999994 0.0425 0.12466666666666665 0.134 0.26049999999999995 0.15250000000000002 0.1115 0.047 0.1063333333333333 0.2923333333333332 0.40783333333333316 0.4318333333333333 0.43249999999999994 0.4323333333333333 0.43166666666666664 0.4323333333333333 0.4324999999999999 0.42749999999999994 0.4288333333333331 0.4323333333333332 0.4321666666666666 0.14650000000000002 0.4531666666666667 0.4974999999999998 0.5271666666666668 0.489 0.4318333333333333 0.6489999999999998 0.03983333333333334 0.5065000000000002 0.5928333333333333 0.24233333333333332 0.3943333333333333 0.32049999999999995 0.5775000000000001 0.24066666666666664 0.5198333333333331 0.41266666666666674 0.23216666666666666 0.09183333333333332 0.1045 0.4275 0.42850000000000016 
0.7111666666666667 0.11599999999999999 0.09883333333333337 0.12616666666666668 0.00016666666666666666 0.06916666666666665 0.9421666666666666 0.9910000000000001 0.9016666666666664 0.9946666666666667 0.9895000000000002 0.9935 0.9904999999999999 0.9933333333333334 0.43366666666666653 1.0 0.005666666666666666 0.47383333333333333 0.017 0.19749999999999995 0.0006666666666666666 0.001 0.02516666666666667 0.0018333333333333335 0.0 0.004166666666666667 0.08750000000000002 0.0 0.42483333333333334 0.3941666666666667 0.03449999999999999 0.038 0.022000000000000002 0.6753333333333335 0.16483333333333333 0.12533333333333332 0.06533333333333333 0.28983333333333333 0.0 0.0 0.1461666666666667 0.5078333333333332 0.053666666666666654 0.0003333333333333333 0.41600000000000004 0.3871666666666666 0.0 0.0 0.0008333333333333333 0.29950000000000004 0.5040000000000001 0.44366666666666665 0.2430000000000001 0.0 0.0 0.05616666666666667 0.11399999999999999 0.5056666666666667 0.993 0.9930000000000001 0.992 0.9943333333333334 0.992 0.9926666666666667 0.9711666666666668 0.9856666666666669 0.9923333333333333 0.9928333333333335 0.011833333333333333 0.6193333333333333 0.21750000000000008 0.11599999999999998 0.23633333333333328 0.9520000000000001 0.6741666666666667 0.20500000000000004 0.8168333333333332 0.6756666666666667 0.11316666666666665 0.22183333333333333 0.05033333333333331 0.5815 0.00016666666666666666 0.5028333333333334 0.4831666666666666 0.2895 0.0 0.057666666666666686 0.9279999999999999 0.9406666666666669 
0.1226666666666666 0.49000000000000016 0.2975 0.27983333333333327 0.6851666666666667 0.6658333333333334 0.005833333333333334 0.0055000000000000005 0.005666666666666666 0.005333333333333333 0.005833333333333334 0.005666666666666666 0.005666666666666666 0.0055000000000000005 0.168 0.005666666666666666 1.0 0.35750000000000015 0.29883333333333334 0.2335 0.7975000000000001 0.8146666666666667 0.47833333333333333 0.524 0.5085000000000001 0.4984999999999999 0.6510000000000001 0.7033333333333335 0.22399999999999995 0.18733333333333335 0.32550000000000007 0.34550000000000003 0.6471666666666667 0.1793333333333333 0.3978333333333333 0.3389999999999999 0.4475 0.13366666666666663 0.6194999999999999 0.4989999999999999 0.48766666666666675 0.05583333333333333 0.4179999999999998 0.5086666666666666 0.12100000000000004 0.10266666666666664 0.5188333333333334 0.4833333333333333 0.6936666666666667 0.2975 0.37000000000000016 0.5271666666666666 0.35416666666666663 0.5131666666666667 0.6873333333333332 0.4771666666666667 0.5398333333333333 0.21683333333333338 0.005833333333333334 0.005833333333333334 0.005666666666666666 0.005833333333333334 0.005833333333333334 0.005666666666666666 0.023833333333333342 0.009666666666666667 0.005666666666666666 0.005833333333333334 0.5793333333333331 0.19299999999999998 0.3583333333333333 0.5303333333333332 0.3620000000000001 0.010333333333333335 0.15216666666666667 0.5023333333333334 0.059833333333333315 0.06416666666666665 0.7700000000000001 0.3821666666666667 0.6518333333333334 0.1743333333333333 0.6059999999999999 0.2816666666666667 0.3001666666666665 0.2786666666666667 0.649 0.44816666666666677 0.019333333333333334 0.03200000000000001 
0.6894999999999999 0.34983333333333333 0.132 0.12933333333333333 0.18566666666666662 0.27 0.44033333333333347 0.4731666666666667 0.44066666666666665 0.4723333333333333 0.47966666666666663 0.47466666666666674 0.4750000000000001 0.4743333333333333 0.5028333333333335 0.47383333333333333 0.35750000000000015 1.0 0.17800000000000002 0.09566666666666665 0.4211666666666667 0.41500000000000015 0.20983333333333334 0.23066666666666663 0.1988333333333333 0.1948333333333333 0.16733333333333333 0.18116666666666664 0.7693333333333331 0.6639999999999999 0.2898333333333334 0.28233333333333344 0.3071666666666667 0.5791666666666668 0.28800000000000003 0.21233333333333332 0.36200000000000004 0.05249999999999999 0.24450000000000005 0.19533333333333336 0.24350000000000002 0.022166666666666668 0.2948333333333334 0.21466666666666662 0.2691666666666668 0.07 0.20316666666666666 0.204 0.2503333333333333 0.17433333333333334 0.4513333333333334 0.3293333333333333 0.3331666666666666 0.17650000000000002 0.1966666666666666 0.1716666666666667 0.34366666666666673 0.5496666666666666 0.47516666666666674 0.47516666666666674 0.4753333333333334 0.47433333333333344 0.4753333333333334 0.47466666666666674 0.47883333333333333 0.4679999999999998 0.4750000000000001 0.4750000000000001 0.21416666666666664 0.48233333333333306 0.551 0.43783333333333346 0.5186666666666666 0.44200000000000017 0.6655 0.11916666666666666 0.5455 0.3891666666666667 0.3323333333333334 0.5808333333333331 0.4216666666666667 0.6973333333333335 0.47449999999999987 0.8411666666666665 0.3991666666666668 0.12549999999999997 0.33433333333333337 0.2845 0.45566666666666655 0.45483333333333326 
0.09866666666666665 0.474 0.815 0.8109999999999999 0.45833333333333326 0.41766666666666663 0.059500000000000004 0.016 0.10616666666666667 0.014000000000000002 0.017 0.013833333333333335 0.017166666666666667 0.014333333333333335 0.335 0.017 0.29883333333333334 0.17800000000000002 1.0 0.7225 0.34800000000000003 0.3424999999999999 0.7243333333333336 0.7045 0.6665000000000001 0.6613333333333332 0.389 0.4481666666666667 0.33666666666666667 0.3431666666666667 0.7648333333333335 0.7501666666666668 0.5341666666666667 0.12833333333333333 0.4036666666666666 0.49816666666666654 0.4210000000000001 0.5226666666666666 0.6463333333333335 0.6609999999999999 0.4043333333333334 0.44033333333333324 0.6196666666666666 0.6585 0.46550000000000014 0.4483333333333333 0.6621666666666667 0.6721666666666667 0.5696666666666667 0.38300000000000006 0.22899999999999998 0.04266666666666666 0.5663333333333334 0.6365 0.5065000000000001 0.5715 0.36749999999999994 0.31866666666666665 0.014833333333333334 0.014833333333333336 0.015 0.014333333333333335 0.014666666666666668 0.015166666666666669 0.011000000000000001 0.012666666666666668 0.015166666666666669 0.014500000000000002 0.6701666666666667 0.26266666666666666 0.4385000000000001 0.4723333333333333 0.5468333333333333 0.04683333333333334 0.12033333333333333 0.41583333333333333 0.08366666666666667 0.20833333333333326 0.2683333333333333 0.42083333333333345 0.27449999999999997 0.16683333333333328 0.44550000000000006 0.1941666666666667 0.22233333333333327 0.4520000000000001 0.4861666666666667 0.615 0.07466666666666666 0.03833333333333334 
0.14883333333333332 0.41133333333333333 0.8321666666666667 0.8528333333333333 0.4773333333333332 0.3575000000000001 0.2436666666666667 0.20299999999999996 0.1691666666666667 0.2 0.1926666666666666 0.19949999999999998 0.2028333333333333 0.20049999999999998 0.21933333333333332 0.19749999999999995 0.2335 0.09566666666666665 0.7225 1.0 0.24700000000000005 0.2456666666666667 0.7098333333333336 0.6633333333333334 0.6863333333333334 0.6893333333333334 0.40616666666666673 0.4688333333333331 0.10716666666666667 0.22749999999999992 0.6021666666666665 0.598 0.2998333333333333 0.2828333333333334 0.4423333333333334 0.5408333333333333 0.42133333333333334 0.5523333333333335 0.584 0.6955000000000002 0.4188333333333334 0.6220000000000003 0.5638333333333331 0.6785 0.4818333333333334 0.47966666666666674 0.6753333333333335 0.7008333333333334 0.4893333333333332 0.38266666666666665 0.26100000000000007 0.06383333333333334 0.5611666666666668 0.6598333333333334 0.5109999999999999 0.6076666666666667 0.32533333333333325 0.36400000000000005 0.2008333333333333 0.20066666666666666 0.20049999999999998 0.2003333333333333 0.19966666666666666 0.2003333333333333 0.18049999999999997 0.19349999999999995 0.20116666666666666 0.19999999999999996 0.4843333333333333 0.38666666666666677 0.19766666666666666 0.22399999999999995 0.32716666666666666 0.23349999999999999 0.17533333333333334 0.556 0.23533333333333334 0.36949999999999994 0.2606666666666667 0.2953333333333333 0.12383333333333328 0.05433333333333332 0.33300000000000013 0.07750000000000001 0.26099999999999995 0.5113333333333333 0.38049999999999995 0.5298333333333334 0.2638333333333333 0.21949999999999995 
0.16116666666666662 0.5563333333333333 0.3418333333333334 0.3206666666666667 0.6931666666666666 0.789 0.001 0.0005 0.0006666666666666666 0.0005 0.0006666666666666666 0.0006666666666666666 0.0006666666666666666 0.0005 0.2278333333333333 0.0006666666666666666 0.7975000000000001 0.4211666666666667 0.34800000000000003 0.24700000000000005 1.0 0.9598333333333338 0.5218333333333333 0.5598333333333333 0.5215 0.5131666666666668 0.6718333333333333 0.7120000000000002 0.30183333333333345 0.25683333333333325 0.49133333333333346 0.5103333333333333 0.5903333333333334 0.21716666666666667 0.5053333333333333 0.48233333333333334 0.5796666666666668 0.19683333333333333 0.6506666666666666 0.5066666666666666 0.5618333333333332 0.14183333333333334 0.5078333333333334 0.5178333333333334 0.06899999999999999 0.18366666666666667 0.5269999999999999 0.4911666666666666 0.7316666666666667 0.34600000000000003 0.3888333333333333 0.4538333333333335 0.3556666666666666 0.5263333333333334 0.6888333333333333 0.49449999999999994 0.6210000000000001 0.12900000000000003 0.0008333333333333334 0.0008333333333333334 0.0006666666666666666 0.0008333333333333334 0.0008333333333333334 0.0006666666666666666 0.018000000000000002 0.005166666666666666 0.0006666666666666666 0.0008333333333333334 0.6103333333333334 0.1363333333333333 0.4846666666666667 0.5589999999999999 0.508 0.007499999999999999 0.21916666666666665 0.4998333333333333 0.1065 0.11166666666666668 0.7608333333333333 0.45483333333333315 0.6481666666666667 0.2076666666666666 0.7703333333333332 0.34933333333333316 0.299 0.3626666666666666 0.7726666666666665 0.5455000000000001 0.0045000000000000005 0.026666666666666665 
0.15799999999999997 0.5501666666666667 0.3390000000000001 0.31916666666666677 0.6935000000000002 0.7861666666666665 0.0016666666666666666 0.0008333333333333333 0.001 0.0008333333333333333 0.001 0.001 0.001 0.0008333333333333333 0.2248333333333334 0.001 0.8146666666666667 0.41500000000000015 0.3424999999999999 0.2456666666666667 0.9598333333333338 1.0 0.5190000000000001 0.5578333333333333 0.5205000000000001 0.5125 0.6673333333333333 0.7144999999999999 0.29366666666666674 0.24850000000000003 0.4810000000000001 0.5006666666666666 0.5966666666666669 0.2156666666666667 0.4953333333333335 0.472 0.5636666666666666 0.1865 0.6485 0.505 0.5535000000000002 0.13049999999999998 0.49599999999999994 0.5163333333333333 0.06733333333333333 0.17266666666666666 0.5248333333333332 0.4896666666666667 0.7283333333333336 0.3379999999999999 0.3846666666666667 0.46233333333333343 0.3578333333333334 0.5236666666666667 0.6911666666666667 0.49249999999999994 0.6233333333333334 0.13699999999999998 0.0011666666666666668 0.0011666666666666668 0.001 0.0011666666666666668 0.0011666666666666668 0.001 0.018333333333333333 0.005333333333333333 0.001 0.0011666666666666668 0.6098333333333332 0.13966666666666672 0.47633333333333316 0.5651666666666663 0.5041666666666667 0.006166666666666667 0.21616666666666667 0.5028333333333334 0.10150000000000002 0.10766666666666667 0.7721666666666667 0.44283333333333325 0.6503333333333333 0.20333333333333337 0.7533333333333335 0.3413333333333333 0.2871666666666666 0.3516666666666666 0.7609999999999998 0.5343333333333333 0.005166666666666666 0.02666666666666667 
0.013666666666666667 0.4050000000000001 0.8076666666666665 0.7823333333333334 0.6556666666666667 0.5986666666666666 0.0475 0.029500000000000005 0.034666666666666686 0.02766666666666667 0.023000000000000003 0.027166666666666672 0.027333333333333338 0.027333333333333338 0.12233333333333336 0.02516666666666667 0.47833333333333333 0.20983333333333334 0.7243333333333336 0.7098333333333336 0.5218333333333333 0.5190000000000001 1.0 0.9254999999999999 0.8978333333333333 0.8943333333333332 0.5933333333333334 0.6579999999999999 0.11683333333333336 0.19933333333333333 0.6426666666666666 0.6446666666666665 0.2863333333333333 0.08883333333333336 0.5886666666666668 0.6864999999999999 0.5925000000000002 0.4733333333333334 0.8471666666666665 0.8875 0.6006666666666667 0.42166666666666663 0.8008333333333333 0.8689999999999999 0.3738333333333334 0.4341666666666667 0.8746666666666666 0.8784999999999998 0.7336666666666667 0.3204999999999999 0.25116666666666665 0.18266666666666664 0.5183333333333333 0.8435000000000001 0.7144999999999999 0.7846666666666667 0.2841666666666666 0.2711666666666666 0.027833333333333342 0.027500000000000004 0.027333333333333338 0.027333333333333338 0.027333333333333338 0.02766666666666667 0.045666666666666654 0.03283333333333334 0.028000000000000008 0.027166666666666672 0.602 0.3296666666666668 0.21483333333333332 0.24916666666666656 0.35833333333333334 0.04916666666666667 0.07033333333333332 0.49683333333333324 0.06766666666666667 0.1693333333333333 0.38633333333333325 0.49200000000000005 0.21299999999999997 0.08850000000000001 0.5863333333333333 0.1868333333333334 0.4074999999999999 0.6436666666666668 0.6500000000000001 0.7971666666666664 0.08999999999999997 0.065 
0.014333333333333333 0.4310000000000001 0.7475000000000002 0.7301666666666669 0.7143333333333333 0.5993333333333334 0.010666666666666668 0.002833333333333333 0.0036666666666666666 0.0018333333333333335 0.0018333333333333335 0.0018333333333333335 0.0018333333333333335 0.0018333333333333335 0.11033333333333335 0.0018333333333333335 0.524 0.23066666666666663 0.7045 0.6633333333333334 0.5598333333333333 0.5578333333333333 0.9254999999999999 1.0 0.9388333333333333 0.9239999999999999 0.6520000000000001 0.7164999999999998 0.09733333333333336 0.18100000000000002 0.599 0.6025 0.27649999999999997 0.05466666666666666 0.6106666666666666 0.7049999999999998 0.6293333333333334 0.4699999999999999 0.8913333333333333 0.926 0.6595 0.3798333333333332 0.8216666666666665 0.9150000000000001 0.3641666666666667 0.42583333333333334 0.9283333333333337 0.9136666666666667 0.7648333333333334 0.3433333333333334 0.23733333333333329 0.22366666666666668 0.5391666666666669 0.9006666666666664 0.7733333333333333 0.8371666666666667 0.3113333333333334 0.28600000000000003 0.0018333333333333335 0.0018333333333333335 0.0018333333333333335 0.0018333333333333335 0.0018333333333333335 0.0018333333333333335 0.019666666666666673 0.006833333333333334 0.0018333333333333335 0.0018333333333333335 0.6220000000000002 0.35099999999999987 0.1973333333333333 0.2331666666666666 0.3468333333333333 0.02316666666666667 0.05616666666666666 0.5075000000000002 0.031 0.12816666666666662 0.3573333333333332 0.4916666666666667 0.22150000000000003 0.08183333333333331 0.6218333333333331 0.1726666666666667 0.44500000000000006 0.665 0.6868333333333332 0.8338333333333332 0.06416666666666666 0.04233333333333333 
0.014000000000000002 0.44499999999999995 0.7225 0.7041666666666666 0.7425 0.5581666666666666 0.009000000000000001 0.001 0.001 0.0 0.0 0.0 0.0 0.0 0.11366666666666664 0.0 0.5085000000000001 0.1988333333333333 0.6665000000000001 0.6863333333333334 0.5215 0.5205000000000001 0.8978333333333333 0.9388333333333333 1.0 0.9668333333333337 0.6798333333333332 0.7448333333333333 0.0625 0.15183333333333335 0.5720000000000001 0.573666666666667 0.2563333333333333 0.05033333333333332 0.6244999999999998 0.7148333333333333 0.6525000000000002 0.5051666666666668 0.8534999999999997 0.9664999999999999 0.6853333333333335 0.3856666666666666 0.794 0.9390000000000004 0.36933333333333346 0.44133333333333347 0.9528333333333333 0.9455 0.7271666666666667 0.3671666666666667 0.1973333333333333 0.223 0.5426666666666666 0.9279999999999998 0.797333333333333 0.8704999999999998 0.336 0.3213333333333334 0.0 0.0 0.0 0.0 0.0 0.0 0.01916666666666667 0.005333333333333333 0.0 0.0 0.5766666666666665 0.3539999999999999 0.16016666666666668 0.19416666666666665 0.3141666666666667 0.02150000000000001 0.05216666666666667 0.5321666666666667 0.022000000000000006 0.124 0.3131666666666667 0.4554999999999999 0.1788333333333334 0.05700000000000001 0.5826666666666668 0.1381666666666667 0.4435 0.6753333333333333 0.6424999999999998 0.7949999999999997 0.062333333333333345 0.04116666666666666 
