1.0 0.8209999999999998 0.07916666666666666 0.21499999999999997 0.07016666666666667 0.3803333333333333 0.7178333333333333 0.5541666666666667 0.14616666666666667 0.4576666666666666 0.8420000000000001 0.6248333333333332 0.8456666666666665 0.6746666666666666 0.8651666666666668 0.6196666666666666 0.14450000000000005 0.22966666666666677 0.7943333333333336 0.5459999999999999 0.19683333333333336 0.23683333333333337 0.27566666666666667 0.3921666666666666 0.05600000000000001 0.05500000000000001 0.1526666666666667 0.3431666666666668 0.2108333333333333 0.4953333333333332 0.4143333333333333 0.4586666666666666 0.2005 0.22866666666666668 0.25666666666666665 0.42499999999999993 0.11350000000000002 0.42633333333333334 0.09483333333333334 0.17399999999999988 0.2813333333333333 0.47400000000000003 0.06599999999999999 0.06616666666666665 0.06416666666666665 0.06583333333333331 0.07316666666666666 0.06666666666666665 0.06666666666666664 0.06699999999999999 0.06633333333333331 0.06649999999999998 0.11983333333333336 0.07633333333333335 0.06683333333333331 0.06633333333333331 0.20733333333333334 0.36649999999999994 0.256 0.3433333333333334 0.7979999999999999 0.6220000000000001 0.6675 0.5720000000000001 0.6134999999999997 0.38166666666666677 0.06049999999999999 0.14599999999999996 0.6483333333333334 0.20783333333333331 0.12833333333333333 0.37666666666666687 0.08716666666666667 0.4326666666666666 0.5601666666666667 0.7044999999999999 0.5568333333333333 0.4459999999999999 0.1281666666666667 0.5128333333333331 0.2733333333333333 0.4921666666666667 0.6508333333333334 0.5303333333333332 0.6486666666666667 0.4716666666666666 0.16400000000000006 0.32583333333333336 0.5923333333333334 0.24716666666666665 
0.8209999999999998 1.0 0.1686666666666666 0.3048333333333333 0.15999999999999998 0.485 0.8030000000000002 0.6836666666666666 0.23850000000000002 0.5685 0.8746666666666668 0.7156666666666665 0.8703333333333337 0.8024999999999999 0.8490000000000001 0.6433333333333334 0.05833333333333333 0.14400000000000002 0.8945000000000001 0.6156666666666668 0.07916666666666665 0.12166666666666665 0.3646666666666667 0.47916666666666663 0.14616666666666667 0.14399999999999996 0.24266666666666661 0.41450000000000004 0.11466666666666667 0.39583333333333337 0.41899999999999993 0.5448333333333333 0.2425 0.32049999999999984 0.3468333333333334 0.5128333333333334 0.10350000000000001 0.5030000000000002 0.041833333333333333 0.12999999999999995 0.16266666666666665 0.41616666666666674 0.022166666666666668 0.022333333333333337 0.02066666666666667 0.022500000000000006 0.027166666666666662 0.022500000000000006 0.022333333333333337 0.022666666666666672 0.02183333333333334 0.021500000000000005 0.03433333333333334 0.029166666666666664 0.022333333333333337 0.02166666666666667 0.1218333333333333 0.28116666666666673 0.18550000000000005 0.47783333333333317 0.8883333333333334 0.7540000000000002 0.6184999999999999 0.7151666666666668 0.6885000000000001 0.47916666666666674 0.14933333333333332 0.23816666666666658 0.5596666666666665 0.11299999999999999 0.1861666666666666 0.26866666666666666 0.17766666666666672 0.3493333333333333 0.6028333333333333 0.6783333333333335 0.6368333333333334 0.5295000000000001 0.0385 0.41816666666666663 0.17749999999999996 0.4000000000000001 0.5558333333333334 0.42983333333333335 0.5483333333333333 0.5573333333333332 0.11916666666666668 0.26833333333333337 0.6713333333333334 0.307 
0.07916666666666666 0.1686666666666666 1.0 0.7553333333333331 0.8918333333333334 0.5085000000000001 0.23716666666666672 0.4020000000000001 0.8866666666666667 0.4575000000000001 0.10533333333333328 0.3288333333333333 0.1015 0.2976666666666666 0.08349999999999998 0.3186666666666667 0.33983333333333343 0.06600000000000002 0.1706666666666667 0.5038333333333334 0.08966666666666664 0.07433333333333333 0.7849999999999998 0.6250000000000002 0.831666666666667 0.8356666666666663 0.848 0.6936666666666664 0.291 0.07566666666666666 0.40816666666666657 0.5913333333333335 0.6564999999999999 0.8233333333333335 0.6766666666666667 0.6328333333333332 0.5146666666666667 0.4701666666666667 0.29600000000000004 0.28383333333333327 0.29916666666666675 0.10749999999999998 0.06716666666666668 0.06683333333333336 0.1075 0.069 0.06750000000000002 0.0666666666666667 0.06816666666666668 0.06783333333333334 0.06800000000000002 0.06800000000000002 0.06716666666666668 0.06650000000000002 0.07050000000000001 0.06766666666666668 0.06583333333333335 0.06116666666666666 0.23166666666666663 0.6123333333333333 0.16816666666666666 0.33733333333333326 0.29133333333333333 0.3926666666666667 0.45183333333333325 0.6658333333333334 0.9041666666666666 0.9105 0.025166666666666667 0.051166666666666666 0.46199999999999997 0.12166666666666667 0.8180000000000003 0.05066666666666669 0.4483333333333334 0.267 0.5038333333333331 0.6078333333333333 0.3406666666666668 0.042833333333333334 0.2035000000000001 0.024833333333333332 0.028500000000000004 0.033499999999999995 0.0315 0.5928333333333332 0.4316666666666667 0.04016666666666668 0.4708333333333334 0.7856666666666667 
0.21499999999999997 0.3048333333333333 0.7553333333333331 1.0 0.6675 0.4963333333333332 0.2806666666666667 0.44916666666666694 0.7371666666666666 0.5089999999999999 0.24416666666666656 0.31600000000000006 0.23966666666666672 0.3356666666666666 0.22099999999999997 0.4196666666666667 0.11016666666666668 0.03683333333333334 0.31299999999999994 0.6473333333333333 0.07833333333333331 0.05166666666666666 0.7581666666666668 0.8161666666666667 0.6021666666666666 0.6078333333333333 0.7331666666666667 0.662666666666667 0.11016666666666669 0.11783333333333337 0.4613333333333333 0.7428333333333335 0.5885000000000001 0.8201666666666667 0.7268333333333332 0.7808333333333333 0.33650000000000013 0.5571666666666668 0.10850000000000003 0.11066666666666666 0.1235 0.19799999999999998 0.08483333333333337 0.08466666666666671 0.12433333333333332 0.08633333333333339 0.08883333333333338 0.08450000000000005 0.08516666666666671 0.08500000000000005 0.08533333333333339 0.08550000000000006 0.08483333333333337 0.0801666666666667 0.08733333333333336 0.08566666666666672 0.029999999999999995 0.08149999999999999 0.08900000000000001 0.5323333333333335 0.29549999999999993 0.4758333333333332 0.4415 0.5423333333333333 0.5941666666666671 0.6355000000000001 0.6848333333333333 0.8023333333333332 0.152 0.08800000000000002 0.5163333333333333 0.12116666666666666 0.6371666666666667 0.11149999999999999 0.45883333333333326 0.4028333333333334 0.6520000000000001 0.7623333333333333 0.11083333333333333 0.12016666666666664 0.11783333333333329 0.10549999999999997 0.16349999999999998 0.13133333333333336 0.15816666666666665 0.599 0.31199999999999994 0.1263333333333333 0.6118333333333333 0.6774999999999999 
0.07016666666666667 0.15999999999999998 0.8918333333333334 0.6675 1.0 0.45133333333333325 0.22466666666666668 0.34333333333333327 0.8469999999999999 0.39099999999999985 0.09683333333333335 0.30483333333333335 0.09399999999999997 0.2858333333333334 0.07466666666666665 0.28566666666666657 0.42700000000000005 0.15549999999999994 0.15383333333333335 0.4493333333333333 0.136 0.16099999999999995 0.7055 0.5478333333333333 0.9164999999999999 0.9159999999999999 0.8116666666666664 0.622 0.30883333333333335 0.06816666666666667 0.3986666666666666 0.5193333333333334 0.7396666666666667 0.7439999999999998 0.6128333333333335 0.5565 0.46033333333333326 0.4636666666666666 0.3393333333333334 0.2916666666666667 0.2931666666666667 0.10433333333333335 0.15649999999999994 0.15616666666666665 0.19683333333333333 0.15849999999999997 0.1568333333333333 0.15616666666666662 0.15766666666666662 0.15733333333333333 0.15749999999999995 0.15749999999999997 0.15666666666666662 0.15649999999999994 0.15999999999999998 0.1568333333333333 0.1558333333333333 0.13316666666666666 0.2976666666666667 0.5348333333333333 0.15750000000000003 0.27516666666666667 0.22416666666666668 0.32466666666666677 0.43900000000000006 0.6076666666666667 0.9075000000000002 0.8281666666666666 0.009166666666666667 0.08116666666666666 0.5539999999999998 0.18716666666666668 0.9078333333333332 0.10966666666666663 0.45016666666666666 0.25566666666666665 0.46433333333333315 0.5398333333333333 0.4268333333333333 0.06966666666666665 0.25866666666666677 0.022166666666666668 0.008166666666666668 0.027333333333333334 0.01516666666666667 0.5691666666666668 0.3459999999999999 0.07766666666666663 0.449 0.714 
0.3803333333333333 0.485 0.5085000000000001 0.4963333333333332 0.45133333333333325 1.0 0.6266666666666666 0.7221666666666665 0.5826666666666668 0.8788333333333334 0.5145 0.7165000000000002 0.5095 0.5679999999999998 0.4555000000000002 0.48066666666666663 0.2553333333333333 0.022666666666666672 0.5631666666666666 0.3516666666666666 0.12983333333333336 0.05433333333333332 0.5018333333333335 0.428 0.3960000000000001 0.4006666666666668 0.4731666666666667 0.49316666666666653 0.2645 0.11316666666666665 0.08833333333333332 0.38333333333333336 0.31683333333333336 0.5105000000000001 0.3283333333333332 0.3963333333333333 0.4344999999999999 0.21350000000000002 0.2416666666666666 0.2733333333333334 0.2656666666666668 0.04166666666666668 0.06499999999999996 0.06499999999999996 0.06566666666666662 0.06566666666666662 0.0653333333333333 0.06483333333333328 0.06599999999999996 0.06549999999999996 0.06549999999999996 0.06566666666666664 0.07216666666666667 0.06499999999999997 0.06833333333333332 0.06666666666666665 0.023666666666666673 0.014166666666666668 0.1353333333333333 0.8388333333333332 0.5726666666666667 0.6878333333333334 0.49749999999999994 0.6509999999999999 0.29600000000000004 0.5233333333333333 0.4426666666666666 0.581 0.1166666666666667 0.09666666666666664 0.2681666666666667 0.08366666666666665 0.4403333333333333 0.02183333333333334 0.3473333333333333 0.21483333333333327 0.3443333333333333 0.4243333333333333 0.23699999999999993 0.03716666666666666 0.16600000000000004 0.053999999999999986 0.134 0.07516666666666666 0.1261666666666667 0.3496666666666667 0.4218333333333334 0.07516666666666666 0.28316666666666657 0.6051666666666667 
0.7178333333333333 0.8030000000000002 0.23716666666666672 0.2806666666666667 0.22466666666666668 0.6266666666666666 1.0 0.7733333333333334 0.3096666666666666 0.7105 0.8605000000000002 0.8538333333333332 0.8556666666666666 0.8529999999999996 0.8015000000000001 0.5981666666666667 0.10649999999999997 0.04799999999999999 0.8881666666666668 0.5198333333333334 0.07683333333333332 0.05150000000000001 0.4178333333333332 0.41833333333333333 0.2081666666666667 0.2068333333333334 0.3055 0.4608333333333332 0.17050000000000004 0.31050000000000005 0.33766666666666667 0.46599999999999997 0.18250000000000002 0.2935 0.28316666666666673 0.42416666666666664 0.18216666666666664 0.42550000000000004 0.10533333333333333 0.2031666666666667 0.21816666666666668 0.3315000000000001 0.0013333333333333335 0.0015000000000000002 0.001 0.0015000000000000002 0.005666666666666666 0.0015000000000000002 0.0015000000000000002 0.0015000000000000002 0.001 0.001 0.0031666666666666666 0.0034999999999999996 0.001 0.001 0.03983333333333333 0.1675 0.2145 0.5938333333333334 0.8921666666666667 0.7343333333333334 0.5483333333333333 0.6690000000000002 0.6126666666666666 0.5485 0.21533333333333338 0.3068333333333333 0.4275 0.08866666666666669 0.15633333333333327 0.16816666666666663 0.24216666666666664 0.22783333333333336 0.6059999999999999 0.5383333333333333 0.5606666666666666 0.4568333333333333 0.08650000000000002 0.30033333333333334 0.10583333333333333 0.2854999999999999 0.43900000000000006 0.3305 0.4421666666666668 0.5956666666666667 0.185 0.18633333333333332 0.5911666666666666 0.38500000000000006 
0.5541666666666667 0.6836666666666666 0.4020000000000001 0.44916666666666694 0.34333333333333327 0.7221666666666665 0.7733333333333334 1.0 0.46933333333333316 0.8255000000000001 0.6825000000000001 0.7818333333333329 0.679 0.7496666666666666 0.6333333333333333 0.6216666666666666 0.14016666666666666 0.03516666666666667 0.7444999999999997 0.5675000000000001 0.06316666666666668 0.03933333333333334 0.5605000000000001 0.5420000000000001 0.3005 0.30433333333333334 0.4506666666666668 0.6006666666666663 0.15999999999999998 0.22216666666666665 0.28600000000000003 0.5768333333333332 0.25683333333333336 0.44633333333333325 0.4011666666666666 0.5516666666666666 0.2936666666666667 0.4126666666666667 0.127 0.18266666666666664 0.18799999999999997 0.22533333333333339 0.0003333333333333333 0.0005 0.0003333333333333333 0.0005 0.004833333333333333 0.0005 0.0005 0.0005 0.0 0.0 0.0006666666666666666 0.0005 0.0006666666666666666 0.0 0.028833333333333343 0.1138333333333334 0.1783333333333334 0.7480000000000002 0.7376666666666665 0.8718333333333333 0.6231666666666665 0.8198333333333333 0.5308333333333334 0.6789999999999999 0.352 0.4850000000000001 0.30216666666666675 0.042 0.21799999999999997 0.11066666666666665 0.3465 0.169 0.5286666666666666 0.4401666666666668 0.5718333333333332 0.6029999999999999 0.1213333333333333 0.2008333333333333 0.09216666666666669 0.1868333333333333 0.31700000000000006 0.23666666666666675 0.3103333333333334 0.5483333333333333 0.3048333333333334 0.122 0.5179999999999998 0.5411666666666666 
0.14616666666666667 0.23850000000000002 0.8866666666666667 0.7371666666666666 0.8469999999999999 0.5826666666666668 0.3096666666666666 0.46933333333333316 1.0 0.5228333333333333 0.17666666666666672 0.4071666666666666 0.17233333333333342 0.3723333333333332 0.15149999999999994 0.3735 0.3245 0.04433333333333333 0.2445 0.5273333333333333 0.1008333333333333 0.06016666666666663 0.7891666666666666 0.633 0.774 0.7734999999999999 0.7958333333333334 0.7078333333333336 0.2991666666666667 0.07866666666666668 0.33083333333333337 0.5881666666666664 0.6301666666666667 0.8278333333333332 0.64 0.6403333333333332 0.5035000000000001 0.43650000000000005 0.3040000000000001 0.28550000000000003 0.29016666666666674 0.0876666666666667 0.046000000000000006 0.0455 0.07533333333333332 0.04766666666666666 0.046000000000000006 0.04533333333333332 0.046833333333333345 0.046666666666666676 0.04633333333333334 0.04633333333333334 0.0455 0.04533333333333333 0.049166666666666664 0.04633333333333333 0.04583333333333333 0.02516666666666666 0.19783333333333336 0.6745000000000003 0.24149999999999988 0.4048333333333332 0.3461666666666667 0.4558333333333333 0.4938333333333332 0.7229999999999999 0.804 0.9140000000000004 0.05033333333333332 0.03916666666666666 0.4653333333333334 0.10399999999999998 0.8265000000000002 0.025000000000000005 0.48633333333333334 0.2953333333333332 0.5409999999999999 0.6303333333333334 0.31866666666666676 0.03333333333333333 0.18399999999999994 0.03299999999999999 0.05883333333333332 0.0345 0.05883333333333332 0.599 0.45366666666666666 0.07749999999999996 0.4851666666666666 0.8160000000000001 
0.4576666666666666 0.5685 0.4575000000000001 0.5089999999999999 0.39099999999999985 0.8788333333333334 0.7105 0.8255000000000001 0.5228333333333333 1.0 0.5926666666666666 0.7565000000000002 0.5888333333333332 0.6378333333333333 0.5343333333333331 0.5376666666666667 0.20383333333333328 0.008 0.6436666666666665 0.43233333333333335 0.10950000000000001 0.03383333333333334 0.5363333333333332 0.4761666666666665 0.34283333333333327 0.34683333333333344 0.47666666666666674 0.5376666666666666 0.21316666666666667 0.14516666666666664 0.1585 0.4549999999999999 0.2738333333333334 0.4776666666666667 0.3538333333333333 0.4538333333333334 0.3738333333333332 0.2933333333333333 0.18966666666666668 0.23516666666666663 0.23316666666666666 0.10833333333333332 0.03433333333333335 0.03450000000000001 0.03400000000000001 0.03450000000000001 0.036500000000000005 0.03450000000000001 0.03450000000000001 0.03450000000000001 0.03400000000000001 0.03400000000000001 0.03466666666666668 0.032000000000000015 0.03550000000000001 0.03466666666666668 0.010166666666666668 0.048833333333333326 0.157 0.8188333333333339 0.6460000000000001 0.7773333333333334 0.5541666666666666 0.7293333333333334 0.38333333333333336 0.5898333333333333 0.40466666666666673 0.5408333333333334 0.18766666666666673 0.0675 0.23 0.08133333333333333 0.3856666666666666 0.06833333333333332 0.4179999999999999 0.29516666666666663 0.429 0.4971666666666666 0.18483333333333335 0.09550000000000003 0.11116666666666669 0.09383333333333332 0.2015 0.13733333333333328 0.19233333333333338 0.4331666666666667 0.38166666666666665 0.07816666666666666 0.3703333333333333 0.5898333333333333 
0.8420000000000001 0.8746666666666668 0.10533333333333328 0.24416666666666656 0.09683333333333335 0.5145 0.8605000000000002 0.6825000000000001 0.17666666666666672 0.5926666666666666 1.0 0.7526666666666665 0.9846666666666671 0.7918333333333334 0.9306666666666663 0.6053333333333334 0.030666666666666672 0.10833333333333332 0.9283333333333332 0.5498333333333334 0.0845 0.12016666666666666 0.3026666666666667 0.42349999999999993 0.08266666666666668 0.081 0.17833333333333334 0.3453333333333334 0.10083333333333332 0.37749999999999995 0.41449999999999987 0.49183333333333334 0.17099999999999999 0.24950000000000006 0.2888333333333334 0.45250000000000007 0.06116666666666668 0.45883333333333354 0.0325 0.13483333333333328 0.1696666666666667 0.43183333333333324 0.004166666666666667 0.004166666666666667 0.003666666666666667 0.004166666666666667 0.008333333333333333 0.004166666666666667 0.004333333333333333 0.004166666666666667 0.004 0.003666666666666667 0.007166666666666667 0.012166666666666666 0.003833333333333333 0.003666666666666667 0.08500000000000002 0.24316666666666667 0.157 0.4653333333333331 0.9189999999999999 0.7418333333333331 0.5771666666666665 0.6859999999999999 0.6475000000000002 0.42299999999999977 0.08683333333333336 0.17316666666666666 0.5208333333333335 0.09533333333333335 0.10800000000000003 0.25583333333333325 0.11383333333333334 0.31466666666666665 0.5553333333333335 0.6586666666666667 0.5898333333333331 0.4793333333333333 0.010666666666666666 0.3903333333333335 0.15533333333333335 0.3723333333333333 0.5315 0.4136666666666667 0.5393333333333333 0.49850000000000017 0.10116666666666671 0.26849999999999996 0.626 0.2594999999999999 
0.6248333333333332 0.7156666666666665 0.3288333333333333 0.31600000000000006 0.30483333333333335 0.7165000000000002 0.8538333333333332 0.7818333333333329 0.4071666666666666 0.7565000000000002 0.7526666666666665 1.0 0.7484999999999998 0.8271666666666667 0.694 0.6685000000000001 0.17666666666666672 0.05483333333333333 0.7893333333333333 0.48750000000000016 0.07483333333333332 0.05466666666666667 0.41566666666666663 0.39133333333333326 0.27883333333333343 0.27816666666666673 0.34233333333333327 0.46283333333333343 0.2298333333333333 0.3206666666666667 0.2503333333333333 0.43316666666666664 0.2604999999999999 0.4001666666666667 0.28166666666666673 0.40766666666666657 0.26799999999999996 0.39166666666666655 0.17000000000000004 0.25849999999999995 0.2776666666666667 0.24250000000000008 0.0006666666666666666 0.0008333333333333334 0.00016666666666666666 0.001 0.002 0.0008333333333333334 0.001 0.001 0.0003333333333333333 0.0005 0.0034999999999999996 0.0025 0.001 0.0005 0.044999999999999984 0.11649999999999999 0.18816666666666662 0.7001666666666665 0.8089999999999997 0.7519999999999999 0.5393333333333333 0.6828333333333332 0.5131666666666668 0.5558333333333332 0.2936666666666667 0.4081666666666666 0.33866666666666667 0.07583333333333335 0.16633333333333333 0.15216666666666667 0.32333333333333336 0.16433333333333333 0.5261666666666668 0.4453333333333333 0.5053333333333331 0.45350000000000007 0.15716666666666668 0.2163333333333333 0.1691666666666667 0.23183333333333322 0.35300000000000004 0.2788333333333335 0.341 0.5078333333333334 0.2833333333333334 0.137 0.5001666666666668 0.48583333333333345 
0.8456666666666665 0.8703333333333337 0.1015 0.23966666666666672 0.09399999999999997 0.5095 0.8556666666666666 0.679 0.17233333333333342 0.5888333333333332 0.9846666666666671 0.7484999999999998 1.0 0.7876666666666668 0.9323333333333333 0.6006666666666667 0.030000000000000006 0.10783333333333334 0.9241666666666665 0.5455 0.08533333333333333 0.12266666666666666 0.29833333333333334 0.4191666666666666 0.07933333333333334 0.07783333333333332 0.17400000000000002 0.34050000000000014 0.10099999999999998 0.37816666666666654 0.4141666666666665 0.4874999999999999 0.1741666666666667 0.24516666666666673 0.2853333333333333 0.44816666666666655 0.061 0.4568333333333334 0.032666666666666656 0.13549999999999998 0.171 0.4321666666666666 0.004 0.004 0.003833333333333333 0.004166666666666667 0.008333333333333333 0.004166666666666667 0.004333333333333333 0.004166666666666667 0.003833333333333333 0.0034999999999999996 0.006500000000000001 0.012 0.003833333333333333 0.0034999999999999996 0.08450000000000003 0.2425 0.15650000000000003 0.4608333333333334 0.9145000000000002 0.7379999999999999 0.5735 0.6821666666666666 0.6425 0.4186666666666666 0.08316666666666667 0.16883333333333336 0.5205 0.09466666666666666 0.1041666666666667 0.2576666666666666 0.1105 0.31399999999999995 0.5523333333333332 0.6630000000000001 0.5854999999999999 0.47499999999999987 0.01 0.38900000000000007 0.15583333333333332 0.3716666666666667 0.5301666666666667 0.41383333333333333 0.5378333333333333 0.49483333333333335 0.10000000000000003 0.27 0.6216666666666666 0.25733333333333336 
0.6746666666666666 0.8024999999999999 0.2976666666666666 0.3356666666666666 0.2858333333333334 0.5679999999999998 0.8529999999999996 0.7496666666666666 0.3723333333333332 0.6378333333333333 0.7918333333333334 0.8271666666666667 0.7876666666666668 1.0 0.7475 0.6496666666666667 0.10516666666666664 0.06616666666666668 0.8404999999999998 0.5891666666666666 0.06366666666666666 0.056499999999999995 0.45266666666666666 0.47700000000000004 0.26799999999999996 0.26666666666666666 0.3538333333333334 0.5 0.16883333333333334 0.3451666666666667 0.3693333333333333 0.5219999999999999 0.2796666666666667 0.3911666666666667 0.34516666666666673 0.4901666666666668 0.1815 0.47416666666666674 0.10616666666666667 0.20066666666666674 0.2176666666666666 0.3296666666666666 0.0006666666666666666 0.0008333333333333334 0.001 0.0008333333333333334 0.0023333333333333335 0.0008333333333333334 0.0008333333333333334 0.0008333333333333334 0.0003333333333333333 0.0003333333333333333 0.0006666666666666666 0.0034999999999999996 0.0003333333333333333 0.0003333333333333333 0.0495 0.1753333333333333 0.20899999999999996 0.5975 0.8496666666666668 0.7525 0.5380000000000001 0.7150000000000002 0.6668333333333334 0.5973333333333334 0.27466666666666667 0.3708333333333334 0.43133333333333324 0.0826666666666667 0.2155000000000001 0.1821666666666667 0.3048333333333333 0.23583333333333342 0.6368333333333334 0.5971666666666667 0.6173333333333334 0.5131666666666667 0.08516666666666667 0.30416666666666664 0.1396666666666667 0.2951666666666666 0.44449999999999995 0.33366666666666667 0.43633333333333324 0.6221666666666666 0.18900000000000003 0.1783333333333333 0.6505000000000001 0.445 
0.8651666666666668 0.8490000000000001 0.08349999999999998 0.22099999999999997 0.07466666666666665 0.4555000000000002 0.8015000000000001 0.6333333333333333 0.15149999999999994 0.5343333333333331 0.9306666666666663 0.694 0.9323333333333333 0.7475 1.0 0.5876666666666669 0.07466666666666667 0.15266666666666667 0.8744999999999998 0.531 0.13733333333333336 0.1731666666666667 0.2783333333333333 0.39916666666666656 0.06333333333333332 0.06183333333333334 0.15549999999999997 0.3211666666666666 0.14833333333333337 0.42516666666666675 0.4194999999999998 0.4674999999999999 0.17083333333333336 0.225 0.266 0.42816666666666664 0.09050000000000002 0.4395 0.07283333333333333 0.1758333333333333 0.22300000000000003 0.4689999999999999 0.041999999999999996 0.041999999999999996 0.04166666666666666 0.04233333333333333 0.046833333333333324 0.041999999999999996 0.041999999999999996 0.04183333333333333 0.041999999999999996 0.04183333333333333 0.051500000000000004 0.050333333333333334 0.041999999999999996 0.04266666666666666 0.12899999999999998 0.2870000000000001 0.19933333333333333 0.4151666666666667 0.8648333333333333 0.6921666666666668 0.5958333333333332 0.6403333333333332 0.6223333333333333 0.3979999999999999 0.06699999999999999 0.14883333333333332 0.5678333333333332 0.1416666666666667 0.088 0.3065 0.09050000000000001 0.3606666666666667 0.5313333333333332 0.6633333333333334 0.5643333333333334 0.4545 0.05533333333333333 0.43516666666666665 0.20033333333333336 0.4186666666666667 0.5764999999999999 0.4608333333333334 0.5856666666666667 0.4768333333333334 0.1381666666666667 0.3086666666666668 0.6035 0.24483333333333332 
0.6196666666666666 0.6433333333333334 0.3186666666666667 0.4196666666666667 0.28566666666666657 0.48066666666666663 0.5981666666666667 0.6216666666666666 0.3735 0.5376666666666667 0.6053333333333334 0.6685000000000001 0.6006666666666667 0.6496666666666667 0.5876666666666669 1.0 0.15966666666666665 0.20966666666666672 0.6573333333333333 0.6339999999999999 0.1563333333333333 0.1935 0.4235 0.5151666666666667 0.2556666666666666 0.25666666666666665 0.335 0.4663333333333334 0.24616666666666664 0.4716666666666666 0.36033333333333334 0.5788333333333334 0.36033333333333345 0.4756666666666668 0.40766666666666673 0.5538333333333333 0.3273333333333334 0.5141666666666667 0.20883333333333337 0.2663333333333332 0.2913333333333334 0.4080000000000002 0.1193333333333333 0.11966666666666663 0.12450000000000001 0.11866666666666666 0.12166666666666665 0.11949999999999998 0.11933333333333332 0.11983333333333332 0.11866666666666664 0.11816666666666667 0.10533333333333335 0.14049999999999996 0.11966666666666664 0.11983333333333332 0.17516666666666666 0.26949999999999996 0.21266666666666662 0.4731666666666667 0.6598333333333335 0.6725 0.6820000000000002 0.6446666666666667 0.6348333333333332 0.52 0.2783333333333333 0.3975 0.4903333333333333 0.17116666666666666 0.2376666666666667 0.29600000000000004 0.3005000000000001 0.3414999999999999 0.5713333333333335 0.6245 0.6415000000000001 0.6006666666666665 0.16816666666666666 0.38900000000000007 0.30500000000000005 0.39716666666666667 0.5229999999999999 0.45183333333333336 0.5009999999999999 0.5091666666666667 0.3355 0.3136666666666666 0.6236666666666666 0.4860000000000001 
0.14450000000000005 0.05833333333333333 0.33983333333333343 0.11016666666666668 0.42700000000000005 0.2553333333333333 0.10649999999999997 0.14016666666666666 0.3245 0.20383333333333328 0.030666666666666672 0.17666666666666672 0.030000000000000006 0.10516666666666664 0.07466666666666667 0.15966666666666665 1.0 0.687 0.027833333333333342 0.022 0.5488333333333335 0.5916666666666667 0.1706666666666667 0.014666666666666663 0.493 0.48966666666666664 0.3055 0.17700000000000007 0.7610000000000001 0.5123333333333333 0.25616666666666676 0.008666666666666666 0.38433333333333336 0.18699999999999992 0.06299999999999999 0.019166666666666672 0.5846666666666668 0.0618333333333333 0.7740000000000002 0.6863333333333334 0.6736666666666667 0.34499999999999986 0.6379999999999999 0.6366666666666665 0.6333333333333332 0.6369999999999999 0.6416666666666664 0.6373333333333332 0.6374999999999998 0.6388333333333331 0.6386666666666665 0.6383333333333331 0.6874999999999997 0.6381666666666665 0.6411666666666663 0.6371666666666665 0.6946666666666665 0.6671666666666667 0.8088333333333334 0.28416666666666673 0.03883333333333333 0.06599999999999998 0.1928333333333334 0.05916666666666667 0.0 0.16266666666666668 0.4136666666666667 0.2751666666666668 0.43799999999999994 0.569 0.24166666666666675 0.42016666666666663 0.44533333333333336 0.5624999999999999 0.12100000000000001 0.06466666666666665 0.0 0.02833333333333334 0.9645000000000005 0.569 0.7693333333333332 0.5035 0.41933333333333345 0.4695 0.4220000000000001 0.10883333333333331 0.6593333333333335 0.4776666666666666 0.0 0.30066666666666675 
0.22966666666666677 0.14400000000000002 0.06600000000000002 0.03683333333333334 0.15549999999999994 0.022666666666666672 0.04799999999999999 0.03516666666666667 0.04433333333333333 0.008 0.10833333333333332 0.05483333333333333 0.10783333333333334 0.06616666666666668 0.15266666666666667 0.20966666666666672 0.687 1.0 0.10516666666666667 0.13399999999999998 0.6699999999999998 0.8491666666666664 0.002 0.06250000000000001 0.22199999999999992 0.2195 0.07283333333333335 0.04666666666666667 0.5218333333333333 0.5848333333333333 0.35733333333333334 0.10050000000000002 0.32233333333333325 0.10200000000000001 0.22383333333333336 0.10316666666666668 0.3188333333333334 0.12900000000000003 0.5025 0.4286666666666668 0.4344999999999999 0.46066666666666656 0.7971666666666667 0.7978333333333332 0.7931666666666666 0.7956666666666666 0.8041666666666666 0.7986666666666664 0.7973333333333332 0.7981666666666666 0.7986666666666667 0.8001666666666667 0.8838333333333331 0.8201666666666667 0.7969999999999999 0.7968333333333333 0.9538333333333334 0.8516666666666669 0.6416666666666668 0.008333333333333333 0.10833333333333335 0.10200000000000004 0.31133333333333324 0.10733333333333336 0.10150000000000002 0.0018333333333333335 0.13966666666666666 0.0025 0.5651666666666667 0.7561666666666668 0.4348333333333333 0.6928333333333333 0.1778333333333334 0.7038333333333334 0.10816666666666665 0.18733333333333338 0.10166666666666668 0.10050000000000002 0.7086666666666668 0.7056666666666668 0.7675 0.6963333333333334 0.5575000000000001 0.584 0.5374999999999999 0.014000000000000002 0.38183333333333336 0.6791666666666667 0.10133333333333334 0.02633333333333333 
0.7943333333333336 0.8945000000000001 0.1706666666666667 0.31299999999999994 0.15383333333333335 0.5631666666666666 0.8881666666666668 0.7444999999999997 0.2445 0.6436666666666665 0.9283333333333332 0.7893333333333333 0.9241666666666665 0.8404999999999998 0.8744999999999998 0.6573333333333333 0.027833333333333342 0.10516666666666667 1.0 0.6161666666666664 0.04933333333333331 0.08700000000000001 0.3716666666666668 0.4924999999999999 0.1363333333333334 0.13533333333333333 0.24400000000000005 0.4136666666666667 0.08466666666666665 0.36099999999999993 0.4243333333333332 0.5606666666666666 0.21899999999999997 0.31799999999999984 0.35533333333333333 0.5216666666666667 0.10316666666666667 0.49866666666666665 0.022333333333333337 0.11783333333333332 0.133 0.408 0.0008333333333333334 0.001 0.0 0.001 0.005166666666666666 0.001 0.001 0.001 0.0005 0.0005 0.003 0.007833333333333333 0.0005 0.0005 0.08200000000000002 0.2401666666666666 0.15316666666666667 0.5295 0.9541666666666672 0.8044999999999999 0.6329999999999998 0.7516666666666666 0.7049999999999998 0.49133333333333346 0.14500000000000002 0.24200000000000002 0.5076666666666667 0.08116666666666666 0.16449999999999995 0.21183333333333335 0.17133333333333334 0.31016666666666665 0.5931666666666668 0.6249999999999999 0.6566666666666667 0.5481666666666667 0.007833333333333333 0.3806666666666667 0.14216666666666666 0.35783333333333334 0.5231666666666669 0.3968333333333334 0.5178333333333334 0.5575 0.11166666666666666 0.2511666666666667 0.6874999999999999 0.31933333333333336 
0.5459999999999999 0.6156666666666668 0.5038333333333334 0.6473333333333333 0.4493333333333333 0.3516666666666666 0.5198333333333334 0.5675000000000001 0.5273333333333333 0.43233333333333335 0.5498333333333334 0.48750000000000016 0.5455 0.5891666666666666 0.531 0.6339999999999999 0.022 0.13399999999999998 0.6161666666666664 1.0 0.05566666666666665 0.1103333333333333 0.7036666666666668 0.8176666666666667 0.4116666666666664 0.41466666666666663 0.5589999999999999 0.6931666666666665 0.06316666666666668 0.32066666666666666 0.6283333333333334 0.8731666666666665 0.49800000000000005 0.6583333333333331 0.6813333333333332 0.8483333333333333 0.17783333333333332 0.6796666666666665 0.028000000000000004 0.06533333333333333 0.10033333333333333 0.4315 0.018500000000000003 0.018333333333333333 0.05649999999999999 0.017833333333333333 0.023333333333333334 0.018333333333333333 0.017833333333333333 0.018333333333333333 0.019 0.019333333333333334 0.027166666666666672 0.029333333333333336 0.018833333333333334 0.019 0.10566666666666666 0.2533333333333333 0.1465 0.3618333333333334 0.5996666666666666 0.6340000000000001 0.6238333333333335 0.6556666666666666 0.867 0.7273333333333335 0.45399999999999996 0.5801666666666666 0.4576666666666666 0.06366666666666665 0.3781666666666667 0.25249999999999995 0.44966666666666677 0.3296666666666666 0.7071666666666665 0.709 0.9046666666666665 0.8643333333333332 0.024666666666666674 0.3504999999999999 0.13733333333333334 0.32233333333333336 0.47100000000000003 0.35433333333333344 0.45233333333333325 0.758 0.19666666666666668 0.2108333333333334 0.879 0.5949999999999998 
0.19683333333333336 0.07916666666666665 0.08966666666666664 0.07833333333333331 0.136 0.12983333333333336 0.07683333333333332 0.06316666666666668 0.1008333333333333 0.10950000000000001 0.0845 0.07483333333333332 0.08533333333333333 0.06366666666666666 0.13733333333333336 0.1563333333333333 0.5488333333333335 0.6699999999999998 0.04933333333333331 0.05566666666666665 1.0 0.7623333333333332 0.055333333333333325 0.03899999999999999 0.17666666666666667 0.1725 0.08916666666666666 0.10449999999999998 0.6516666666666668 0.5313333333333332 0.16516666666666668 0.028500000000000004 0.16 0.04233333333333333 0.11766666666666667 0.017833333333333336 0.45716666666666667 0.17966666666666659 0.6149999999999999 0.5521666666666667 0.6564999999999998 0.46016666666666667 0.6484999999999996 0.6461666666666664 0.6438333333333333 0.6454999999999999 0.6504999999999996 0.6479999999999998 0.648333333333333 0.6486666666666665 0.6506666666666666 0.6506666666666665 0.7410000000000001 0.6638333333333333 0.6511666666666664 0.6544999999999997 0.6850000000000002 0.5438333333333334 0.47350000000000003 0.07 0.05433333333333331 0.029000000000000005 0.22949999999999995 0.024333333333333335 0.04716666666666665 0.059499999999999977 0.10533333333333333 0.072 0.4225000000000001 0.7544999999999998 0.4128333333333334 0.5888333333333334 0.1703333333333334 0.532 0.161 0.15983333333333336 0.030999999999999996 0.02516666666666667 0.5723333333333334 0.45683333333333337 0.5654999999999999 0.5348333333333334 0.4254999999999999 0.5318333333333334 0.42383333333333334 0.07366666666666666 0.3793333333333333 0.5165000000000003 0.0435 0.10866666666666663 
0.23683333333333337 0.12166666666666665 0.07433333333333333 0.05166666666666666 0.16099999999999995 0.05433333333333332 0.05150000000000001 0.03933333333333334 0.06016666666666663 0.03383333333333334 0.12016666666666666 0.05466666666666667 0.12266666666666666 0.056499999999999995 0.1731666666666667 0.1935 0.5916666666666667 0.8491666666666664 0.08700000000000001 0.1103333333333333 0.7623333333333332 1.0 0.016833333333333332 0.04666666666666666 0.225 0.222 0.07766666666666665 0.06383333333333327 0.4649999999999999 0.4729999999999999 0.2581666666666667 0.07566666666666669 0.2778333333333334 0.08149999999999996 0.2118333333333333 0.07666666666666669 0.32750000000000007 0.12033333333333336 0.4396666666666666 0.3681666666666667 0.4718333333333332 0.3948333333333334 0.7461666666666666 0.7448333333333332 0.7424999999999998 0.7443333333333332 0.7474999999999997 0.7463333333333333 0.7459999999999998 0.7471666666666664 0.7479999999999998 0.7478333333333331 0.8390000000000002 0.7739999999999998 0.7463333333333333 0.7451666666666665 0.8651666666666668 0.7104999999999998 0.5336666666666667 0.018000000000000002 0.08683333333333337 0.07766666666666669 0.2848333333333333 0.07983333333333337 0.08116666666666669 0.017833333333333333 0.14249999999999996 0.01966666666666667 0.4365 0.7156666666666667 0.49266666666666653 0.7719999999999999 0.19000000000000003 0.5886666666666667 0.12699999999999997 0.20399999999999996 0.07950000000000003 0.07666666666666669 0.6123333333333335 0.5736666666666669 0.6443333333333331 0.5701666666666667 0.43700000000000006 0.4723333333333332 0.42633333333333323 0.019333333333333334 0.29766666666666663 0.5571666666666666 0.08166666666666669 0.05050000000000001 
0.27566666666666667 0.3646666666666667 0.7849999999999998 0.7581666666666668 0.7055 0.5018333333333335 0.4178333333333332 0.5605000000000001 0.7891666666666666 0.5363333333333332 0.3026666666666667 0.41566666666666663 0.29833333333333334 0.45266666666666666 0.2783333333333333 0.4235 0.1706666666666667 0.002 0.3716666666666668 0.7036666666666668 0.055333333333333325 0.016833333333333332 1.0 0.8268333333333332 0.6446666666666665 0.6489999999999998 0.8035 0.8728333333333331 0.1781666666666667 0.08866666666666669 0.4705 0.7781666666666667 0.49716666666666676 0.7468333333333333 0.7115 0.8223333333333332 0.3918333333333333 0.529 0.1738333333333334 0.1716666666666667 0.19816666666666674 0.2166666666666667 0.001 0.001 0.04000000000000003 0.0016666666666666668 0.002 0.001 0.0011666666666666668 0.001 0.0011666666666666668 0.001 0.001 0.0 0.0023333333333333335 0.0011666666666666668 0.00016666666666666666 0.07916666666666669 0.2376666666666666 0.5973333333333335 0.36233333333333334 0.5068333333333332 0.4956666666666664 0.5613333333333337 0.6521666666666666 0.8413333333333333 0.7201666666666668 0.8595 0.19649999999999998 0.010166666666666666 0.41400000000000003 0.107 0.68 0.12516666666666668 0.6304999999999998 0.45783333333333337 0.7089999999999997 0.7858333333333334 0.1716666666666667 0.13583333333333333 0.05366666666666666 0.09983333333333338 0.21133333333333332 0.10833333333333334 0.21083333333333332 0.7800000000000002 0.3993333333333334 0.06866666666666664 0.6661666666666666 0.7805 
0.3921666666666666 0.47916666666666663 0.6250000000000002 0.8161666666666667 0.5478333333333333 0.428 0.41833333333333333 0.5420000000000001 0.633 0.4761666666666665 0.42349999999999993 0.39133333333333326 0.4191666666666666 0.47700000000000004 0.39916666666666656 0.5151666666666667 0.014666666666666663 0.06250000000000001 0.4924999999999999 0.8176666666666667 0.03899999999999999 0.04666666666666666 0.8268333333333332 1.0 0.4856666666666666 0.4915 0.6505 0.7721666666666667 0.02183333333333333 0.18666666666666662 0.5881666666666668 0.8931666666666667 0.5108333333333334 0.7359999999999998 0.7743333333333333 0.9348333333333331 0.23533333333333328 0.6428333333333334 0.01716666666666667 0.023666666666666666 0.042666666666666665 0.33583333333333343 0.04000000000000001 0.04000000000000001 0.07900000000000001 0.04066666666666667 0.04416666666666666 0.04000000000000001 0.04000000000000001 0.04000000000000001 0.04000000000000001 0.04000000000000001 0.04000000000000001 0.04016666666666668 0.04066666666666667 0.04000000000000001 0.04266666666666666 0.1636666666666667 0.11333333333333336 0.45500000000000024 0.46649999999999997 0.6021666666666666 0.6066666666666668 0.6686666666666666 0.7730000000000002 0.7465 0.5616666666666668 0.7026666666666668 0.3106666666666666 0.047333333333333324 0.4546666666666666 0.14416666666666664 0.5254999999999999 0.23916666666666667 0.6078333333333333 0.5760000000000001 0.8311666666666667 0.9015000000000001 0.015166666666666667 0.2506666666666666 0.07350000000000001 0.20649999999999996 0.32699999999999996 0.22266666666666668 0.32133333333333325 0.7246666666666666 0.24049999999999994 0.16466666666666666 0.7876666666666668 0.6248333333333334 
