1.0 0.7585 0.3153333333333333 0.37250000000000005 0.29649999999999993 0.2905 0.2816666666666666 0.2746666666666667 0.10599999999999998 0.22916666666666669 0.10249999999999997 0.1018333333333333 0.10549999999999997 0.10233333333333333 0.292 0.39050000000000007 0.12833333333333335 0.10616666666666663 0.8776666666666667 0.8700000000000001 0.41416666666666657 0.6466666666666666 0.2693333333333333 0.27849999999999997 0.2911666666666666 0.19400000000000006 0.3951666666666667 0.3456666666666668 0.4401666666666667 0.34166666666666656 0.10649999999999997 0.11216666666666665 0.5248333333333332 0.6006666666666667 0.3445 0.3448333333333333 0.8433333333333334 0.825333333333333 0.8758333333333332 0.8735 0.7888333333333332 0.8759999999999999 0.12549999999999997 0.11533333333333332 0.11383333333333333 0.1155 0.12999999999999998 0.2631666666666666 0.11366666666666667 0.115 0.12566666666666668 0.11449999999999999 0.24050000000000002 0.5458333333333333 0.7811666666666668 0.8778333333333334 0.9793333333333335 0.7398333333333338 0.45483333333333326 0.37400000000000005 0.19016666666666665 0.2306666666666667 0.10733333333333332 0.13883333333333334 0.08366666666666667 0.30949999999999994 0.42516666666666675 0.4586666666666666 0.8836666666666666 0.8811666666666667 0.08766666666666667 0.0875 0.11266666666666665 0.10816666666666665 0.10833333333333331 0.10633333333333331 0.10533333333333332 0.08700000000000001 0.10499999999999998 0.10599999999999996 0.11983333333333336 0.10649999999999997 0.898 0.9358333333333332 0.11466666666666671 0.28133333333333327 0.8751666666666668 0.8740000000000001 0.5435000000000002 0.6403333333333334 
0.7585 1.0 0.5245000000000001 0.5819999999999999 0.5045000000000001 0.5061666666666668 0.41966666666666685 0.4686666666666666 0.07683333333333336 0.27083333333333337 0.07583333333333336 0.1375 0.07816666666666668 0.1388333333333334 0.18349999999999997 0.44999999999999984 0.08616666666666667 0.13650000000000004 0.7245 0.712166666666667 0.6375 0.7911666666666665 0.47133333333333316 0.4959999999999999 0.5013333333333333 0.36449999999999994 0.6188333333333332 0.5698333333333333 0.2199999999999999 0.17383333333333326 0.161 0.19500000000000003 0.552 0.7921666666666664 0.49633333333333335 0.5139999999999999 0.6716666666666665 0.6543333333333335 0.7066666666666669 0.7066666666666669 0.6258333333333334 0.7073333333333334 0.07500000000000001 0.07600000000000001 0.07500000000000001 0.07650000000000001 0.07600000000000001 0.21616666666666656 0.07516666666666667 0.07633333333333334 0.07500000000000001 0.07550000000000001 0.1066666666666667 0.4841666666666665 0.6121666666666666 0.7095000000000001 0.7530000000000001 0.850333333333333 0.3375000000000001 0.571 0.23199999999999998 0.32699999999999996 0.07783333333333335 0.213 0.1065 0.5006666666666667 0.6246666666666668 0.6660000000000003 0.7281666666666667 0.7253333333333332 0.10883333333333332 0.12216666666666663 0.07416666666666669 0.10216666666666666 0.07716666666666669 0.11933333333333333 0.07883333333333337 0.1175 0.09466666666666666 0.1231666666666667 0.07366666666666669 0.10116666666666668 0.6736666666666666 0.7488333333333334 0.16999999999999996 0.4804999999999999 0.7063333333333336 0.7063333333333334 0.7483333333333332 0.7581666666666667 
0.3153333333333333 0.5245000000000001 1.0 0.9295000000000002 0.9159999999999999 0.8074999999999997 0.861333333333333 0.9296666666666666 0.0195 0.4054999999999999 0.02416666666666667 0.1115 0.026999999999999996 0.11316666666666662 0.16833333333333336 0.5156666666666667 0.0034999999999999996 0.1063333333333333 0.42249999999999993 0.4361666666666668 0.8666666666666668 0.6395000000000001 0.9321666666666669 0.9435000000000001 0.9250000000000002 0.6866666666666664 0.8971666666666668 0.9315000000000001 0.0026666666666666666 0.004666666666666666 0.3226666666666666 0.3691666666666667 0.3461666666666668 0.7035000000000001 0.8148333333333332 0.8330000000000001 0.4024999999999999 0.40016666666666656 0.43083333333333335 0.43716666666666676 0.3919999999999999 0.4308333333333334 0.006833333333333334 0.010833333333333335 0.005666666666666666 0.008833333333333334 0.006999999999999999 0.18316666666666667 0.005166666666666666 0.008166666666666668 0.0034999999999999996 0.005666666666666666 0.004999999999999999 0.23400000000000007 0.38316666666666666 0.4331666666666667 0.3266666666666667 0.5588333333333335 0.3171666666666666 0.6495000000000001 0.30066666666666664 0.397 0.021333333333333333 0.3146666666666667 0.22216666666666662 0.823 0.6971666666666667 0.8198333333333333 0.41733333333333333 0.41850000000000004 0.09066666666666665 0.10183333333333333 0.012333333333333332 0.1605 0.009166666666666668 0.09850000000000002 0.028666666666666667 0.0855 0.062 0.08833333333333333 0.005833333333333334 0.06449999999999999 0.2353333333333333 0.35833333333333345 0.3751666666666666 0.9363333333333334 0.43450000000000005 0.43683333333333346 0.7491666666666664 0.6676666666666669 
0.37250000000000005 0.5819999999999999 0.9295000000000002 1.0 0.8606666666666666 0.7916666666666667 0.8011666666666666 0.8726666666666667 0.013666666666666667 0.35649999999999993 0.021666666666666664 0.10916666666666666 0.024166666666666666 0.11049999999999997 0.13133333333333336 0.4668333333333332 0.0023333333333333335 0.10349999999999993 0.4773333333333334 0.4923333333333335 0.8848333333333336 0.6625000000000001 0.8749999999999999 0.8921666666666668 0.8710000000000001 0.6366666666666667 0.9328333333333336 0.9279999999999999 0.0018333333333333335 0.004 0.3173333333333333 0.3631666666666667 0.40149999999999997 0.7613333333333335 0.8530000000000002 0.8746666666666667 0.45916666666666667 0.455 0.48700000000000015 0.49300000000000005 0.44783333333333347 0.48833333333333345 0.0 0.0015 0.0008333333333333333 0.0015 0.0006666666666666666 0.1451666666666667 0.0 0.0013333333333333333 0.0 0.0 0.0016666666666666666 0.28733333333333333 0.43816666666666665 0.4896666666666668 0.38416666666666666 0.6170000000000001 0.35033333333333333 0.7026666666666667 0.3233333333333333 0.42983333333333335 0.0185 0.32583333333333336 0.2183333333333333 0.8604999999999999 0.7505 0.8744999999999996 0.4734999999999999 0.47533333333333333 0.08599999999999997 0.09683333333333331 0.009666666666666667 0.15549999999999997 0.005833333333333333 0.09549999999999999 0.025666666666666664 0.08333333333333331 0.059833333333333336 0.08566666666666664 0.004 0.06166666666666667 0.28716666666666657 0.4156666666666668 0.35183333333333344 0.8866666666666666 0.4923333333333334 0.4936666666666666 0.8091666666666663 0.7255000000000001 
0.29649999999999993 0.5045000000000001 0.9159999999999999 0.8606666666666666 1.0 0.8423333333333332 0.8528333333333332 0.9171666666666668 0.053833333333333344 0.4503333333333335 0.05600000000000001 0.14400000000000002 0.060666666666666653 0.14649999999999996 0.19433333333333333 0.5475000000000001 0.01833333333333333 0.14366666666666666 0.40549999999999997 0.3951666666666667 0.8518333333333332 0.6286666666666664 0.9298333333333335 0.9193333333333336 0.9301666666666667 0.7173333333333332 0.8599999999999998 0.9148333333333335 0.02133333333333333 0.025666666666666667 0.3605 0.4028333333333333 0.3235 0.6353333333333334 0.7820000000000001 0.8015000000000001 0.3521666666666667 0.3515 0.3735000000000001 0.37983333333333347 0.3425 0.37416666666666676 0.012000000000000004 0.016166666666666673 0.010666666666666668 0.013833333333333335 0.014000000000000004 0.19516666666666674 0.010333333333333335 0.012833333333333334 0.00816666666666667 0.010666666666666668 0.012000000000000002 0.21916666666666676 0.33516666666666667 0.3761666666666668 0.30766666666666675 0.4951666666666668 0.2824999999999999 0.5961666666666665 0.28766666666666657 0.3765 0.0555 0.30833333333333335 0.2101666666666666 0.7858333333333333 0.6366666666666668 0.7489999999999999 0.39916666666666656 0.40366666666666673 0.14033333333333334 0.15033333333333332 0.044 0.19916666666666658 0.036500000000000005 0.13683333333333336 0.06583333333333334 0.1353333333333333 0.1006666666666667 0.12533333333333335 0.027499999999999997 0.10133333333333333 0.2161666666666667 0.32866666666666666 0.3974999999999999 0.9220000000000002 0.37750000000000017 0.37983333333333347 0.6891666666666666 0.6011666666666667 
0.2905 0.5061666666666668 0.8074999999999997 0.7916666666666667 0.8423333333333332 1.0 0.7218333333333335 0.7963333333333331 0.1413333333333334 0.5396666666666668 0.14716666666666675 0.23616666666666664 0.14950000000000002 0.2385 0.2559999999999999 0.6378333333333333 0.051833333333333315 0.234 0.40150000000000013 0.38999999999999985 0.8146666666666669 0.6285000000000001 0.8151666666666664 0.8213333333333332 0.8311666666666668 0.6990000000000001 0.8086666666666668 0.8483333333333333 0.10933333333333334 0.12400000000000003 0.33083333333333337 0.3575000000000001 0.32983333333333337 0.6365000000000003 0.7116666666666666 0.7346666666666668 0.3633333333333335 0.37716666666666654 0.3695000000000001 0.37433333333333335 0.3568333333333334 0.3695000000000001 0.009000000000000001 0.01466666666666667 0.010666666666666666 0.0105 0.010166666666666668 0.17916666666666664 0.007833333333333335 0.008666666666666666 0.006833333333333334 0.008 0.009833333333333336 0.2186666666666667 0.3536666666666668 0.3726666666666667 0.29800000000000004 0.5008333333333334 0.30699999999999983 0.6253333333333332 0.36733333333333335 0.4266666666666667 0.1486666666666667 0.4073333333333333 0.2270000000000001 0.7165 0.6488333333333336 0.7094999999999999 0.39433333333333337 0.3988333333333334 0.2310000000000001 0.24016666666666667 0.12266666666666666 0.21650000000000003 0.06183333333333334 0.22799999999999987 0.1576666666666667 0.2275 0.19233333333333338 0.2175000000000001 0.12616666666666665 0.19333333333333347 0.21166666666666673 0.32283333333333336 0.3401666666666668 0.8153333333333331 0.3735 0.37483333333333335 0.6913333333333332 0.5994999999999999 
0.2816666666666666 0.41966666666666685 0.861333333333333 0.8011666666666666 0.8528333333333332 0.7218333333333335 1.0 0.8986666666666665 0.12116666666666666 0.49016666666666664 0.12766666666666662 0.2058333333333333 0.1313333333333333 0.20733333333333334 0.23783333333333334 0.5221666666666666 0.04066666666666667 0.20516666666666672 0.38733333333333336 0.40000000000000013 0.7443333333333335 0.5416666666666665 0.884 0.8691666666666664 0.8413333333333333 0.6286666666666665 0.7671666666666668 0.8130000000000003 0.010333333333333335 0.060000000000000026 0.4168333333333334 0.4438333333333333 0.33049999999999996 0.5794999999999999 0.7595000000000001 0.7609999999999999 0.3696666666666667 0.3681666666666667 0.3974999999999999 0.4023333333333333 0.3615 0.39533333333333326 0.01566666666666667 0.020666666666666673 0.015333333333333334 0.01666666666666667 0.016500000000000004 0.20199999999999996 0.015000000000000005 0.016333333333333335 0.013166666666666669 0.01416666666666667 0.013833333333333335 0.2066666666666666 0.35099999999999987 0.398 0.2930000000000001 0.46316666666666656 0.30399999999999994 0.5343333333333331 0.3853333333333333 0.4376666666666668 0.12449999999999997 0.4033333333333334 0.3236666666666666 0.7351666666666666 0.5743333333333334 0.6925 0.3821666666666666 0.3831666666666667 0.1936666666666667 0.20483333333333337 0.10533333333333333 0.2638333333333333 0.102 0.2014999999999999 0.13283333333333333 0.18866666666666668 0.16616666666666663 0.19000000000000006 0.06716666666666668 0.16866666666666666 0.20483333333333334 0.3233333333333333 0.43733333333333335 0.8640000000000001 0.4006666666666667 0.4023333333333335 0.6341666666666665 0.5611666666666665 
0.2746666666666667 0.4686666666666666 0.9296666666666666 0.8726666666666667 0.9171666666666668 0.7963333333333331 0.8986666666666665 1.0 0.04850000000000001 0.4323333333333333 0.05649999999999999 0.14483333333333331 0.058499999999999976 0.14633333333333334 0.18266666666666664 0.5296666666666667 0.016500000000000004 0.13766666666666663 0.37650000000000006 0.39100000000000024 0.8123333333333332 0.5883333333333334 0.9593333333333335 0.9473333333333334 0.9123333333333333 0.6936666666666667 0.8351666666666663 0.8816666666666666 0.014166666666666671 0.018166666666666675 0.35466666666666674 0.39866666666666667 0.31333333333333335 0.6520000000000001 0.7976666666666667 0.8109999999999999 0.36583333333333345 0.3636666666666666 0.3900000000000001 0.39400000000000013 0.3603333333333334 0.3876666666666668 0.015000000000000003 0.01816666666666667 0.013833333333333333 0.016166666666666666 0.01616666666666667 0.1978333333333333 0.013166666666666669 0.015666666666666666 0.011333333333333332 0.013500000000000002 0.01583333333333333 0.1973333333333333 0.35050000000000003 0.39033333333333337 0.28633333333333333 0.5116666666666665 0.30666666666666664 0.6133333333333333 0.31683333333333336 0.4046666666666667 0.05299999999999999 0.3434999999999999 0.2535 0.8161666666666666 0.6480000000000001 0.7645000000000001 0.3718333333333333 0.37316666666666665 0.12116666666666669 0.132 0.03616666666666666 0.19266666666666665 0.033333333333333326 0.13033333333333336 0.059999999999999984 0.11633333333333334 0.09333333333333335 0.11983333333333335 0.020500000000000008 0.09616666666666669 0.19833333333333336 0.31483333333333335 0.3968333333333333 0.9425000000000001 0.3926666666666667 0.39433333333333337 0.7031666666666666 0.6148333333333336 
0.10599999999999998 0.07683333333333336 0.0195 0.013666666666666667 0.053833333333333344 0.1413333333333334 0.12116666666666666 0.04850000000000001 1.0 0.5308333333333333 0.9485000000000003 0.8726666666666668 0.9603333333333335 0.8736666666666667 0.6748333333333332 0.2991666666666666 0.6548333333333332 0.8836666666666666 0.009333333333333334 0.0026666666666666666 0.022166666666666668 0.018000000000000002 0.04883333333333332 0.03166666666666666 0.03833333333333333 0.24300000000000008 0.0105 0.01916666666666667 0.6495000000000002 0.7456666666666665 0.6659999999999999 0.6238333333333334 0.1715 0.006166666666666667 0.099 0.08633333333333332 0.0185 0.04833333333333333 0.0011666666666666668 0.0013333333333333333 0.013666666666666667 0.0011666666666666668 0.5031666666666668 0.5041666666666665 0.5160000000000001 0.5008333333333332 0.4821666666666669 0.30583333333333335 0.5086666666666666 0.4956666666666667 0.5191666666666667 0.5148333333333334 0.44766666666666666 0.23333333333333336 0.0055 0.0011666666666666668 0.10066666666666661 0.006500000000000001 0.084 0.038 0.5326666666666667 0.3351666666666667 0.9471666666666668 0.6123333333333333 0.5786666666666666 0.09366666666666665 0.013666666666666667 0.006166666666666667 0.0071666666666666675 0.009166666666666667 0.8941666666666666 0.8825000000000002 0.8530000000000002 0.8148333333333332 0.75 0.8888333333333337 0.9518333333333336 0.8915 0.923833333333333 0.899666666666667 0.8138333333333333 0.9226666666666665 0.18933333333333333 0.07299999999999998 0.6004999999999998 0.044 0.0013333333333333333 0.0013333333333333333 0.014666666666666668 0.003333333333333333 
0.22916666666666669 0.27083333333333337 0.4054999999999999 0.35649999999999993 0.4503333333333335 0.5396666666666668 0.49016666666666664 0.4323333333333333 0.5308333333333333 1.0 0.5161666666666667 0.4631666666666668 0.5249999999999999 0.4606666666666667 0.5419999999999999 0.7176666666666668 0.20416666666666672 0.4656666666666668 0.33266666666666667 0.3171666666666665 0.3968333333333332 0.3835 0.44066666666666665 0.4336666666666666 0.4366666666666666 0.42499999999999993 0.3748333333333333 0.40516666666666656 0.24550000000000005 0.3408333333333334 0.2508333333333333 0.2100000000000001 0.2653333333333333 0.31 0.35650000000000004 0.3506666666666667 0.3056666666666667 0.3295 0.2983333333333333 0.30233333333333323 0.2959999999999998 0.29883333333333334 0.11650000000000002 0.121 0.11883333333333335 0.11450000000000003 0.10733333333333334 0.25733333333333336 0.11316666666666668 0.11066666666666668 0.11766666666666667 0.11583333333333337 0.0875 0.18733333333333338 0.2895 0.30116666666666664 0.2358333333333334 0.29833333333333334 0.2966666666666667 0.3235 0.664666666666667 0.5471666666666668 0.5404999999999999 0.6435 0.4823333333333332 0.3316666666666667 0.30516666666666664 0.3053333333333333 0.32499999999999996 0.32883333333333326 0.5086666666666667 0.4984999999999998 0.3961666666666667 0.40266666666666673 0.29016666666666674 0.4806666666666667 0.5193333333333332 0.5076666666666665 0.5071666666666668 0.485 0.37366666666666665 0.5093333333333333 0.15383333333333335 0.25750000000000006 0.27883333333333327 0.42149999999999993 0.3019999999999999 0.30333333333333323 0.3331666666666666 0.31816666666666665 
0.10249999999999997 0.07583333333333336 0.02416666666666667 0.021666666666666664 0.05600000000000001 0.14716666666666675 0.12766666666666662 0.05649999999999999 0.9485000000000003 0.5161666666666667 1.0 0.9018333333333334 0.9766666666666671 0.9000000000000001 0.6515 0.2851666666666666 0.6541666666666669 0.9046666666666667 0.003833333333333333 0.0005 0.028333333333333332 0.014500000000000002 0.054000000000000006 0.03466666666666668 0.03266666666666667 0.22933333333333342 0.017666666666666664 0.024666666666666663 0.6535000000000002 0.7448333333333333 0.6799999999999998 0.6385000000000001 0.16566666666666666 0.016666666666666666 0.109 0.09683333333333334 0.017333333333333333 0.046833333333333324 0.0 0.0 0.011833333333333331 0.0 0.49999999999999994 0.49999999999999983 0.5131666666666665 0.498 0.4786666666666667 0.30083333333333334 0.5075 0.49416666666666664 0.5186666666666667 0.5133333333333333 0.4483333333333332 0.23250000000000004 0.006333333333333334 0.0 0.09716666666666664 0.0085 0.08016666666666666 0.04849999999999999 0.5486666666666666 0.35666666666666663 0.9670000000000001 0.6356666666666666 0.5881666666666666 0.11100000000000003 0.021666666666666674 0.017 0.004 0.004999999999999999 0.8996666666666665 0.890166666666667 0.8488333333333332 0.8419999999999999 0.7495000000000002 0.9083333333333333 0.9665000000000002 0.9055000000000001 0.9338333333333333 0.9181666666666666 0.8101666666666667 0.9395000000000002 0.18733333333333335 0.06849999999999998 0.6033333333333334 0.04999999999999999 0.0 0.0 0.028999999999999995 0.007166666666666667 
0.1018333333333333 0.1375 0.1115 0.10916666666666666 0.14400000000000002 0.23616666666666664 0.2058333333333333 0.14483333333333331 0.8726666666666668 0.4631666666666668 0.9018333333333334 1.0 0.8996666666666671 0.9796666666666671 0.5968333333333333 0.3211666666666666 0.5905 0.9693333333333338 0.004 0.0008333333333333334 0.11416666666666668 0.06949999999999999 0.14333333333333337 0.12266666666666666 0.11283333333333335 0.29166666666666663 0.10316666666666664 0.11099999999999997 0.6483333333333338 0.7356666666666666 0.7181666666666666 0.7161666666666668 0.15583333333333335 0.09483333333333331 0.16000000000000003 0.1625 0.017333333333333333 0.047333333333333324 0.0003333333333333333 0.0003333333333333333 0.009166666666666667 0.0003333333333333333 0.45283333333333353 0.45216666666666677 0.46549999999999997 0.45166666666666666 0.43166666666666687 0.2538333333333333 0.46016666666666667 0.44750000000000006 0.47150000000000003 0.4663333333333334 0.4161666666666668 0.1925 0.005833333333333334 0.0003333333333333333 0.09649999999999999 0.055333333333333325 0.061 0.11199999999999999 0.5288333333333335 0.4066666666666668 0.8995000000000002 0.6900000000000002 0.5399999999999999 0.19916666666666663 0.0998333333333333 0.1018333333333333 0.004166666666666667 0.005333333333333333 0.9161666666666666 0.9294999999999999 0.7793333333333331 0.8346666666666666 0.6768333333333335 0.9386666666666664 0.9025000000000003 0.9328333333333331 0.9291666666666666 0.9580000000000003 0.7535000000000001 0.9406666666666668 0.18649999999999994 0.06866666666666665 0.6190000000000001 0.139 0.0003333333333333333 0.0003333333333333333 0.11449999999999999 0.066 
0.10549999999999997 0.07816666666666668 0.026999999999999996 0.024166666666666666 0.060666666666666653 0.14950000000000002 0.1313333333333333 0.058499999999999976 0.9603333333333335 0.5249999999999999 0.9766666666666671 0.8996666666666671 1.0 0.9008333333333337 0.6541666666666666 0.28966666666666663 0.6493333333333335 0.9093333333333333 0.005166666666666666 0.0005 0.031166666666666672 0.0165 0.056999999999999995 0.03816666666666668 0.03933333333333334 0.2325 0.0195 0.027666666666666666 0.6551666666666669 0.7473333333333333 0.6864999999999998 0.6438333333333333 0.16316666666666665 0.016666666666666666 0.1143333333333333 0.10250000000000002 0.017166666666666667 0.04699999999999999 0.0 0.0 0.0105 0.0 0.49066666666666664 0.4923333333333333 0.5038333333333334 0.4886666666666667 0.47 0.29333333333333333 0.49749999999999994 0.4838333333333334 0.508 0.5033333333333333 0.4443333333333335 0.22450000000000006 0.004999999999999999 0.0 0.10016666666666663 0.007833333333333333 0.07966666666666665 0.0495 0.5461666666666666 0.35566666666666663 0.9643333333333333 0.6341666666666668 0.5913333333333333 0.11166666666666666 0.02133333333333333 0.017 0.005166666666666666 0.006666666666666666 0.9101666666666666 0.8996666666666668 0.8436666666666665 0.8406666666666665 0.7435 0.9135000000000001 0.9735 0.9138333333333332 0.9444999999999998 0.9243333333333332 0.8053333333333335 0.9481666666666665 0.19016666666666665 0.07016666666666665 0.6118333333333333 0.05316666666666664 0.0 0.0 0.029833333333333337 0.007666666666666667 
0.10233333333333333 0.1388333333333334 0.11316666666666662 0.11049999999999997 0.14649999999999996 0.2385 0.20733333333333334 0.14633333333333334 0.8736666666666667 0.4606666666666667 0.9000000000000001 0.9796666666666671 0.9008333333333337 1.0 0.5976666666666667 0.3208333333333332 0.5938333333333332 0.9723333333333339 0.0034999999999999996 0.0005 0.11566666666666664 0.07016666666666665 0.1455 0.12449999999999997 0.11449999999999996 0.2973333333333333 0.10466666666666662 0.1128333333333333 0.6510000000000004 0.7368333333333332 0.7233333333333333 0.7208333333333333 0.1561666666666666 0.09599999999999996 0.16249999999999998 0.16583333333333328 0.016666666666666666 0.04666666666666666 0.0 0.0 0.008166666666666668 0.0 0.4526666666666668 0.4523333333333334 0.46616666666666673 0.4506666666666666 0.4310000000000001 0.25366666666666665 0.4598333333333333 0.4458333333333334 0.4706666666666667 0.4653333333333334 0.41416666666666674 0.19366666666666663 0.0045 0.0 0.09699999999999999 0.05516666666666665 0.05883333333333333 0.10916666666666666 0.5233333333333335 0.4016666666666667 0.8986666666666671 0.6846666666666666 0.5379999999999999 0.20099999999999998 0.10116666666666665 0.10316666666666664 0.004 0.005166666666666666 0.9196666666666665 0.9325 0.7818333333333334 0.8373333333333328 0.6798333333333335 0.9421666666666664 0.9051666666666671 0.9338333333333333 0.9314999999999999 0.9603333333333337 0.7563333333333333 0.9401666666666669 0.187 0.06849999999999999 0.6221666666666665 0.14116666666666663 0.0 0.0 0.11583333333333327 0.06683333333333334 
0.292 0.18349999999999997 0.16833333333333336 0.13133333333333336 0.19433333333333333 0.2559999999999999 0.23783333333333334 0.18266666666666664 0.6748333333333332 0.5419999999999999 0.6515 0.5968333333333333 0.6541666666666666 0.5976666666666667 1.0 0.4383333333333333 0.46366666666666667 0.6050000000000001 0.20233333333333337 0.19200000000000003 0.16216666666666665 0.16366666666666663 0.18133333333333332 0.18116666666666675 0.18183333333333335 0.3178333333333333 0.14433333333333334 0.16183333333333333 0.531 0.5920000000000001 0.39900000000000013 0.37550000000000006 0.25699999999999995 0.10599999999999998 0.09749999999999998 0.09666666666666664 0.1788333333333333 0.1998333333333334 0.18416666666666667 0.18650000000000003 0.19149999999999998 0.18349999999999997 0.45566666666666655 0.45349999999999985 0.44533333333333325 0.44299999999999995 0.44849999999999995 0.43449999999999994 0.4428333333333332 0.44066666666666654 0.4526666666666665 0.4433333333333332 0.47166666666666673 0.33916666666666656 0.18150000000000002 0.18566666666666673 0.28650000000000003 0.1145 0.24050000000000005 0.10466666666666667 0.42166666666666663 0.3073333333333333 0.6444999999999999 0.41566666666666663 0.3753333333333334 0.08066666666666665 0.1065 0.09966666666666665 0.19450000000000006 0.199 0.5851666666666668 0.5848333333333333 0.6084999999999999 0.5311666666666667 0.5108333333333335 0.6033333333333334 0.6435 0.5908333333333335 0.6141666666666669 0.6133333333333334 0.6046666666666667 0.6188333333333332 0.34900000000000003 0.2525 0.39549999999999996 0.1721666666666667 0.18700000000000003 0.18783333333333335 0.11566666666666664 0.11749999999999997 
0.39050000000000007 0.44999999999999984 0.5156666666666667 0.4668333333333332 0.5475000000000001 0.6378333333333333 0.5221666666666666 0.5296666666666667 0.2991666666666666 0.7176666666666668 0.2851666666666666 0.3211666666666666 0.28966666666666663 0.3208333333333332 0.4383333333333333 1.0 0.09116666666666667 0.3158333333333333 0.4996666666666666 0.48566666666666675 0.5026666666666667 0.5923333333333335 0.5399999999999999 0.5501666666666666 0.5435 0.48599999999999993 0.48316666666666663 0.5176666666666665 0.32366666666666666 0.37483333333333335 0.13583333333333333 0.14833333333333334 0.29100000000000004 0.44183333333333336 0.376 0.3961666666666666 0.46050000000000013 0.48233333333333334 0.4653333333333334 0.4698333333333335 0.4426666666666666 0.4655000000000002 0.041499999999999995 0.047833333333333325 0.04366666666666665 0.042166666666666665 0.0425 0.21916666666666676 0.039999999999999994 0.04016666666666666 0.03749999999999999 0.03966666666666666 0.06516666666666668 0.19100000000000006 0.4476666666666667 0.46833333333333355 0.39783333333333326 0.5115000000000001 0.34583333333333327 0.3966666666666667 0.47583333333333333 0.45216666666666666 0.2968333333333333 0.4986666666666668 0.2813333333333333 0.3870000000000001 0.4051666666666667 0.4071666666666666 0.4935000000000001 0.49750000000000005 0.30049999999999993 0.3149999999999999 0.23183333333333334 0.20733333333333331 0.12949999999999998 0.30999999999999994 0.2886666666666666 0.31549999999999995 0.28833333333333333 0.31899999999999995 0.23700000000000002 0.29983333333333323 0.31550000000000006 0.4218333333333333 0.15433333333333335 0.5198333333333336 0.46916666666666673 0.4710000000000001 0.4278333333333332 0.5121666666666668 
0.12833333333333335 0.08616666666666667 0.0034999999999999996 0.0023333333333333335 0.01833333333333333 0.051833333333333315 0.04066666666666667 0.016500000000000004 0.6548333333333332 0.20416666666666672 0.6541666666666669 0.5905 0.6493333333333335 0.5938333333333332 0.46366666666666667 0.09116666666666667 1.0 0.6045000000000001 0.025 0.018333333333333333 0.008833333333333334 0.014166666666666668 0.021833333333333337 0.016833333333333332 0.019500000000000003 0.23033333333333336 0.0023333333333333335 0.007833333333333333 0.5811666666666667 0.5936666666666668 0.5653333333333334 0.5491666666666667 0.4041666666666666 0.009000000000000001 0.0605 0.05683333333333335 0.04366666666666666 0.04683333333333334 0.01916666666666667 0.019000000000000003 0.09366666666666668 0.019000000000000003 0.8218333333333334 0.8196666666666665 0.8303333333333334 0.8178333333333332 0.799 0.6236666666666668 0.8268333333333332 0.813 0.8408333333333333 0.8320000000000001 0.7074999999999999 0.5021666666666665 0.07216666666666666 0.020333333333333328 0.12016666666666666 0.015833333333333338 0.2903333333333334 0.11 0.26299999999999996 0.19766666666666666 0.6389999999999999 0.32150000000000006 0.5386666666666667 0.07350000000000002 0.11216666666666666 0.0026666666666666666 0.023333333333333334 0.024666666666666667 0.5921666666666667 0.5840000000000001 0.7759999999999999 0.6023333333333334 0.856 0.5973333333333334 0.6515 0.5896666666666668 0.6143333333333333 0.6048333333333334 0.8151666666666668 0.6144999999999999 0.21999999999999997 0.09033333333333332 0.5325 0.017666666666666664 0.01916666666666667 0.018833333333333334 0.004333333333333333 0.005333333333333333 
0.10616666666666663 0.13650000000000004 0.1063333333333333 0.10349999999999993 0.14366666666666666 0.234 0.20516666666666672 0.13766666666666663 0.8836666666666666 0.4656666666666668 0.9046666666666667 0.9693333333333338 0.9093333333333333 0.9723333333333339 0.6050000000000001 0.3158333333333333 0.6045000000000001 1.0 0.0055 0.0005 0.11099999999999995 0.06816666666666665 0.13949999999999999 0.118 0.11083333333333333 0.29466666666666663 0.09899999999999994 0.10783333333333328 0.6551666666666668 0.7413333333333335 0.7296666666666668 0.720166666666667 0.15499999999999994 0.08866666666666666 0.1605 0.16266666666666665 0.0165 0.04566666666666666 0.0 0.0 0.008333333333333333 0.0 0.4516666666666669 0.45333333333333337 0.4648333333333335 0.44966666666666666 0.4310000000000002 0.2545 0.4585 0.4451666666666667 0.46933333333333344 0.4646666666666668 0.4133333333333335 0.19399999999999998 0.003833333333333333 0.0 0.10083333333333329 0.05049999999999998 0.059833333333333336 0.1048333333333333 0.5236666666666667 0.39733333333333326 0.9036666666666668 0.6785 0.5445000000000002 0.192 0.09516666666666666 0.09516666666666662 0.005666666666666666 0.007166666666666667 0.9208333333333332 0.9348333333333331 0.7983333333333333 0.8498333333333337 0.6934999999999999 0.9533333333333331 0.9135000000000002 0.9368333333333332 0.9431666666666665 0.9688333333333339 0.7656666666666665 0.9508333333333335 0.19099999999999995 0.07083333333333333 0.629833333333333 0.13499999999999995 0.0 0.0 0.10849999999999996 0.061999999999999986 
0.8776666666666667 0.7245 0.42249999999999993 0.4773333333333334 0.40549999999999997 0.40150000000000013 0.38733333333333336 0.37650000000000006 0.009333333333333334 0.33266666666666667 0.003833333333333333 0.004 0.005166666666666666 0.0034999999999999996 0.20233333333333337 0.4996666666666666 0.025 0.0055 1.0 0.9761666666666668 0.5248333333333333 0.7568333333333334 0.3770000000000001 0.39116666666666666 0.4018333333333333 0.23533333333333334 0.5115000000000001 0.46199999999999997 0.3396666666666668 0.2438333333333333 0.0085 0.014500000000000002 0.46733333333333316 0.6845 0.4336666666666666 0.43699999999999994 0.9236666666666664 0.9083333333333333 0.958166666666667 0.9630000000000003 0.8606666666666669 0.9595000000000005 0.024000000000000004 0.012833333333333337 0.012833333333333334 0.014166666666666668 0.028166666666666663 0.16233333333333333 0.012333333333333333 0.013500000000000002 0.024333333333333332 0.012666666666666666 0.1381666666666667 0.4333333333333333 0.8636666666666664 0.961666666666667 0.8883333333333333 0.8075 0.534 0.4551666666666665 0.2656666666666667 0.30600000000000005 0.007333333333333334 0.21533333333333332 0.16066666666666662 0.4003333333333333 0.5063333333333336 0.5498333333333334 0.9828333333333338 0.9860000000000003 0.01866666666666668 0.018666666666666675 0.012166666666666668 0.009666666666666669 0.005166666666666666 0.006 0.005166666666666666 0.020000000000000007 0.006666666666666667 0.0055 0.019166666666666665 0.005833333333333333 0.7871666666666668 0.9148333333333332 0.04899999999999999 0.3866666666666667 0.9628333333333337 0.964166666666667 0.6423333333333335 0.7419999999999999 
0.8700000000000001 0.712166666666667 0.4361666666666668 0.4923333333333335 0.3951666666666667 0.38999999999999985 0.40000000000000013 0.39100000000000024 0.0026666666666666666 0.3171666666666665 0.0005 0.0008333333333333334 0.0005 0.0005 0.19200000000000003 0.48566666666666675 0.018333333333333333 0.0005 0.9761666666666668 1.0 0.5123333333333331 0.7441666666666665 0.3890000000000001 0.3993333333333332 0.3946666666666665 0.2216666666666667 0.5110000000000001 0.4533333333333334 0.3324999999999999 0.2371666666666667 0.003 0.010166666666666668 0.4684999999999999 0.7033333333333333 0.4511666666666668 0.45483333333333337 0.9390000000000001 0.9233333333333333 0.9763333333333337 0.9805000000000004 0.8760000000000001 0.9766666666666669 0.01983333333333333 0.008666666666666666 0.008666666666666666 0.009833333333333335 0.02383333333333334 0.1578333333333333 0.008166666666666666 0.009333333333333334 0.01966666666666667 0.0085 0.13333333333333333 0.43099999999999994 0.8778333333333331 0.9771666666666667 0.8816666666666667 0.8255 0.5495 0.472 0.28166666666666673 0.3218333333333333 0.002666666666666667 0.23150000000000007 0.17616666666666664 0.41816666666666685 0.5238333333333337 0.57 0.9775000000000003 0.9761666666666668 0.010833333333333337 0.010833333333333335 0.005833333333333333 0.004833333333333333 0.0 0.0006666666666666666 0.0 0.011500000000000005 0.0008333333333333334 0.0005 0.013000000000000001 0.0005 0.7806666666666666 0.9134999999999998 0.045999999999999985 0.3995000000000001 0.9803333333333333 0.9813333333333335 0.6589999999999998 0.7598333333333335 
0.41416666666666657 0.6375 0.8666666666666668 0.8848333333333336 0.8518333333333332 0.8146666666666669 0.7443333333333335 0.8123333333333332 0.022166666666666668 0.3968333333333332 0.028333333333333332 0.11416666666666668 0.031166666666666672 0.11566666666666664 0.16216666666666665 0.5026666666666667 0.008833333333333334 0.11099999999999995 0.5248333333333333 0.5123333333333331 1.0 0.7563333333333333 0.8151666666666668 0.842166666666667 0.8458333333333333 0.6313333333333332 0.9230000000000002 0.9161666666666668 0.014000000000000002 0.011833333333333336 0.2806666666666667 0.3251666666666666 0.39483333333333326 0.7646666666666665 0.7490000000000001 0.7716666666666668 0.45599999999999996 0.44699999999999995 0.4896666666666665 0.49633333333333296 0.4273333333333334 0.4909999999999998 0.0045 0.007499999999999999 0.004666666666666666 0.006 0.005333333333333333 0.1628333333333333 0.003833333333333333 0.005166666666666666 0.003833333333333333 0.004 0.006833333333333334 0.28966666666666674 0.42616666666666686 0.4929999999999998 0.4253333333333334 0.6258333333333332 0.3146666666666667 0.6773333333333335 0.29849999999999993 0.39983333333333326 0.02716666666666667 0.3011666666666667 0.1865 0.7654999999999997 0.7173333333333334 0.8106666666666665 0.5196666666666665 0.5233333333333331 0.10450000000000001 0.11533333333333333 0.014833333333333336 0.1446666666666667 0.00816666666666667 0.10233333333333333 0.034 0.1023333333333333 0.06766666666666668 0.09283333333333334 0.010166666666666668 0.0695 0.32499999999999996 0.44666666666666677 0.3081666666666667 0.8223333333333335 0.49433333333333307 0.49633333333333307 0.8171666666666666 0.7268333333333336 
0.6466666666666666 0.7911666666666665 0.6395000000000001 0.6625000000000001 0.6286666666666664 0.6285000000000001 0.5416666666666665 0.5883333333333334 0.018000000000000002 0.3835 0.014500000000000002 0.06949999999999999 0.0165 0.07016666666666665 0.16366666666666663 0.5923333333333335 0.014166666666666668 0.06816666666666665 0.7568333333333334 0.7441666666666665 0.7563333333333333 1.0 0.5886666666666666 0.6161666666666666 0.6228333333333333 0.4441666666666666 0.7133333333333332 0.6903333333333334 0.1668333333333333 0.12833333333333333 0.09499999999999999 0.1315 0.44183333333333336 0.7586666666666666 0.5308333333333334 0.5528333333333335 0.687 0.6761666666666667 0.7216666666666666 0.7280000000000001 0.6281666666666665 0.7230000000000003 0.004666666666666666 0.007833333333333333 0.004833333333333333 0.006166666666666667 0.006 0.16149999999999998 0.004333333333333333 0.005666666666666666 0.004166666666666667 0.004166666666666667 0.03466666666666667 0.3461666666666667 0.6368333333333333 0.7246666666666668 0.6578333333333335 0.819 0.38449999999999995 0.583 0.2865 0.373 0.016 0.26866666666666666 0.15949999999999998 0.5461666666666667 0.6153333333333333 0.6698333333333334 0.7523333333333332 0.7561666666666667 0.052666666666666674 0.0655 0.008666666666666668 0.049833333333333334 0.006833333333333334 0.059833333333333336 0.017166666666666667 0.0625 0.029833333333333326 0.05833333333333334 0.008 0.035500000000000004 0.5569999999999999 0.6790000000000002 0.11400000000000002 0.5966666666666669 0.7261666666666667 0.7291666666666669 0.7611666666666665 0.8161666666666669 
0.2693333333333333 0.47133333333333316 0.9321666666666669 0.8749999999999999 0.9298333333333335 0.8151666666666664 0.884 0.9593333333333335 0.04883333333333332 0.44066666666666665 0.054000000000000006 0.14333333333333337 0.056999999999999995 0.1455 0.18133333333333332 0.5399999999999999 0.021833333333333337 0.13949999999999999 0.3770000000000001 0.3890000000000001 0.8151666666666668 0.5886666666666666 1.0 0.955 0.9266666666666667 0.7158333333333331 0.8448333333333329 0.8873333333333332 0.02233333333333333 0.02633333333333333 0.35933333333333345 0.4043333333333333 0.30550000000000005 0.6474999999999999 0.8131666666666666 0.8321666666666667 0.36499999999999994 0.36466666666666664 0.38416666666666666 0.3903333333333333 0.3554999999999999 0.3833333333333333 0.013166666666666669 0.017500000000000005 0.011666666666666667 0.014333333333333333 0.014333333333333339 0.199 0.011500000000000003 0.013833333333333333 0.009666666666666669 0.012000000000000004 0.013500000000000003 0.19583333333333336 0.3488333333333333 0.386 0.28049999999999997 0.503 0.3011666666666667 0.6075 0.3023333333333333 0.3906666666666667 0.05233333333333332 0.33049999999999996 0.2428333333333333 0.8143333333333332 0.6463333333333334 0.7643333333333335 0.37116666666666664 0.3728333333333334 0.12449999999999997 0.1346666666666666 0.0425 0.19516666666666668 0.03883333333333333 0.1325 0.06083333333333333 0.1188333333333333 0.09533333333333333 0.1215 0.028999999999999995 0.09699999999999999 0.19200000000000003 0.31133333333333335 0.4111666666666667 0.9558333333333338 0.3879999999999999 0.3903333333333333 0.6963333333333332 0.6125 
0.27849999999999997 0.4959999999999999 0.9435000000000001 0.8921666666666668 0.9193333333333336 0.8213333333333332 0.8691666666666664 0.9473333333333334 0.03166666666666666 0.4336666666666666 0.03466666666666668 0.12266666666666666 0.03816666666666668 0.12449999999999997 0.18116666666666675 0.5501666666666666 0.016833333333333332 0.118 0.39116666666666666 0.3993333333333332 0.842166666666667 0.6161666666666666 0.955 1.0 0.9356666666666666 0.7201666666666665 0.8714999999999999 0.9173333333333337 0.016333333333333335 0.018833333333333334 0.33599999999999997 0.3818333333333333 0.307 0.6585000000000002 0.7841666666666665 0.8028333333333336 0.3629999999999999 0.36016666666666663 0.38516666666666666 0.39133333333333326 0.35199999999999987 0.3853333333333333 0.014499999999999999 0.01866666666666667 0.013166666666666667 0.01583333333333333 0.015666666666666666 0.19866666666666666 0.013000000000000001 0.015166666666666667 0.010833333333333335 0.013333333333333334 0.014666666666666668 0.19766666666666663 0.3455 0.3876666666666665 0.28983333333333333 0.5164999999999998 0.2971666666666665 0.6146666666666666 0.28600000000000003 0.37733333333333335 0.03316666666666668 0.3103333333333334 0.22166666666666668 0.7951666666666667 0.6551666666666668 0.777 0.38416666666666666 0.3873333333333332 0.10849999999999996 0.1195 0.0245 0.17283333333333334 0.019666666666666666 0.11116666666666665 0.04033333333333333 0.1038333333333333 0.07500000000000001 0.10016666666666664 0.018500000000000003 0.0765 0.20016666666666663 0.32050000000000006 0.3863333333333332 0.9295000000000002 0.3893333333333333 0.3913333333333333 0.7079999999999999 0.6254999999999998 
