1.0 0.9906666666666668 0.6531666666666668 0.8403333333333333 0.16300000000000003 0.039333333333333324 0.8315 0.9865000000000004 0.43800000000000006 0.013666666666666667 0.6848333333333333 0.6438333333333334 0.5491666666666666 0.7098333333333335 0.38949999999999996 0.6415000000000001 0.32516666666666666 0.31999999999999995 0.9533333333333333 0.9126666666666664 0.46100000000000013 0.4595 0.4646666666666667 0.6458333333333333 0.014666666666666666 0.0285 0.014499999999999999 0.021333333333333336 0.4373333333333334 0.47100000000000014 0.6373333333333334 0.8001666666666667 0.9860000000000003 0.9893333333333336 0.04666666666666669 0.21999999999999997 0.0 0.0 0.0008333333333333333 0.2878333333333334 0.0 0.0 0.0008333333333333334 0.3575000000000001 0.0025 0.008666666666666666 0.0 0.43199999999999994 0.0 0.0 0.0 0.006333333333333333 0.0003333333333333333 0.0 0.0 0.0 0.9740000000000002 0.9818333333333336 0.9533333333333336 0.226 0.9138333333333332 0.9180000000000003 0.8448333333333334 0.43016666666666664 0.014000000000000002 0.013833333333333333 0.39833333333333343 0.5374999999999999 0.9855000000000004 0.8905000000000003 0.4946666666666667 0.48933333333333345 0.47083333333333344 0.5493333333333335 0.8071666666666661 0.3548333333333334 0.5641666666666666 0.5503333333333331 0.5481666666666666 0.5911666666666666 0.4656666666666666 0.6123333333333333 0.005333333333333333 0.5308333333333333 0.013666666666666667 0.22866666666666663 0.0011666666666666668 0.003 0.0008333333333333333 0.011500000000000002 
0.9906666666666668 1.0 0.655 0.8423333333333334 0.16649999999999998 0.04283333333333334 0.8338333333333335 0.9851666666666667 0.43666666666666676 0.017166666666666674 0.6813333333333331 0.6426666666666668 0.5458333333333334 0.7085000000000001 0.38683333333333336 0.6406666666666666 0.32350000000000007 0.32099999999999995 0.9544999999999999 0.9131666666666667 0.46050000000000013 0.4588333333333334 0.46866666666666673 0.6498333333333334 0.018166666666666668 0.03183333333333334 0.017833333333333336 0.024666666666666674 0.4363333333333334 0.47050000000000025 0.6358333333333333 0.7986666666666663 0.9850000000000001 0.9886666666666669 0.05033333333333335 0.22433333333333333 0.0 0.0 0.0011666666666666668 0.28850000000000003 0.0 0.0 0.0008333333333333334 0.3566666666666668 0.002833333333333333 0.009333333333333334 0.0 0.43116666666666675 0.0 0.0 0.0 0.006333333333333333 0.0003333333333333333 0.0 0.0 0.0 0.9710000000000004 0.9805000000000001 0.9545000000000003 0.22533333333333336 0.9158333333333333 0.9183333333333333 0.8440000000000001 0.42966666666666664 0.01733333333333334 0.017166666666666674 0.4021666666666667 0.5423333333333331 0.9856666666666669 0.8903333333333334 0.4935 0.48816666666666664 0.47000000000000014 0.5485000000000001 0.8059999999999995 0.3523333333333334 0.563 0.5494999999999999 0.5469999999999999 0.5906666666666666 0.46483333333333343 0.6118333333333331 0.0045 0.5286666666666666 0.017166666666666674 0.23266666666666663 0.0011666666666666668 0.004 0.0013333333333333333 0.011500000000000002 
0.6531666666666668 0.655 1.0 0.750166666666667 0.3474999999999999 0.33416666666666656 0.7975 0.6445000000000002 0.3633333333333333 0.3186666666666667 0.6624999999999999 0.4073333333333333 0.6543333333333333 0.42733333333333334 0.49583333333333324 0.3938333333333332 0.28733333333333333 0.37816666666666676 0.6833333333333332 0.6970000000000001 0.3566666666666668 0.35583333333333333 0.7775000000000003 0.7198333333333333 0.2729999999999999 0.18249999999999997 0.34883333333333333 0.3436666666666667 0.3620000000000001 0.3606666666666667 0.6198333333333332 0.5885000000000001 0.6446666666666668 0.6496666666666668 0.342 0.39849999999999997 0.18700000000000006 0.175 0.22899999999999993 0.19616666666666663 0.20000000000000004 0.2001666666666667 0.13233333333333336 0.2834999999999999 0.07816666666666668 0.18016666666666672 0.1961666666666667 0.3416666666666666 0.2001666666666667 0.1998333333333334 0.20883333333333337 0.024666666666666674 0.2003333333333334 0.2001666666666667 0.20050000000000004 0.1998333333333334 0.6423333333333333 0.6400000000000001 0.6833333333333331 0.3950000000000001 0.639 0.6533333333333334 0.5995000000000001 0.23250000000000004 0.31116666666666665 0.3351666666666667 0.36016666666666675 0.4915 0.6598333333333334 0.6515000000000001 0.37616666666666665 0.35983333333333334 0.29999999999999993 0.37749999999999995 0.5096666666666666 0.14016666666666663 0.3853333333333333 0.3820000000000001 0.37699999999999995 0.38449999999999995 0.27599999999999997 0.39266666666666666 0.20083333333333336 0.36633333333333334 0.3311666666666667 0.42083333333333334 0.21599999999999994 0.2836666666666666 0.22183333333333327 0.22183333333333327 
0.8403333333333333 0.8423333333333334 0.750166666666667 1.0 0.3188333333333333 0.195 0.7890000000000004 0.8318333333333332 0.31983333333333325 0.12300000000000001 0.5636666666666666 0.5156666666666666 0.43066666666666664 0.5546666666666665 0.27099999999999996 0.5138333333333335 0.20516666666666666 0.273 0.8776666666666667 0.9041666666666667 0.3383333333333334 0.33649999999999997 0.6118333333333333 0.801 0.16116666666666668 0.18383333333333332 0.16366666666666668 0.1765 0.3166666666666666 0.3481666666666666 0.5148333333333333 0.6775 0.8328333333333333 0.8364999999999999 0.19933333333333325 0.316 0.0 0.0 0.026833333333333344 0.28850000000000003 0.0 0.00016666666666666666 0.0005 0.2458333333333332 0.0026666666666666666 0.008666666666666666 0.00016666666666666666 0.3123333333333333 0.00016666666666666666 0.0003333333333333333 0.009166666666666667 0.01566666666666667 0.00016666666666666666 0.00016666666666666666 0.0006666666666666666 0.0 0.8290000000000001 0.8274999999999999 0.8753333333333334 0.20366666666666663 0.7795000000000002 0.8456666666666669 0.7214999999999999 0.38716666666666677 0.155 0.14866666666666664 0.5473333333333333 0.6913333333333331 0.8484999999999999 0.8606666666666666 0.37383333333333335 0.3676666666666666 0.3505 0.42750000000000005 0.6815000000000002 0.33566666666666656 0.4396666666666666 0.4165 0.42766666666666653 0.46549999999999997 0.34849999999999987 0.4859999999999999 0.0003333333333333333 0.43349999999999994 0.1628333333333333 0.3836666666666666 0.013666666666666667 0.08733333333333332 0.019000000000000003 0.020666666666666673 
0.16300000000000003 0.16649999999999998 0.3474999999999999 0.3188333333333333 1.0 0.6663333333333331 0.2463333333333333 0.16766666666666669 0.4343333333333333 0.48316666666666663 0.3060000000000001 0.23300000000000004 0.24449999999999997 0.23700000000000002 0.3846666666666666 0.23116666666666671 0.31750000000000006 0.2951666666666668 0.20516666666666658 0.24450000000000002 0.37333333333333335 0.37400000000000005 0.4651666666666668 0.39483333333333337 0.6615000000000002 0.7391666666666667 0.5613333333333332 0.6153333333333334 0.3813333333333333 0.3645000000000001 0.35900000000000004 0.27433333333333326 0.17116666666666666 0.16683333333333333 0.6446666666666667 0.4966666666666667 0.34616666666666673 0.3586666666666667 0.3613333333333334 0.3390000000000001 0.3311666666666667 0.3295000000000001 0.4105000000000001 0.33166666666666667 0.3608333333333333 0.3598333333333333 0.3345000000000001 0.36566666666666664 0.3301666666666668 0.3308333333333334 0.34049999999999997 0.31000000000000005 0.3298333333333335 0.3306666666666668 0.33116666666666683 0.3316666666666668 0.15283333333333338 0.16666666666666669 0.20450000000000002 0.17766666666666672 0.2428333333333333 0.2236666666666667 0.23633333333333328 0.17800000000000005 0.5810000000000001 0.5268333333333336 0.3924999999999999 0.35950000000000004 0.1715 0.26649999999999996 0.3688333333333334 0.36199999999999993 0.27166666666666656 0.30616666666666675 0.16433333333333333 0.242 0.31883333333333336 0.3440000000000001 0.31316666666666665 0.26500000000000007 0.25616666666666665 0.24716666666666662 0.3316666666666668 0.268 0.5785000000000002 0.6541666666666667 0.34600000000000003 0.44183333333333313 0.35133333333333333 0.33033333333333337 
0.039333333333333324 0.04283333333333334 0.33416666666666656 0.195 0.6663333333333331 1.0 0.1618333333333333 0.03883333333333333 0.15033333333333332 0.7691666666666666 0.1706666666666667 0.06916666666666664 0.3276666666666665 0.0785 0.48999999999999994 0.06799999999999998 0.2956666666666667 0.2663333333333333 0.08166666666666667 0.12166666666666667 0.10249999999999998 0.1025 0.4220000000000001 0.2953333333333334 0.7395000000000002 0.7255000000000001 0.8448333333333332 0.9101666666666666 0.12516666666666665 0.09916666666666667 0.16233333333333333 0.04599999999999997 0.04116666666666667 0.04066666666666666 0.7225 0.4311666666666666 0.6071666666666666 0.5920000000000002 0.6458333333333335 0.286 0.6138333333333333 0.6126666666666667 0.5456666666666665 0.132 0.4143333333333333 0.5393333333333333 0.6151666666666668 0.11149999999999999 0.6133333333333333 0.6136666666666667 0.6230000000000002 0.3155 0.6143333333333333 0.6141666666666666 0.6145 0.615 0.029333333333333333 0.036166666666666666 0.08199999999999999 0.45766666666666667 0.060333333333333315 0.0885 0.03866666666666667 0.1306666666666667 0.7886666666666668 0.7973333333333333 0.4083333333333335 0.2830000000000001 0.048 0.14300000000000002 0.09750000000000002 0.09349999999999997 0.09900000000000002 0.08616666666666667 0.035500000000000004 0.3265 0.08183333333333334 0.0855 0.08516666666666665 0.08616666666666667 0.16416666666666668 0.07783333333333334 0.6166666666666667 0.08966666666666669 0.8045000000000002 0.5368333333333334 0.6303333333333333 0.7273333333333334 0.6360000000000001 0.6141666666666667 
0.8315 0.8338333333333335 0.7975 0.7890000000000004 0.2463333333333333 0.1618333333333333 1.0 0.8236666666666668 0.4263333333333334 0.16599999999999998 0.7355000000000002 0.5684999999999999 0.6245 0.5898333333333334 0.46266666666666656 0.5588333333333334 0.31750000000000006 0.3261666666666666 0.814 0.7873333333333334 0.4351666666666668 0.4348333333333334 0.6143333333333333 0.7094999999999999 0.15849999999999997 0.0986666666666667 0.16833333333333333 0.17116666666666666 0.4218333333333334 0.4435 0.6633333333333336 0.7086666666666668 0.8245000000000001 0.8285000000000001 0.19400000000000006 0.30516666666666664 0.08500000000000003 0.08266666666666671 0.1133333333333333 0.2613333333333334 0.09033333333333336 0.09033333333333336 0.06733333333333333 0.3491666666666666 0.023666666666666666 0.09583333333333338 0.08733333333333337 0.4136666666666668 0.09033333333333336 0.09033333333333336 0.09949999999999999 0.022000000000000002 0.09000000000000005 0.09050000000000007 0.09083333333333339 0.09033333333333336 0.8226666666666668 0.8200000000000002 0.8388333333333334 0.28333333333333327 0.7851666666666666 0.7828333333333336 0.755 0.3508333333333333 0.16266666666666665 0.16666666666666663 0.38066666666666676 0.516 0.8320000000000002 0.7488333333333334 0.46766666666666645 0.4576666666666669 0.42500000000000004 0.5108333333333335 0.6878333333333333 0.247 0.5175000000000001 0.49333333333333335 0.5146666666666667 0.5363333333333332 0.43066666666666664 0.5493333333333332 0.09550000000000003 0.49533333333333324 0.16449999999999998 0.34666666666666673 0.10549999999999998 0.1308333333333333 0.11133333333333333 0.11049999999999999 
0.9865000000000004 0.9851666666666667 0.6445000000000002 0.8318333333333332 0.16766666666666669 0.03883333333333333 0.8236666666666668 1.0 0.4485 0.012666666666666666 0.69 0.6523333333333333 0.5504999999999999 0.7176666666666667 0.39199999999999996 0.6519999999999999 0.3318333333333333 0.32783333333333325 0.9455 0.9036666666666666 0.47233333333333344 0.4706666666666668 0.4688333333333333 0.6506666666666667 0.014833333333333334 0.028833333333333332 0.013333333333333332 0.02 0.4481666666666666 0.4821666666666667 0.6483333333333333 0.8113333333333332 0.9908333333333336 0.9895000000000003 0.04683333333333335 0.22316666666666662 0.0 0.0 0.0008333333333333333 0.2815000000000001 0.0 0.0 0.0013333333333333335 0.36766666666666664 0.0034999999999999996 0.011333333333333332 0.0 0.4418333333333333 0.0 0.0 0.0 0.006999999999999999 0.0003333333333333333 0.0 0.0 0.0 0.9698333333333337 0.9900000000000003 0.9441666666666666 0.2261666666666667 0.9156666666666666 0.9225 0.855 0.4403333333333333 0.012833333333333332 0.012666666666666666 0.3990000000000001 0.5411666666666666 0.9776666666666669 0.8809999999999999 0.5053333333333334 0.49999999999999994 0.4805000000000001 0.5601666666666667 0.8149999999999996 0.35200000000000004 0.5743333333333333 0.5609999999999999 0.5588333333333332 0.6024999999999998 0.47600000000000003 0.6211666666666665 0.005833333333333334 0.5286666666666667 0.012833333333333334 0.23266666666666658 0.001 0.002833333333333333 0.0006666666666666666 0.011500000000000002 
0.43800000000000006 0.43666666666666676 0.3633333333333333 0.31983333333333325 0.4343333333333333 0.15033333333333332 0.4263333333333334 0.4485 1.0 0.05933333333333334 0.6043333333333333 0.7608333333333333 0.5083333333333332 0.6946666666666667 0.5043333333333332 0.7615000000000001 0.7723333333333335 0.6961666666666669 0.4013333333333333 0.363 0.9229999999999998 0.9221666666666664 0.3611666666666667 0.27416666666666667 0.16816666666666666 0.31583333333333335 0.06266666666666668 0.07666666666666669 0.9253333333333336 0.9131666666666667 0.6820000000000002 0.6243333333333334 0.44633333333333325 0.442 0.15183333333333338 0.5735000000000001 0.08716666666666667 0.08866666666666667 0.055166666666666676 0.2875000000000001 0.05633333333333334 0.05633333333333334 0.1398333333333333 0.8571666666666665 0.31550000000000006 0.10199999999999998 0.06049999999999999 0.9133333333333331 0.05633333333333334 0.0565 0.05666666666666667 0.4364999999999999 0.056333333333333346 0.05616666666666667 0.05600000000000001 0.0565 0.4603333333333333 0.45250000000000007 0.4068333333333332 0.05133333333333335 0.4989999999999999 0.4231666666666666 0.5864999999999999 0.41466666666666663 0.10183333333333337 0.06583333333333335 0.07849999999999999 0.2908333333333334 0.42933333333333346 0.3673333333333333 0.9006666666666667 0.9078333333333335 0.7528333333333331 0.8510000000000001 0.6088333333333334 0.11766666666666664 0.8473333333333332 0.8583333333333333 0.8573333333333335 0.8029999999999999 0.6829999999999999 0.7854999999999999 0.11716666666666667 0.7735 0.085 0.3303333333333333 0.055500000000000015 0.05650000000000002 0.05533333333333334 0.051500000000000004 
0.013666666666666667 0.017166666666666674 0.3186666666666667 0.12300000000000001 0.48316666666666663 0.7691666666666666 0.16599999999999998 0.012666666666666666 0.05933333333333334 1.0 0.17716666666666664 0.00016666666666666666 0.36950000000000005 0.012833333333333332 0.5376666666666668 0.0013333333333333333 0.2298333333333334 0.22416666666666665 0.03833333333333334 0.05833333333333333 0.006333333333333333 0.006166666666666667 0.40166666666666656 0.21466666666666676 0.801 0.5341666666666667 0.9183333333333336 0.8483333333333336 0.038833333333333345 0.005166666666666666 0.13066666666666665 0.001 0.015000000000000003 0.014833333333333336 0.7380000000000001 0.32849999999999996 0.8353333333333333 0.8135000000000002 0.8739999999999999 0.37366666666666665 0.8431666666666664 0.8421666666666665 0.7559999999999999 0.035666666666666666 0.5469999999999999 0.7626666666666666 0.8426666666666666 0.016000000000000004 0.8426666666666666 0.8428333333333333 0.852333333333333 0.40066666666666656 0.8431666666666666 0.8438333333333331 0.8441666666666667 0.8436666666666666 0.0036666666666666666 0.010333333333333335 0.04750000000000001 0.6666666666666665 0.02316666666666667 0.04100000000000001 0.0005 0.2238333333333334 0.8981666666666664 0.9451666666666664 0.4093333333333334 0.17616666666666664 0.018833333333333334 0.08183333333333331 0.004166666666666667 0.0011666666666666665 0.022333333333333334 0.0005 0.004333333333333333 0.4859999999999999 0.00016666666666666666 0.0011666666666666668 0.0003333333333333333 0.0005 0.12233333333333335 0.0003333333333333333 0.8441666666666666 0.029666666666666678 0.8919999999999999 0.4466666666666669 0.86 0.8888333333333334 0.8653333333333332 0.8428333333333334 
0.6848333333333333 0.6813333333333331 0.6624999999999999 0.5636666666666666 0.3060000000000001 0.1706666666666667 0.7355000000000002 0.69 0.6043333333333333 0.17716666666666664 1.0 0.5746666666666669 0.7941666666666665 0.5305000000000001 0.6288333333333334 0.5655 0.4926666666666668 0.44199999999999984 0.6483333333333334 0.6103333333333335 0.5799999999999997 0.5806666666666664 0.6366666666666666 0.5044999999999998 0.2144999999999999 0.08466666666666667 0.18016666666666667 0.17783333333333334 0.5775000000000001 0.5783333333333333 0.8688333333333331 0.7544999999999996 0.6875 0.6845 0.23650000000000002 0.3459999999999999 0.18933333333333333 0.18283333333333335 0.1795 0.19316666666666665 0.18049999999999997 0.18033333333333332 0.1893333333333333 0.4898333333333331 0.14433333333333337 0.20399999999999996 0.17866666666666667 0.5530000000000002 0.18033333333333332 0.18049999999999997 0.18066666666666667 0.07616666666666667 0.18 0.18033333333333332 0.18016666666666667 0.18033333333333332 0.7061666666666666 0.6933333333333331 0.6528333333333333 0.3509999999999999 0.7351666666666667 0.6445000000000001 0.7858333333333334 0.32016666666666665 0.19483333333333333 0.17883333333333332 0.17166666666666663 0.3036666666666667 0.6758333333333333 0.5821666666666668 0.601 0.5851666666666666 0.47500000000000014 0.5821666666666665 0.6273333333333333 0.1805 0.6021666666666667 0.5753333333333331 0.6061666666666665 0.5678333333333333 0.47716666666666674 0.5626666666666666 0.24049999999999996 0.5175 0.18616666666666665 0.2946666666666667 0.17983333333333332 0.18 0.17966666666666664 0.18033333333333335 
0.6438333333333334 0.6426666666666668 0.4073333333333333 0.5156666666666666 0.23300000000000004 0.06916666666666664 0.5684999999999999 0.6523333333333333 0.7608333333333333 0.00016666666666666666 0.5746666666666669 1.0 0.4614999999999999 0.9129999999999997 0.44033333333333324 0.9485000000000003 0.6373333333333333 0.6344999999999998 0.6074999999999999 0.5686666666666667 0.8146666666666669 0.8114999999999999 0.295 0.3826666666666666 0.008000000000000002 0.16116666666666668 0.0006666666666666666 0.012833333333333334 0.7843333333333335 0.8239999999999997 0.5461666666666667 0.6041666666666666 0.6509999999999999 0.6465000000000001 0.03733333333333332 0.4419999999999999 0.016166666666666673 0.003833333333333333 0.0 0.4141666666666665 0.0 0.0 0.014166666666666671 0.7061666666666667 0.17083333333333336 0.014833333333333332 0.00016666666666666666 0.7818333333333333 0.0 0.0 0.0 0.30933333333333335 0.0003333333333333333 0.0 0.0 0.0 0.6648333333333335 0.6566666666666667 0.6101666666666665 0.021333333333333336 0.585 0.6218333333333333 0.6520000000000001 0.6205000000000002 0.0018333333333333335 0.00016666666666666666 0.20200000000000007 0.44049999999999995 0.6356666666666668 0.5706666666666667 0.8096666666666666 0.834 0.7623333333333332 0.8980000000000001 0.8086666666666666 0.3 0.8653333333333335 0.8378333333333332 0.8900000000000001 0.9373333333333336 0.778 0.9550000000000007 0.053166666666666654 0.8600000000000003 0.0016666666666666666 0.28533333333333327 0.0003333333333333333 0.0006666666666666666 0.0 0.0 
0.5491666666666666 0.5458333333333334 0.6543333333333333 0.43066666666666664 0.24449999999999997 0.3276666666666665 0.6245 0.5504999999999999 0.5083333333333332 0.36950000000000005 0.7941666666666665 0.4614999999999999 1.0 0.4155000000000001 0.7903333333333334 0.45216666666666666 0.5278333333333332 0.5096666666666665 0.513 0.4749999999999999 0.4601666666666665 0.45966666666666656 0.6554999999999999 0.42550000000000004 0.24816666666666673 0.08400000000000002 0.36766666666666664 0.35333333333333333 0.4944999999999999 0.45949999999999974 0.7350000000000001 0.6058333333333333 0.5478333333333333 0.5468333333333333 0.31633333333333336 0.3548333333333332 0.3773333333333333 0.3485000000000001 0.37450000000000006 0.15416666666666662 0.376 0.37583333333333335 0.28533333333333344 0.42149999999999993 0.19216666666666665 0.32550000000000007 0.37183333333333335 0.4616666666666667 0.37633333333333335 0.3756666666666667 0.37583333333333335 0.08316666666666668 0.375 0.37583333333333335 0.37583333333333335 0.375 0.5706666666666667 0.5538333333333332 0.5178333333333334 0.504 0.5446666666666665 0.5026666666666666 0.6095000000000003 0.23733333333333334 0.3276666666666666 0.36516666666666664 0.111 0.205 0.541 0.4465 0.47533333333333333 0.45916666666666656 0.39483333333333326 0.45933333333333315 0.4903333333333332 0.1273333333333333 0.45733333333333326 0.444 0.46049999999999985 0.4526666666666665 0.3916666666666667 0.45166666666666644 0.4366666666666665 0.4251666666666665 0.33883333333333326 0.28133333333333327 0.3753333333333333 0.37183333333333335 0.37450000000000006 0.3655000000000001 
0.7098333333333335 0.7085000000000001 0.42733333333333334 0.5546666666666665 0.23700000000000002 0.0785 0.5898333333333334 0.7176666666666667 0.6946666666666667 0.012833333333333332 0.5305000000000001 0.9129999999999997 0.4155000000000001 1.0 0.3914999999999999 0.8991666666666666 0.5755 0.5755 0.669 0.628 0.7488333333333332 0.7473333333333331 0.3135 0.4093333333333333 0.02233333333333333 0.16033333333333333 0.01333333333333333 0.024333333333333332 0.7190000000000001 0.7591666666666665 0.5043333333333333 0.5758333333333333 0.7181666666666667 0.7121666666666667 0.052000000000000005 0.4458333333333333 0.00016666666666666666 0.0031666666666666666 0.001 0.40033333333333326 0.0 0.0 0.012666666666666668 0.6408333333333333 0.16216666666666668 0.016166666666666666 0.00016666666666666666 0.7161666666666666 0.0 0.0 0.0 0.28200000000000003 0.0003333333333333333 0.0 0.0 0.0 0.6918333333333334 0.7163333333333334 0.6673333333333333 0.06216666666666667 0.6506666666666666 0.6893333333333337 0.6233333333333332 0.5886666666666664 0.01566666666666667 0.012833333333333332 0.2320000000000001 0.4704999999999999 0.7020000000000001 0.6353333333333334 0.7428333333333335 0.7683333333333333 0.7048333333333332 0.8326666666666668 0.7725000000000002 0.2669999999999999 0.8036666666666668 0.7988333333333334 0.8233333333333335 0.8716666666666667 0.7093333333333334 0.8916666666666667 0.006 0.7913333333333331 0.014833333333333336 0.2894999999999999 0.0011666666666666668 0.002833333333333333 0.0008333333333333333 0.0003333333333333333 
0.38949999999999996 0.38683333333333336 0.49583333333333324 0.27099999999999996 0.3846666666666666 0.48999999999999994 0.46266666666666656 0.39199999999999996 0.5043333333333332 0.5376666666666668 0.6288333333333334 0.44033333333333324 0.7903333333333334 0.3914999999999999 1.0 0.44266666666666665 0.5211666666666666 0.5056666666666668 0.35333333333333333 0.3153333333333332 0.4513333333333332 0.4514999999999999 0.517 0.27933333333333343 0.4145000000000001 0.23200000000000004 0.5373333333333334 0.5230000000000001 0.48566666666666686 0.44999999999999984 0.5746666666666667 0.4470000000000001 0.389 0.38849999999999996 0.4663333333333333 0.3551666666666665 0.545 0.5099999999999999 0.5420000000000001 0.2653333333333335 0.5426666666666669 0.5431666666666668 0.45049999999999996 0.42033333333333317 0.24266666666666672 0.46649999999999997 0.5388333333333334 0.45666666666666667 0.5430000000000001 0.5430000000000001 0.5428333333333335 0.09533333333333337 0.5428333333333335 0.5423333333333334 0.5428333333333335 0.5431666666666668 0.41150000000000003 0.3945000000000001 0.35766666666666663 0.3715 0.3803333333333333 0.3428333333333333 0.44483333333333336 0.16233333333333333 0.4965 0.5328333333333335 0.09783333333333333 0.16316666666666674 0.3811666666666668 0.3521666666666665 0.4506666666666667 0.44749999999999995 0.39366666666666655 0.44833333333333314 0.44516666666666665 0.2538333333333333 0.44533333333333325 0.4305 0.44949999999999996 0.4433333333333332 0.3475000000000001 0.442 0.6033333333333333 0.4100000000000001 0.507 0.4348333333333334 0.5423333333333334 0.5418333333333334 0.5423333333333334 0.5303333333333333 
0.6415000000000001 0.6406666666666666 0.3938333333333332 0.5138333333333335 0.23116666666666671 0.06799999999999998 0.5588333333333334 0.6519999999999999 0.7615000000000001 0.0013333333333333333 0.5655 0.9485000000000003 0.45216666666666666 0.8991666666666666 0.44266666666666665 1.0 0.638 0.6333333333333332 0.6055 0.5669999999999998 0.8158333333333333 0.812 0.2876666666666667 0.3813333333333333 0.01366666666666667 0.155 0.0018333333333333335 0.013666666666666674 0.7833333333333333 0.8248333333333335 0.5408333333333334 0.6128333333333335 0.6503333333333333 0.6451666666666668 0.042 0.4438333333333333 0.01883333333333334 0.008333333333333333 0.0011666666666666668 0.3995 0.0011666666666666668 0.0013333333333333333 0.01616666666666667 0.7078333333333333 0.1696666666666667 0.018000000000000002 0.0021666666666666666 0.7815000000000002 0.0013333333333333333 0.0011666666666666668 0.0011666666666666668 0.30850000000000005 0.0015000000000000002 0.0011666666666666668 0.001 0.0011666666666666668 0.6624999999999999 0.6566666666666668 0.6095 0.011000000000000001 0.589 0.6211666666666666 0.6576666666666668 0.6108333333333332 0.004833333333333333 0.002 0.21283333333333337 0.4506666666666666 0.6336666666666667 0.5720000000000001 0.8009999999999999 0.8340000000000003 0.7683333333333333 0.8965 0.82 0.30866666666666664 0.8658333333333335 0.8381666666666667 0.8873333333333332 0.9301666666666663 0.7626666666666668 0.9475000000000002 0.05499999999999999 0.8571666666666665 0.005 0.2881666666666667 0.0013333333333333333 0.0016666666666666668 0.0013333333333333333 0.001 
0.32516666666666666 0.32350000000000007 0.28733333333333333 0.20516666666666666 0.31750000000000006 0.2956666666666667 0.31750000000000006 0.3318333333333333 0.7723333333333335 0.2298333333333334 0.4926666666666668 0.6373333333333333 0.5278333333333332 0.5755 0.5211666666666666 0.638 1.0 0.7355000000000002 0.28883333333333344 0.25066666666666665 0.7540000000000002 0.7541666666666668 0.3231666666666666 0.17066666666666663 0.241 0.3340000000000001 0.2298333333333334 0.2283333333333334 0.7936666666666667 0.748 0.528 0.46333333333333343 0.33016666666666666 0.3265 0.23383333333333334 0.6235 0.259 0.26049999999999995 0.22766666666666668 0.2366666666666667 0.2291666666666667 0.22933333333333336 0.27749999999999997 0.7541666666666669 0.45083333333333336 0.25466666666666665 0.23350000000000004 0.7545000000000002 0.2296666666666667 0.2291666666666667 0.2298333333333334 0.5050000000000001 0.22916666666666669 0.22883333333333336 0.229 0.229 0.3474999999999999 0.3348333333333333 0.29283333333333345 0.2360000000000001 0.3643333333333333 0.30600000000000005 0.4441666666666667 0.42700000000000005 0.2613333333333333 0.23866666666666667 0.11083333333333334 0.2321666666666666 0.31683333333333347 0.25483333333333336 0.7333333333333333 0.7420000000000002 0.6848333333333331 0.7116666666666666 0.4946666666666667 0.18783333333333332 0.7066666666666666 0.7120000000000002 0.7173333333333334 0.6826666666666668 0.6739999999999999 0.6635 0.2888333333333333 0.6486666666666666 0.2411666666666667 0.20366666666666672 0.2281666666666667 0.2253333333333333 0.2280000000000001 0.22766666666666668 
0.31999999999999995 0.32099999999999995 0.37816666666666676 0.273 0.2951666666666668 0.2663333333333333 0.3261666666666666 0.32783333333333325 0.6961666666666669 0.22416666666666665 0.44199999999999984 0.6344999999999998 0.5096666666666665 0.5755 0.5056666666666668 0.6333333333333332 0.7355000000000002 1.0 0.29 0.2711666666666667 0.6943333333333332 0.6938333333333333 0.3873333333333335 0.24383333333333337 0.11566666666666664 0.22399999999999998 0.19983333333333334 0.19716666666666666 0.7235 0.6909999999999998 0.45183333333333336 0.3985 0.32699999999999996 0.32416666666666666 0.17650000000000002 0.5791666666666666 0.31 0.2826666666666667 0.2843333333333333 0.3633333333333335 0.2909999999999999 0.29133333333333333 0.26216666666666666 0.6766666666666665 0.4278333333333333 0.28266666666666673 0.2938333333333333 0.6880000000000002 0.2911666666666667 0.2909999999999999 0.2908333333333333 0.4676666666666668 0.29066666666666663 0.2906666666666666 0.29066666666666663 0.2909999999999999 0.33916666666666656 0.3315000000000001 0.30633333333333324 0.293 0.3335 0.3388333333333334 0.39699999999999996 0.4243333333333332 0.16716666666666669 0.20600000000000002 0.07583333333333332 0.2801666666666668 0.31366666666666665 0.275 0.6679999999999999 0.6801666666666667 0.584 0.6755000000000001 0.4895000000000001 0.20400000000000001 0.655 0.6526666666666668 0.6761666666666666 0.6726666666666667 0.5781666666666667 0.6608333333333334 0.32466666666666666 0.6306666666666666 0.17583333333333329 0.25450000000000006 0.289 0.2445 0.2885 0.2888333333333333 
0.9533333333333333 0.9544999999999999 0.6833333333333332 0.8776666666666667 0.20516666666666658 0.08166666666666667 0.814 0.9455 0.4013333333333333 0.03833333333333334 0.6483333333333334 0.6074999999999999 0.513 0.669 0.35333333333333333 0.6055 0.28883333333333344 0.29 1.0 0.9538333333333336 0.42500000000000004 0.4230000000000001 0.4986666666666666 0.6866666666666665 0.05133333333333333 0.06983333333333334 0.05166666666666666 0.0635 0.4006666666666668 0.43500000000000016 0.6004999999999999 0.7631666666666667 0.9455 0.9493333333333335 0.08600000000000002 0.21716666666666665 0.0 0.0 0.009000000000000001 0.2885000000000001 0.0 0.0 0.00016666666666666666 0.32099999999999995 0.002333333333333333 0.0085 0.0 0.3953333333333333 0.0 0.0 0.002833333333333333 0.007166666666666667 0.0 0.0 0.0 0.0 0.936 0.9410000000000001 0.9360000000000004 0.22033333333333338 0.8863333333333335 0.9013333333333334 0.8085 0.4241666666666667 0.04733333333333333 0.04716666666666666 0.4353333333333335 0.579 0.9610000000000001 0.9224999999999999 0.4581666666666668 0.4528333333333335 0.43500000000000005 0.5133333333333334 0.7711666666666666 0.3498333333333333 0.5275 0.5143333333333333 0.5115 0.5548333333333335 0.43116666666666675 0.5763333333333333 0.0031666666666666666 0.5113333333333333 0.050333333333333334 0.27016666666666667 0.0034999999999999996 0.02350000000000001 0.006166666666666667 0.015166666666666669 
0.9126666666666664 0.9131666666666667 0.6970000000000001 0.9041666666666667 0.24450000000000002 0.12166666666666667 0.7873333333333334 0.9036666666666666 0.363 0.05833333333333333 0.6103333333333335 0.5686666666666667 0.4749999999999999 0.628 0.3153333333333332 0.5669999999999998 0.25066666666666665 0.2711666666666667 0.9538333333333336 1.0 0.3863333333333333 0.38433333333333336 0.5258333333333335 0.7233333333333336 0.08816666666666667 0.10933333333333332 0.08916666666666667 0.10383333333333333 0.3618333333333333 0.3963333333333334 0.5619999999999998 0.7251666666666665 0.9051666666666669 0.9086666666666666 0.124 0.2343333333333333 0.00016666666666666666 0.00016666666666666666 0.012333333333333333 0.28750000000000003 0.0 0.00016666666666666666 0.0 0.2824999999999999 0.002 0.008000000000000002 0.00016666666666666666 0.3565 0.0 0.0 0.004333333333333333 0.008666666666666668 0.0 0.0 0.0003333333333333333 0.0 0.8958333333333335 0.9008333333333333 0.9331666666666668 0.21833333333333335 0.8513333333333334 0.8953333333333333 0.7701666666666663 0.41550000000000004 0.08116666666666665 0.07816666666666669 0.47283333333333344 0.6168333333333335 0.9216666666666669 0.9399999999999998 0.4198333333333334 0.4145 0.3963333333333333 0.4746666666666667 0.7324999999999998 0.34699999999999986 0.4891666666666667 0.4760000000000001 0.4731666666666667 0.5161666666666666 0.3935 0.5373333333333332 0.002833333333333333 0.4813333333333334 0.08783333333333333 0.30933333333333335 0.005166666666666666 0.041499999999999995 0.008166666666666668 0.016833333333333336 
0.46100000000000013 0.46050000000000013 0.3566666666666668 0.3383333333333334 0.37333333333333335 0.10249999999999998 0.4351666666666668 0.47233333333333344 0.9229999999999998 0.006333333333333333 0.5799999999999997 0.8146666666666669 0.4601666666666665 0.7488333333333332 0.4513333333333332 0.8158333333333333 0.7540000000000002 0.6943333333333332 0.42500000000000004 0.3863333333333333 1.0 0.9896666666666669 0.3198333333333333 0.2758333333333334 0.10833333333333327 0.3166666666666667 0.008833333333333332 0.02666666666666667 0.9378333333333332 0.9813333333333338 0.6625 0.6483333333333334 0.47083333333333344 0.4650000000000001 0.09416666666666668 0.5421666666666666 0.03416666666666667 0.03533333333333334 0.0023333333333333335 0.32033333333333336 0.003333333333333333 0.003333333333333333 0.08033333333333333 0.8739999999999999 0.2653333333333333 0.04800000000000001 0.007666666666666667 0.9528333333333333 0.003333333333333333 0.0035000000000000005 0.0036666666666666666 0.4739999999999999 0.0035000000000000005 0.0031666666666666666 0.0030000000000000005 0.0035000000000000005 0.4828333333333334 0.47650000000000015 0.42800000000000005 0.010166666666666666 0.5166666666666666 0.4468333333333333 0.6026666666666665 0.4535000000000002 0.04583333333333336 0.012166666666666666 0.074 0.29699999999999993 0.4528333333333335 0.39083333333333337 0.9510000000000002 0.9614999999999998 0.7853333333333334 0.9064999999999998 0.6448333333333334 0.13866666666666666 0.8913333333333334 0.9028333333333335 0.9018333333333334 0.8619999999999998 0.7238333333333332 0.8448333333333333 0.06233333333333333 0.8291666666666666 0.02783333333333333 0.3551666666666666 0.0026666666666666666 0.003 0.0026666666666666666 0.0023333333333333335 
0.4595 0.4588333333333334 0.35583333333333333 0.33649999999999997 0.37400000000000005 0.1025 0.4348333333333334 0.4706666666666668 0.9221666666666664 0.006166666666666667 0.5806666666666664 0.8114999999999999 0.45966666666666656 0.7473333333333331 0.4514999999999999 0.812 0.7541666666666668 0.6938333333333333 0.4230000000000001 0.38433333333333336 0.9896666666666669 1.0 0.32016666666666665 0.2763333333333334 0.10849999999999996 0.317 0.009000000000000001 0.026333333333333337 0.9393333333333334 0.9800000000000004 0.6643333333333333 0.6486666666666667 0.4688333333333335 0.4633333333333334 0.09433333333333337 0.5423333333333331 0.03416666666666667 0.035500000000000004 0.0025 0.31749999999999995 0.0034999999999999996 0.0034999999999999996 0.08066666666666666 0.8755000000000003 0.26533333333333337 0.04833333333333334 0.008 0.9523333333333335 0.0034999999999999996 0.0036666666666666666 0.003833333333333333 0.47516666666666657 0.0034999999999999996 0.0034999999999999996 0.003333333333333333 0.0036666666666666666 0.48116666666666674 0.47483333333333333 0.42616666666666675 0.010499999999999999 0.5153333333333332 0.4451666666666665 0.6030000000000001 0.45150000000000007 0.04533333333333335 0.012 0.0745 0.29683333333333334 0.45083333333333336 0.3885 0.9531666666666669 0.9603333333333335 0.7846666666666667 0.9033333333333331 0.6418333333333333 0.13666666666666663 0.8896666666666667 0.9023333333333333 0.9008333333333333 0.8601666666666665 0.7226666666666663 0.8420000000000002 0.06233333333333333 0.8256666666666664 0.028333333333333335 0.3548333333333333 0.002833333333333333 0.003 0.0026666666666666666 0.0023333333333333335 
0.4646666666666667 0.46866666666666673 0.7775000000000003 0.6118333333333333 0.4651666666666668 0.4220000000000001 0.6143333333333333 0.4688333333333333 0.3611666666666667 0.40166666666666656 0.6366666666666666 0.295 0.6554999999999999 0.3135 0.517 0.2876666666666667 0.3231666666666666 0.3873333333333335 0.4986666666666666 0.5258333333333335 0.3198333333333333 0.32016666666666665 1.0 0.7306666666666666 0.43449999999999994 0.28733333333333344 0.4495 0.4395 0.3698333333333334 0.3151666666666666 0.6281666666666665 0.49216666666666675 0.47216666666666673 0.4688333333333334 0.5373333333333333 0.561 0.261 0.2665 0.29300000000000004 0.1161666666666667 0.26433333333333325 0.26433333333333325 0.2608333333333333 0.32566666666666655 0.21833333333333335 0.31699999999999995 0.26299999999999996 0.34600000000000003 0.2644999999999999 0.2643333333333333 0.2733333333333332 0.06983333333333334 0.2631666666666666 0.26399999999999996 0.26499999999999996 0.2641666666666666 0.45433333333333337 0.4656666666666668 0.5053333333333334 0.4456666666666667 0.4936666666666667 0.5066666666666666 0.47483333333333355 0.13299999999999998 0.44983333333333325 0.44083333333333335 0.37883333333333336 0.5041666666666668 0.4733333333333333 0.48183333333333345 0.33183333333333337 0.3151666666666666 0.279 0.2976666666666667 0.34466666666666673 0.022333333333333337 0.30716666666666664 0.31816666666666665 0.30100000000000005 0.29166666666666663 0.18616666666666665 0.285 0.26266666666666666 0.2565 0.4859999999999999 0.5418333333333334 0.27883333333333327 0.35416666666666674 0.284 0.2765000000000001 
0.6458333333333333 0.6498333333333334 0.7198333333333333 0.801 0.39483333333333337 0.2953333333333334 0.7094999999999999 0.6506666666666667 0.27416666666666667 0.21466666666666676 0.5044999999999998 0.3826666666666666 0.42550000000000004 0.4093333333333333 0.27933333333333343 0.3813333333333333 0.17066666666666663 0.24383333333333337 0.6866666666666665 0.7233333333333336 0.2758333333333334 0.2763333333333334 0.7306666666666666 1.0 0.2933333333333334 0.28200000000000003 0.2758333333333334 0.29833333333333345 0.28550000000000003 0.2798333333333334 0.5003333333333334 0.5803333333333335 0.6546666666666668 0.652 0.36266666666666664 0.37116666666666664 0.06683333333333333 0.06633333333333333 0.09749999999999998 0.21100000000000002 0.06783333333333333 0.06733333333333333 0.0735 0.25233333333333335 0.06566666666666665 0.10733333333333338 0.06833333333333332 0.29 0.06766666666666665 0.06766666666666667 0.07633333333333331 0.04483333333333334 0.06766666666666667 0.06716666666666665 0.068 0.06766666666666665 0.6353333333333333 0.6468333333333333 0.6869999999999998 0.262 0.6241666666666668 0.6803333333333333 0.5943333333333333 0.30066666666666664 0.26550000000000007 0.2535 0.5885 0.7350000000000001 0.6540000000000002 0.6800000000000002 0.30983333333333335 0.29949999999999993 0.32466666666666666 0.33149999999999996 0.51 0.21683333333333332 0.35233333333333333 0.3388333333333334 0.3398333333333333 0.3618333333333333 0.26899999999999996 0.3618333333333333 0.06833333333333333 0.31649999999999995 0.2968333333333334 0.5536666666666666 0.08316666666666667 0.1691666666666667 0.08899999999999997 0.08900000000000001 
0.014666666666666666 0.018166666666666668 0.2729999999999999 0.16116666666666668 0.6615000000000002 0.7395000000000002 0.15849999999999997 0.014833333333333334 0.16816666666666666 0.801 0.2144999999999999 0.008000000000000002 0.24816666666666673 0.02233333333333333 0.4145000000000001 0.01366666666666667 0.241 0.11566666666666664 0.05133333333333333 0.08816666666666667 0.10833333333333327 0.10849999999999996 0.43449999999999994 0.2933333333333334 1.0 0.7208333333333335 0.8623333333333332 0.8116666666666664 0.13749999999999996 0.1023333333333333 0.242 0.0975 0.0175 0.0165 0.8291666666666666 0.41316666666666657 0.6531666666666669 0.6620000000000004 0.6798333333333333 0.2946666666666667 0.6493333333333335 0.6473333333333335 0.7060000000000002 0.15850000000000006 0.5248333333333332 0.6665000000000002 0.6518333333333335 0.1343333333333333 0.6481666666666668 0.6486666666666668 0.6585000000000002 0.41966666666666674 0.6473333333333336 0.6490000000000002 0.6496666666666668 0.6495000000000002 0.0045 0.0125 0.055333333333333325 0.4706666666666668 0.07433333333333332 0.05749999999999998 0.059333333333333335 0.16583333333333333 0.8936666666666667 0.8435000000000001 0.507 0.26933333333333337 0.022000000000000002 0.10966666666666669 0.10516666666666664 0.0983333333333333 0.11733333333333335 0.054333333333333324 0.006166666666666666 0.41483333333333333 0.06966666666666667 0.08883333333333335 0.05583333333333334 0.020166666666666666 0.13449999999999998 0.009000000000000001 0.6493333333333335 0.03133333333333334 0.8873333333333333 0.5840000000000001 0.6640000000000001 0.7563333333333333 0.6686666666666669 0.6465 
