1.0 0.14750000000000002 0.282 0.1038333333333333 0.03516666666666667 0.03333333333333333 0.114 0.05466666666666664 0.004333333333333333 0.013833333333333338 0.5895000000000001 0.052000000000000005 0.24816666666666662 0.10133333333333334 0.23016666666666658 0.24733333333333335 0.2733333333333334 0.20633333333333337 0.6544999999999999 0.3179999999999999 0.02483333333333334 0.30699999999999994 0.7841666666666666 0.7663333333333334 0.37116666666666664 0.05666666666666667 0.0625 0.051999999999999984 0.31633333333333336 0.2468333333333333 0.7833333333333333 0.7886666666666667 0.7010000000000001 0.23816666666666655 0.9370000000000003 0.8130000000000002 0.4881666666666667 0.4285000000000001 0.5576666666666668 0.3478333333333333 0.4543333333333334 0.2945 0.4378333333333334 0.36883333333333324 0.3503333333333332 0.10683333333333334 0.5053333333333333 0.6318333333333334 0.06766666666666665 0.07216666666666666 0.16616666666666668 0.1255 0.39449999999999996 0.3691666666666667 0.3256666666666667 0.09516666666666668 0.06716666666666667 0.12766666666666665 0.11166666666666664 0.13316666666666666 0.2245000000000001 0.4526666666666667 0.18166666666666667 0.34700000000000003 0.813 0.6068333333333333 0.4148333333333333 0.3611666666666667 0.83 0.8443333333333334 0.5339999999999999 0.4704999999999999 0.4971666666666666 0.4653333333333334 0.8470000000000003 0.7841666666666666 0.2083333333333333 0.24 0.1371666666666666 0.25133333333333324 0.24133333333333337 0.23433333333333334 0.2531666666666666 0.24983333333333335 0.7410000000000001 0.6086666666666667 0.347 0.28633333333333333 0.42850000000000016 0.5066666666666667 
0.14750000000000002 1.0 0.37133333333333335 0.6103333333333333 0.5738333333333333 0.6475 0.5003333333333333 0.5476666666666665 0.5701666666666668 0.5511666666666668 0.3256666666666667 0.7805000000000004 0.35766666666666674 0.5395000000000001 0.5666666666666665 0.5093333333333334 0.4225 0.5471666666666668 0.17566666666666658 0.5228333333333333 0.433 0.4425 0.2741666666666667 0.19066666666666665 0.45616666666666655 0.43466666666666676 0.4428333333333334 0.524 0.4411666666666668 0.5111666666666667 0.2748333333333333 0.274 0.07083333333333333 0.30783333333333335 0.20016666666666666 0.07783333333333337 0.2758333333333333 0.3356666666666667 0.23466666666666658 0.35233333333333333 0.2985 0.3908333333333333 0.40333333333333327 0.4654999999999998 0.44566666666666654 0.40550000000000014 0.4160000000000001 0.45366666666666655 0.4043333333333335 0.39966666666666667 0.35900000000000004 0.3671666666666667 0.4371666666666667 0.4313333333333331 0.21616666666666667 0.38483333333333336 0.4590000000000001 0.6783333333333332 0.5053333333333333 0.5016666666666666 0.39333333333333337 0.25499999999999995 0.43483333333333346 0.5166666666666666 0.17666666666666675 0.10550000000000001 0.24883333333333332 0.2931666666666667 0.16150000000000003 0.18166666666666664 0.355 0.32283333333333325 0.2786666666666667 0.3106666666666666 0.25533333333333336 0.27250000000000013 0.27416666666666667 0.2451666666666667 0.04916666666666667 0.5118333333333333 0.34166666666666673 0.5113333333333334 0.4106666666666667 0.4058333333333334 0.17816666666666667 0.18583333333333335 0.25566666666666665 0.36516666666666653 0.20233333333333334 0.21783333333333335 
0.282 0.37133333333333335 1.0 0.5948333333333334 0.5630000000000001 0.5211666666666666 0.7425000000000002 0.7271666666666668 0.6466666666666666 0.44766666666666666 0.23416666666666663 0.43583333333333335 0.603 0.5803333333333334 0.30199999999999994 0.002833333333333333 0.03383333333333334 0.08383333333333334 0.2931666666666667 0.42400000000000004 0.6739999999999998 0.5658333333333332 0.21550000000000005 0.2166666666666667 0.6038333333333334 0.5756666666666667 0.5643333333333331 0.5261666666666667 0.009000000000000001 0.002 0.21600000000000005 0.21866666666666668 0.40049999999999997 0.5289999999999998 0.2648333333333333 0.42816666666666675 0.09816666666666668 0.09733333333333333 0.10766666666666666 0.09733333333333338 0.09100000000000001 0.01633333333333334 0.737 0.722 0.7408333333333335 0.7506666666666666 0.6830000000000002 0.4255 0.7468333333333335 0.7521666666666669 0.8158333333333332 0.7866666666666666 0.7373333333333335 0.6921666666666667 0.43833333333333324 0.20149999999999998 0.5931666666666667 0.5706666666666668 0.7443333333333335 0.7158333333333334 0.6339999999999999 0.3856666666666667 0.6768333333333332 0.4668333333333335 0.3551666666666666 0.5146666666666665 0.7591666666666665 0.7839999999999995 0.30999999999999994 0.25300000000000006 0.24549999999999997 0.1255 0.11883333333333333 0.11200000000000003 0.2179999999999999 0.21216666666666664 0.7070000000000002 0.6848333333333333 0.4108333333333333 0.0021666666666666666 0.10149999999999997 0.0026666666666666666 0.07466666666666667 0.0796666666666667 0.24283333333333323 0.18016666666666672 0.09283333333333331 0.0215 0.4193333333333333 0.3414999999999999 
0.1038333333333333 0.6103333333333333 0.5948333333333334 1.0 0.7886666666666667 0.7966666666666665 0.7341666666666664 0.7981666666666669 0.7955000000000001 0.709333333333333 0.2660000000000001 0.6046666666666665 0.5865000000000001 0.5231666666666667 0.45749999999999985 0.15116666666666662 0.19549999999999998 0.22466666666666668 0.20333333333333337 0.5688333333333334 0.6660000000000003 0.5141666666666667 0.16733333333333333 0.2145 0.6291666666666665 0.6613333333333332 0.6529999999999998 0.6590000000000003 0.15350000000000003 0.15566666666666668 0.16866666666666671 0.1691666666666667 0.1696666666666666 0.5418333333333334 0.11066666666666668 0.19899999999999998 0.020833333333333336 0.004166666666666667 0.03816666666666667 0.10366666666666671 0.013333333333333332 0.04016666666666666 0.5823333333333331 0.6431666666666668 0.6439999999999999 0.6103333333333332 0.5056666666666667 0.363 0.6209999999999999 0.6129999999999999 0.585 0.5764999999999999 0.616 0.6035 0.4421666666666666 0.2914999999999999 0.6696666666666666 0.6896666666666667 0.7361666666666666 0.7343333333333333 0.6238333333333334 0.40016666666666667 0.6635000000000001 0.5206666666666665 0.0875 0.2503333333333333 0.47883333333333333 0.5246666666666667 0.15366666666666667 0.1771666666666667 0.10916666666666666 0.0021666666666666666 0.008833333333333335 0.021333333333333336 0.15233333333333338 0.16716666666666669 0.48316666666666647 0.4615000000000001 0.2385 0.15716666666666665 0.23516666666666672 0.16316666666666663 0.24049999999999994 0.24549999999999997 0.05216666666666667 0.06033333333333332 0.102 0.028333333333333325 0.3994999999999999 0.3483333333333334 
0.03516666666666667 0.5738333333333333 0.5630000000000001 0.7886666666666667 1.0 0.8946666666666667 0.7313333333333332 0.7879999999999999 0.8881666666666664 0.7495000000000002 0.2995 0.6146666666666665 0.5880000000000001 0.5183333333333334 0.5901666666666666 0.17116666666666666 0.2398333333333332 0.23966666666666672 0.09883333333333333 0.41850000000000004 0.7341666666666669 0.5598333333333333 0.04383333333333333 0.11799999999999997 0.5760000000000001 0.7953333333333333 0.7943333333333331 0.7743333333333332 0.1661666666666667 0.17466666666666664 0.045500000000000006 0.044500000000000005 0.084 0.49266666666666664 0.004833333333333333 0.06716666666666665 0.021333333333333336 0.026166666666666675 0.03433333333333333 0.12116666666666667 0.02633333333333334 0.061166666666666675 0.43683333333333335 0.4948333333333332 0.5093333333333332 0.6858333333333335 0.3926666666666667 0.2323333333333333 0.7088333333333332 0.700333333333333 0.5989999999999999 0.6433333333333335 0.45833333333333337 0.4576666666666666 0.4121666666666667 0.2803333333333333 0.73 0.691 0.7338333333333331 0.6883333333333332 0.6178333333333333 0.34900000000000003 0.6656666666666667 0.5026666666666668 0.07366666666666666 0.1985 0.42083333333333317 0.46833333333333343 0.020666666666666673 0.05699999999999998 0.11633333333333329 0.023666666666666673 0.022166666666666668 0.03266666666666666 0.028499999999999998 0.044 0.5473333333333334 0.5193333333333333 0.31200000000000006 0.17583333333333337 0.2956666666666667 0.17816666666666667 0.2776666666666667 0.2819999999999999 0.011000000000000001 0.0075000000000000015 0.14700000000000002 0.05566666666666666 0.39549999999999985 0.30833333333333335 
0.03333333333333333 0.6475 0.5211666666666666 0.7966666666666665 0.8946666666666667 1.0 0.6843333333333332 0.7491666666666668 0.8171666666666667 0.8220000000000001 0.2626666666666668 0.6835000000000001 0.5403333333333333 0.5529999999999999 0.5386666666666668 0.24166666666666675 0.2785 0.3043333333333333 0.07383333333333335 0.42033333333333334 0.6705000000000001 0.6088333333333332 0.04333333333333333 0.12316666666666665 0.5776666666666668 0.7583333333333333 0.7534999999999996 0.8364999999999998 0.21633333333333338 0.2463333333333333 0.045 0.044 0.07483333333333335 0.48083333333333333 0.0038333333333333336 0.06133333333333333 0.064 0.08500000000000002 0.06583333333333333 0.18833333333333335 0.07466666666666667 0.131 0.4301666666666668 0.48833333333333334 0.5018333333333334 0.5998333333333332 0.3870000000000002 0.2323333333333333 0.6223333333333333 0.6131666666666666 0.5395 0.5568333333333334 0.4528333333333333 0.45116666666666666 0.3898333333333334 0.3411666666666666 0.6816666666666668 0.7349999999999999 0.6856666666666665 0.6756666666666666 0.5741666666666666 0.33833333333333343 0.6171666666666666 0.49800000000000005 0.06250000000000001 0.18200000000000002 0.405 0.4539999999999999 0.012833333333333334 0.062333333333333324 0.16333333333333333 0.08000000000000003 0.06883333333333334 0.08700000000000005 0.02816666666666667 0.04333333333333333 0.4606666666666666 0.4351666666666668 0.22466666666666668 0.24766666666666662 0.2558333333333334 0.2548333333333333 0.31233333333333335 0.3186666666666667 0.014333333333333333 0.023333333333333345 0.201 0.13083333333333333 0.34916666666666674 0.29483333333333334 
0.114 0.5003333333333333 0.7425000000000002 0.7341666666666664 0.7313333333333332 0.6843333333333332 1.0 0.9258333333333334 0.8278333333333333 0.6186666666666666 0.4706666666666665 0.5925 0.8391666666666667 0.5221666666666667 0.43166666666666664 0.14733333333333332 0.19549999999999998 0.21733333333333335 0.12216666666666667 0.47483333333333344 0.6776666666666666 0.3878333333333335 0.006666666666666666 0.007166666666666666 0.4053333333333334 0.5865 0.5776666666666668 0.5476666666666666 0.1455 0.1515 0.006666666666666667 0.007166666666666667 0.31400000000000006 0.7495 0.09666666666666668 0.2611666666666666 0.0015000000000000002 0.004166666666666667 0.0023333333333333335 0.10433333333333333 0.004666666666666667 0.03683333333333334 0.5583333333333332 0.5108333333333335 0.5179999999999999 0.647 0.5144999999999998 0.2383333333333334 0.6865000000000001 0.6851666666666668 0.8364999999999999 0.7413333333333331 0.5373333333333334 0.4879999999999999 0.6719999999999999 0.3398333333333333 0.8056666666666668 0.7628333333333331 0.9800000000000004 0.9378333333333336 0.8748333333333335 0.6006666666666665 0.9178333333333335 0.6891666666666667 0.2368333333333334 0.45250000000000007 0.6705 0.7219999999999999 0.13249999999999998 0.06616666666666667 0.08900000000000002 0.002 0.0003333333333333333 0.011833333333333336 0.027166666666666662 0.007166666666666667 0.6638333333333333 0.6570000000000001 0.3543333333333334 0.15316666666666665 0.2880000000000001 0.15533333333333332 0.26183333333333336 0.2651666666666667 0.10399999999999998 0.0026666666666666666 0.061500000000000006 0.019833333333333335 0.6570000000000001 0.5641666666666667 
0.05466666666666664 0.5476666666666665 0.7271666666666668 0.7981666666666669 0.7879999999999999 0.7491666666666668 0.9258333333333334 1.0 0.8815 0.6681666666666669 0.4098333333333335 0.6074999999999998 0.7766666666666664 0.5473333333333333 0.4825000000000001 0.15033333333333332 0.19316666666666663 0.22083333333333335 0.14366666666666666 0.48833333333333334 0.736 0.4411666666666665 0.032166666666666656 0.03433333333333333 0.46383333333333326 0.6471666666666668 0.6403333333333332 0.6111666666666667 0.14516666666666667 0.15466666666666667 0.03316666666666666 0.032833333333333325 0.25399999999999995 0.6963333333333334 0.04016666666666668 0.2 0.0013333333333333333 0.0036666666666666666 0.0011666666666666668 0.10716666666666667 0.004 0.038500000000000006 0.5231666666666666 0.5559999999999999 0.5656666666666667 0.6943333333333334 0.4659999999999998 0.23850000000000002 0.733 0.7266666666666667 0.7746666666666667 0.7171666666666667 0.5376666666666666 0.5138333333333331 0.6145 0.3403333333333333 0.7866666666666667 0.7421666666666666 0.9265000000000002 0.8923333333333338 0.8126666666666666 0.5483333333333335 0.8526666666666667 0.6355000000000002 0.17899999999999994 0.3926666666666668 0.6108333333333333 0.6629999999999999 0.09533333333333335 0.03383333333333333 0.09283333333333335 0.0011666666666666668 0.00016666666666666666 0.012666666666666668 0.022000000000000002 0.03133333333333333 0.6281666666666667 0.6104999999999999 0.3463333333333334 0.15633333333333332 0.28516666666666673 0.15983333333333333 0.25850000000000006 0.26466666666666677 0.048666666666666664 0.002 0.061666666666666654 0.02149999999999999 0.5894999999999999 0.5105000000000001 
0.004333333333333333 0.5701666666666668 0.6466666666666666 0.7955000000000001 0.8881666666666664 0.8171666666666667 0.8278333333333333 0.8815 1.0 0.7334999999999998 0.31450000000000006 0.6286666666666667 0.6845 0.5780000000000001 0.5799999999999998 0.16999999999999996 0.2163333333333333 0.23900000000000002 0.16250000000000003 0.48716666666666675 0.7996666666666666 0.4736666666666665 0.040166666666666656 0.04449999999999999 0.4916666666666666 0.7118333333333331 0.7070000000000001 0.681 0.1671666666666667 0.17400000000000002 0.04199999999999998 0.040666666666666657 0.168 0.5870000000000001 0.004999999999999999 0.15199999999999997 0.018833333333333334 0.0235 0.014000000000000004 0.1235 0.023333333333333334 0.057999999999999996 0.5034999999999998 0.565 0.5865 0.7648333333333333 0.4268333333333333 0.23850000000000005 0.7891666666666667 0.7810000000000001 0.689 0.7253333333333332 0.5336666666666666 0.5215000000000001 0.5078333333333331 0.3593333333333334 0.7985000000000002 0.7051666666666668 0.8306666666666667 0.7829999999999999 0.7151666666666666 0.4408333333333334 0.7605000000000001 0.5315 0.08116666666666665 0.291 0.5116666666666664 0.5605 0.07666666666666672 0.0175 0.11216666666666664 0.02066666666666667 0.01883333333333334 0.02983333333333333 0.02483333333333333 0.03983333333333333 0.6296666666666668 0.6026666666666665 0.39116666666666666 0.1751666666666667 0.30766666666666664 0.17800000000000002 0.2810000000000001 0.2861666666666667 0.013333333333333334 0.007000000000000003 0.0805 0.03983333333333333 0.49533333333333346 0.405 
0.013833333333333338 0.5511666666666668 0.44766666666666666 0.709333333333333 0.7495000000000002 0.8220000000000001 0.6186666666666666 0.6681666666666669 0.7334999999999998 1.0 0.25816666666666666 0.6316666666666668 0.5539999999999999 0.5126666666666666 0.44666666666666666 0.36533333333333345 0.3863333333333334 0.4183333333333333 0.08816666666666667 0.4283333333333333 0.5734999999999999 0.47883333333333317 0.0355 0.0925 0.4379999999999999 0.6013333333333333 0.595 0.6793333333333336 0.3345 0.3693333333333333 0.03716666666666667 0.035500000000000004 0.11450000000000003 0.5313333333333333 0.003333333333333333 0.09583333333333335 0.1673333333333333 0.19783333333333336 0.13999999999999996 0.29016666666666663 0.18699999999999994 0.24533333333333332 0.3653333333333334 0.4106666666666668 0.4291666666666668 0.5176666666666666 0.32333333333333336 0.18366666666666667 0.536 0.5289999999999998 0.4761666666666668 0.4788333333333333 0.3888333333333333 0.3891666666666667 0.4188333333333334 0.4971666666666667 0.6476666666666665 0.6321666666666668 0.6214999999999999 0.6116666666666668 0.5671666666666666 0.35816666666666674 0.5871666666666667 0.4643333333333333 0.05066666666666666 0.20200000000000007 0.39416666666666655 0.42050000000000004 0.02516666666666667 0.05783333333333331 0.17933333333333334 0.18899999999999997 0.17900000000000002 0.19849999999999995 0.026333333333333337 0.04366666666666666 0.43316666666666664 0.42383333333333334 0.35516666666666663 0.3708333333333334 0.35950000000000004 0.3741666666666667 0.43316666666666664 0.4361666666666666 0.05499999999999999 0.12300000000000004 0.2958333333333333 0.23049999999999998 0.37666666666666676 0.31866666666666665 
0.5895000000000001 0.3256666666666667 0.23416666666666663 0.2660000000000001 0.2995 0.2626666666666668 0.4706666666666665 0.4098333333333335 0.31450000000000006 0.25816666666666666 1.0 0.2548333333333333 0.6078333333333336 0.04616666666666667 0.5111666666666665 0.4369999999999999 0.44633333333333347 0.34700000000000003 0.41650000000000004 0.23850000000000007 0.15899999999999997 0.006333333333333334 0.4710000000000001 0.38666666666666677 0.019000000000000003 0.16 0.16833333333333336 0.13599999999999998 0.43816666666666665 0.4434999999999998 0.4718333333333332 0.4729999999999998 0.5013333333333334 0.5601666666666667 0.6076666666666667 0.45249999999999985 0.31566666666666665 0.3239999999999999 0.32516666666666666 0.42266666666666663 0.3108333333333334 0.35150000000000015 0.07133333333333333 0.0031666666666666666 0.004 0.12716666666666673 0.16833333333333333 0.29766666666666663 0.1655 0.16383333333333336 0.33066666666666655 0.22166666666666668 0.031166666666666672 0.0018333333333333335 0.6668333333333333 0.24566666666666673 0.3763333333333334 0.42950000000000005 0.4716666666666666 0.4575000000000001 0.5841666666666665 0.7693333333333334 0.5406666666666667 0.7049999999999998 0.7498333333333335 0.6069999999999998 0.3848333333333334 0.35400000000000015 0.48250000000000015 0.5031666666666667 0.3043333333333333 0.3278333333333333 0.3175 0.32549999999999996 0.5173333333333333 0.4521666666666666 0.3083333333333334 0.35316666666666663 0.21316666666666673 0.44966666666666666 0.5603333333333333 0.433 0.5531666666666667 0.5545000000000001 0.48499999999999993 0.30983333333333335 0.28966666666666674 0.30633333333333335 0.7851666666666666 0.8373333333333334 
0.052000000000000005 0.7805000000000004 0.43583333333333335 0.6046666666666665 0.6146666666666665 0.6835000000000001 0.5925 0.6074999999999998 0.6286666666666667 0.6316666666666668 0.2548333333333333 1.0 0.45116666666666666 0.6928333333333334 0.46616666666666645 0.5345 0.4715 0.5775 0.02766666666666668 0.44616666666666677 0.4633333333333334 0.5176666666666666 0.08933333333333333 0.016000000000000004 0.41183333333333344 0.4553333333333333 0.4569999999999999 0.5499999999999999 0.4684999999999998 0.5381666666666668 0.08999999999999998 0.08866666666666663 0.07766666666666666 0.3880000000000001 0.08166666666666667 0.0685 0.30049999999999993 0.36083333333333334 0.2615 0.3840000000000001 0.3226666666666667 0.4158333333333335 0.41783333333333345 0.4388333333333334 0.43866666666666665 0.4463333333333334 0.4198333333333333 0.281 0.45300000000000007 0.4494999999999999 0.4488333333333333 0.44516666666666665 0.42766666666666675 0.4093333333333333 0.296 0.5585000000000002 0.5683333333333332 0.7078333333333333 0.5978333333333332 0.5805 0.4881666666666667 0.25750000000000006 0.5273333333333332 0.48833333333333323 0.08683333333333332 0.10316666666666667 0.3261666666666667 0.37000000000000005 0.021333333333333343 0.04266666666666666 0.3531666666666667 0.35100000000000003 0.3066666666666667 0.3373333333333333 0.08433333333333333 0.09049999999999998 0.3565 0.32899999999999996 0.21466666666666662 0.5385000000000002 0.38533333333333325 0.5368333333333334 0.4543333333333334 0.45083333333333336 0.13616666666666669 0.21183333333333337 0.30400000000000005 0.3863333333333333 0.2663333333333334 0.21066666666666664 
0.24816666666666662 0.35766666666666674 0.603 0.5865000000000001 0.5880000000000001 0.5403333333333333 0.8391666666666667 0.7766666666666664 0.6845 0.5539999999999999 0.6078333333333336 0.45116666666666666 1.0 0.3781666666666668 0.29616666666666663 0.15616666666666662 0.20133333333333325 0.22016666666666673 0.22933333333333328 0.4718333333333334 0.5323333333333331 0.24599999999999997 0.11483333333333336 0.11316666666666667 0.2601666666666667 0.44183333333333336 0.4330000000000001 0.4005 0.15266666666666664 0.15999999999999998 0.11400000000000002 0.11433333333333336 0.44033333333333347 0.8365000000000002 0.23116666666666674 0.39533333333333337 0.014000000000000002 0.017333333333333336 0.036000000000000004 0.1183333333333333 0.013499999999999998 0.049333333333333326 0.42649999999999993 0.36449999999999994 0.3718333333333333 0.5010000000000001 0.40950000000000003 0.20566666666666664 0.5403333333333333 0.5388333333333334 0.7025 0.5971666666666667 0.3944999999999999 0.35949999999999993 0.7964999999999999 0.3498333333333333 0.7281666666666667 0.6226666666666666 0.8371666666666668 0.8150000000000002 0.9270000000000002 0.7351666666666667 0.8956666666666666 0.7501666666666665 0.37133333333333335 0.5833333333333333 0.7228333333333333 0.6998333333333333 0.25600000000000006 0.18983333333333335 0.010666666666666666 0.016333333333333335 0.011666666666666667 0.023333333333333338 0.15450000000000003 0.1106666666666667 0.6833333333333332 0.7301666666666669 0.35916666666666686 0.1616666666666666 0.2936666666666667 0.16399999999999998 0.26916666666666683 0.2723333333333333 0.16833333333333333 0.013166666666666667 0.07350000000000001 0.027833333333333335 0.7935000000000002 0.7011666666666666 
0.10133333333333334 0.5395000000000001 0.5803333333333334 0.5231666666666667 0.5183333333333334 0.5529999999999999 0.5221666666666667 0.5473333333333333 0.5780000000000001 0.5126666666666666 0.04616666666666667 0.6928333333333334 0.3781666666666668 1.0 0.34599999999999986 0.2608333333333333 0.2521666666666666 0.36999999999999994 0.2475 0.4293333333333335 0.5579999999999999 0.6258333333333332 0.13116666666666668 0.11533333333333334 0.5268333333333333 0.48716666666666647 0.47800000000000004 0.5398333333333333 0.28933333333333333 0.2594999999999999 0.13233333333333333 0.13116666666666668 0.1935 0.3093333333333333 0.107 0.21916666666666665 0.27166666666666667 0.2806666666666667 0.2518333333333333 0.24050000000000002 0.2850000000000001 0.25183333333333335 0.5685 0.6078333333333333 0.6301666666666664 0.6716666666666665 0.5168333333333335 0.33233333333333337 0.6793333333333333 0.6786666666666668 0.6265000000000001 0.6603333333333334 0.5926666666666666 0.5713333333333334 0.22033333333333327 0.4168333333333332 0.46549999999999997 0.5283333333333334 0.5236666666666666 0.502 0.41099999999999987 0.175 0.4526666666666667 0.28766666666666657 0.06666666666666667 0.19083333333333335 0.4256666666666667 0.46599999999999997 0.1398333333333333 0.10766666666666669 0.3518333333333332 0.2928333333333334 0.2810000000000001 0.298 0.11549999999999999 0.12583333333333335 0.5681666666666667 0.5315 0.3933333333333333 0.2588333333333333 0.16549999999999992 0.26066666666666655 0.2193333333333334 0.21233333333333337 0.15250000000000002 0.21233333333333337 0.23449999999999993 0.25033333333333335 0.195 0.12200000000000003 
0.23016666666666658 0.5666666666666665 0.30199999999999994 0.45749999999999985 0.5901666666666666 0.5386666666666668 0.43166666666666664 0.4825000000000001 0.5799999999999998 0.44666666666666666 0.5111666666666665 0.46616666666666645 0.29616666666666663 0.34599999999999986 1.0 0.5055000000000003 0.5056666666666667 0.45133333333333325 0.2814999999999999 0.2718333333333333 0.4346666666666668 0.31250000000000006 0.30283333333333323 0.22216666666666665 0.2815 0.42600000000000016 0.4361666666666666 0.4416666666666667 0.5058333333333335 0.5056666666666669 0.30516666666666664 0.3028333333333333 0.17933333333333334 0.27533333333333326 0.26633333333333326 0.09816666666666662 0.35166666666666674 0.3646666666666667 0.31549999999999995 0.4269999999999999 0.3653333333333333 0.3981666666666667 0.18066666666666673 0.24100000000000005 0.25849999999999995 0.4553333333333333 0.21050000000000005 0.3456666666666667 0.4711666666666666 0.46333333333333326 0.3371666666666668 0.4050000000000001 0.20350000000000001 0.19716666666666668 0.32599999999999985 0.3078333333333333 0.4099999999999999 0.496 0.43316666666666664 0.38716666666666677 0.3183333333333332 0.3214999999999999 0.3636666666666667 0.42199999999999993 0.31833333333333325 0.18866666666666665 0.1488333333333333 0.18966666666666665 0.20616666666666664 0.22166666666666665 0.4573333333333334 0.3581666666666667 0.35883333333333334 0.37199999999999994 0.3015 0.3176666666666666 0.31433333333333324 0.2686666666666667 0.331 0.5071666666666669 0.6031666666666667 0.4941666666666668 0.5936666666666666 0.5931666666666668 0.325 0.33333333333333337 0.3226666666666667 0.37550000000000006 0.31983333333333336 0.3583333333333333 
0.24733333333333335 0.5093333333333334 0.002833333333333333 0.15116666666666662 0.17116666666666666 0.24166666666666675 0.14733333333333332 0.15033333333333332 0.16999999999999996 0.36533333333333345 0.4369999999999999 0.5345 0.15616666666666662 0.2608333333333333 0.5055000000000003 1.0 0.894333333333333 0.8646666666666666 0.20183333333333325 0.2475 0.01466666666666667 0.14850000000000002 0.283 0.20399999999999996 0.016333333333333335 0.019166666666666672 0.02900000000000001 0.11766666666666666 0.9159999999999999 0.9840000000000003 0.2836666666666666 0.2825 0.218 0.24900000000000005 0.28316666666666657 0.11399999999999995 0.7253333333333333 0.7815000000000002 0.6526666666666668 0.7925000000000001 0.7556666666666668 0.8461666666666666 0.004333333333333333 0.004333333333333333 0.0025 0.0015 0.057999999999999996 0.22349999999999992 0.0055000000000000005 0.0021666666666666666 0.013666666666666669 0.0023333333333333335 0.0026666666666666666 0.0026666666666666666 0.2924999999999999 0.7711666666666668 0.25249999999999995 0.31599999999999995 0.15 0.15033333333333332 0.1519999999999999 0.2493333333333333 0.1509999999999999 0.29599999999999993 0.2826666666666667 0.10083333333333334 0.004833333333333333 0.005666666666666666 0.22216666666666657 0.23216666666666666 0.5781666666666667 0.7516666666666665 0.7226666666666668 0.7609999999999999 0.29999999999999993 0.3088333333333333 0.0031666666666666666 0.006 0.4033333333333334 0.9803333333333336 0.7970000000000002 0.9666666666666669 0.8733333333333329 0.8700000000000001 0.4716666666666666 0.6330000000000001 0.7083333333333333 0.8215 0.23000000000000004 0.311 
0.2733333333333334 0.4225 0.03383333333333334 0.19549999999999998 0.2398333333333332 0.2785 0.19549999999999998 0.19316666666666663 0.2163333333333333 0.3863333333333334 0.44633333333333347 0.4715 0.20133333333333325 0.2521666666666666 0.5056666666666667 0.894333333333333 1.0 0.7925 0.21783333333333335 0.23633333333333334 0.042333333333333334 0.1833333333333333 0.25066666666666665 0.2388333333333333 0.0515 0.06999999999999999 0.0808333333333333 0.1578333333333333 0.8731666666666666 0.8963333333333334 0.25066666666666665 0.2505 0.2243333333333333 0.2823333333333333 0.25133333333333335 0.12049999999999997 0.6803333333333331 0.7201666666666668 0.6459999999999999 0.7635 0.708833333333333 0.7661666666666664 0.008833333333333334 0.008166666666666668 0.0055 0.04016666666666668 0.03983333333333333 0.1904999999999999 0.04650000000000001 0.04216666666666668 0.05716666666666667 0.04100000000000001 0.005833333333333333 0.010500000000000002 0.32899999999999996 0.7244999999999997 0.30083333333333334 0.28916666666666674 0.1973333333333333 0.18399999999999994 0.19783333333333328 0.2850000000000001 0.19966666666666666 0.2945 0.27033333333333326 0.13533333333333336 0.035500000000000004 0.03833333333333335 0.2156666666666667 0.21233333333333332 0.5418333333333334 0.6955 0.6836666666666666 0.7108333333333334 0.26716666666666666 0.2765000000000001 0.04383333333333333 0.04316666666666667 0.44249999999999995 0.8949999999999999 0.8163333333333336 0.8791666666666664 0.8706666666666668 0.8670000000000002 0.4416666666666665 0.6004999999999999 0.7493333333333331 0.764 0.28183333333333327 0.3476666666666667 
0.20633333333333337 0.5471666666666668 0.08383333333333334 0.22466666666666668 0.23966666666666672 0.3043333333333333 0.21733333333333335 0.22083333333333335 0.23900000000000002 0.4183333333333333 0.34700000000000003 0.5775 0.22016666666666673 0.36999999999999994 0.45133333333333325 0.8646666666666666 0.7925 1.0 0.15783333333333333 0.36483333333333334 0.08800000000000001 0.26400000000000007 0.24283333333333323 0.16216666666666665 0.13133333333333336 0.08900000000000002 0.09750000000000002 0.18383333333333327 0.8634999999999999 0.8604999999999999 0.2429999999999999 0.24149999999999994 0.1855 0.3058333333333334 0.2416666666666666 0.115 0.6811666666666667 0.708 0.6099999999999999 0.6948333333333333 0.7103333333333332 0.739166666666667 0.12216666666666669 0.12216666666666669 0.11983333333333335 0.08466666666666668 0.17800000000000002 0.2566666666666667 0.08333333333333336 0.0805 0.08800000000000002 0.08033333333333335 0.12033333333333335 0.12050000000000001 0.27149999999999996 0.7011666666666669 0.32183333333333336 0.3825 0.21933333333333338 0.22233333333333338 0.2201666666666667 0.2366666666666666 0.2201666666666667 0.3711666666666666 0.21049999999999996 0.09566666666666665 0.08250000000000002 0.08333333333333334 0.18233333333333335 0.19633333333333333 0.5336666666666668 0.6818333333333334 0.6763333333333335 0.7151666666666668 0.25849999999999995 0.2666666666666666 0.07950000000000002 0.07983333333333335 0.37666666666666665 0.8573333333333334 0.7251666666666668 0.8664999999999999 0.7761666666666668 0.7713333333333332 0.42566666666666675 0.5881666666666666 0.6093333333333334 0.7118333333333335 0.19633333333333333 0.229 
0.6544999999999999 0.17566666666666658 0.2931666666666667 0.20333333333333337 0.09883333333333333 0.07383333333333335 0.12216666666666667 0.14366666666666666 0.16250000000000003 0.08816666666666667 0.41650000000000004 0.02766666666666668 0.22933333333333328 0.2475 0.2814999999999999 0.20183333333333325 0.21783333333333335 0.15783333333333333 1.0 0.4833333333333333 0.18849999999999997 0.23966666666666664 0.7926666666666666 0.7808333333333333 0.35383333333333344 0.10399999999999998 0.09966666666666668 0.08416666666666668 0.266 0.2028333333333333 0.7893333333333333 0.7908333333333336 0.5654999999999998 0.17833333333333326 0.6716666666666665 0.6566666666666666 0.3681666666666667 0.3151666666666666 0.41150000000000014 0.27249999999999996 0.3378333333333334 0.24033333333333332 0.4051666666666667 0.4366666666666666 0.4506666666666666 0.31366666666666665 0.36683333333333346 0.5565000000000001 0.2873333333333334 0.285 0.22849999999999995 0.25350000000000006 0.42883333333333334 0.46850000000000014 0.2774999999999999 0.17900000000000002 0.10766666666666667 0.069 0.12016666666666667 0.11566666666666672 0.1836666666666666 0.3839999999999999 0.1478333333333334 0.17683333333333326 0.5365000000000001 0.4681666666666668 0.2756666666666667 0.22949999999999993 0.7768333333333334 0.7093333333333338 0.43333333333333335 0.3558333333333333 0.37366666666666665 0.3614999999999998 0.7236666666666668 0.7645000000000001 0.3338333333333333 0.3486666666666665 0.3093333333333333 0.207 0.22266666666666668 0.19066666666666665 0.22566666666666665 0.2208333333333333 0.48633333333333334 0.465 0.25749999999999995 0.2243333333333333 0.39066666666666655 0.44966666666666677 
0.3179999999999999 0.5228333333333333 0.42400000000000004 0.5688333333333334 0.41850000000000004 0.42033333333333334 0.47483333333333344 0.48833333333333334 0.48716666666666675 0.4283333333333333 0.23850000000000007 0.44616666666666677 0.4718333333333334 0.4293333333333335 0.2718333333333333 0.2475 0.23633333333333334 0.36483333333333334 0.4833333333333333 1.0 0.38283333333333336 0.4000000000000001 0.44533333333333325 0.4371666666666666 0.5223333333333334 0.2973333333333332 0.2936666666666666 0.306 0.3071666666666667 0.24450000000000002 0.44566666666666654 0.44433333333333336 0.36 0.42316666666666647 0.34116666666666673 0.4049999999999999 0.21400000000000002 0.15133333333333335 0.2236666666666667 0.14833333333333332 0.19833333333333328 0.15733333333333333 0.6176666666666668 0.6321666666666668 0.6146666666666668 0.39500000000000024 0.5778333333333332 0.5798333333333334 0.3734999999999999 0.37083333333333335 0.3626666666666666 0.3593333333333333 0.6351666666666667 0.6673333333333332 0.32949999999999996 0.316 0.47533333333333333 0.45916666666666656 0.47516666666666674 0.48683333333333323 0.47883333333333344 0.349 0.49449999999999994 0.4554999999999999 0.18333333333333332 0.24083333333333343 0.3943333333333333 0.39449999999999996 0.45783333333333337 0.39183333333333337 0.2860000000000001 0.16816666666666666 0.207 0.21600000000000005 0.3990000000000001 0.44083333333333335 0.36349999999999993 0.37433333333333324 0.19450000000000006 0.24516666666666664 0.24283333333333332 0.25133333333333335 0.23716666666666664 0.2383333333333333 0.2673333333333333 0.2945 0.1285 0.13316666666666668 0.3145 0.3101666666666666 
0.02483333333333334 0.433 0.6739999999999998 0.6660000000000003 0.7341666666666669 0.6705000000000001 0.6776666666666666 0.736 0.7996666666666666 0.5734999999999999 0.15899999999999997 0.4633333333333334 0.5323333333333331 0.5579999999999999 0.4346666666666668 0.01466666666666667 0.042333333333333334 0.08800000000000001 0.18849999999999997 0.38283333333333336 1.0 0.5015000000000001 0.09016666666666666 0.09216666666666665 0.5608333333333334 0.8814999999999997 0.8696666666666667 0.7879999999999999 0.009166666666666667 0.018000000000000002 0.09216666666666665 0.08733333333333332 0.1996666666666667 0.45883333333333326 0.03183333333333334 0.17883333333333332 0.009333333333333334 0.013166666666666667 0.009666666666666667 0.07583333333333334 0.0085 0.10066666666666668 0.5384999999999999 0.6023333333333335 0.6293333333333336 0.7908333333333333 0.45666666666666667 0.26983333333333337 0.7999999999999998 0.7978333333333333 0.6889999999999997 0.7408333333333331 0.5693333333333334 0.5573333333333335 0.37016666666666675 0.20999999999999996 0.6519999999999999 0.5670000000000001 0.6786666666666666 0.6581666666666667 0.5633333333333334 0.31183333333333324 0.6088333333333333 0.39483333333333337 0.10766666666666667 0.31683333333333336 0.5386666666666668 0.5884999999999999 0.10699999999999996 0.04416666666666667 0.11516666666666665 0.015666666666666666 0.011333333333333332 0.011500000000000003 0.05766666666666666 0.07150000000000001 0.6493333333333332 0.6199999999999997 0.4083333333333332 0.019000000000000003 0.14533333333333334 0.026000000000000002 0.10600000000000001 0.11200000000000002 0.03366666666666668 0.022666666666666665 0.05816666666666666 0.1285 0.3428333333333334 0.2695 
0.30699999999999994 0.4425 0.5658333333333332 0.5141666666666667 0.5598333333333333 0.6088333333333332 0.3878333333333335 0.4411666666666665 0.4736666666666665 0.47883333333333317 0.006333333333333334 0.5176666666666666 0.24599999999999997 0.6258333333333332 0.31250000000000006 0.14850000000000002 0.1833333333333333 0.26400000000000007 0.23966666666666664 0.4000000000000001 0.5015000000000001 1.0 0.3253333333333333 0.40616666666666673 0.8151666666666668 0.5898333333333333 0.5976666666666666 0.6506666666666667 0.20816666666666672 0.145 0.325 0.3221666666666667 0.27983333333333327 0.20499999999999996 0.2776666666666667 0.31749999999999995 0.30883333333333335 0.2643333333333334 0.31816666666666665 0.19099999999999995 0.3016666666666666 0.1801666666666667 0.6603333333333334 0.7113333333333333 0.7111666666666667 0.5351666666666667 0.6233333333333334 0.4731666666666666 0.504 0.5026666666666667 0.43316666666666653 0.4664999999999999 0.6786666666666669 0.6729999999999999 0.13200000000000003 0.23616666666666672 0.36483333333333334 0.45666666666666683 0.3898333333333334 0.3758333333333333 0.2756666666666667 0.06966666666666667 0.3201666666666668 0.20800000000000002 0.19516666666666668 0.205 0.4146666666666665 0.44650000000000006 0.2738333333333334 0.3303333333333333 0.48149999999999976 0.30216666666666664 0.3316666666666667 0.31000000000000005 0.29683333333333334 0.3105 0.37633333333333335 0.3425 0.22316666666666657 0.14533333333333334 0.1015 0.14616666666666667 0.14366666666666666 0.1431666666666667 0.3311666666666666 0.3611666666666668 0.2961666666666668 0.19966666666666666 0.08066666666666666 0.020000000000000004 
0.7841666666666666 0.2741666666666667 0.21550000000000005 0.16733333333333333 0.04383333333333333 0.04333333333333333 0.006666666666666666 0.032166666666666656 0.040166666666666656 0.0355 0.4710000000000001 0.08933333333333333 0.11483333333333336 0.13116666666666668 0.30283333333333323 0.283 0.25066666666666665 0.24283333333333323 0.7926666666666666 0.44533333333333325 0.09016666666666666 0.3253333333333333 1.0 0.9008333333333332 0.4275 0.08483333333333334 0.09049999999999998 0.07466666666666666 0.35183333333333344 0.2825 0.984333333333334 0.9825000000000006 0.5556666666666668 0.083 0.8388333333333331 0.6553333333333332 0.5050000000000001 0.44533333333333347 0.5356666666666665 0.366 0.4706666666666667 0.3393333333333333 0.4135000000000001 0.44616666666666666 0.4251666666666666 0.1451666666666666 0.4423333333333332 0.713 0.09850000000000002 0.09883333333333331 0.062333333333333345 0.0745 0.4365000000000001 0.4841666666666666 0.17099999999999999 0.09516666666666666 0.008 0.09933333333333336 0.006666666666666667 0.019499999999999997 0.07166666666666666 0.29833333333333334 0.03466666666666668 0.2248333333333333 0.6805 0.43833333333333335 0.24383333333333337 0.195 0.806 0.8275 0.5915 0.49533333333333324 0.514 0.4868333333333333 0.9015 0.9451666666666667 0.15933333333333335 0.17800000000000002 0.14249999999999996 0.2869999999999999 0.27533333333333343 0.26999999999999996 0.28850000000000003 0.28550000000000003 0.6470000000000001 0.6261666666666668 0.30166666666666675 0.315 0.27416666666666656 0.3521666666666667 
0.7663333333333334 0.19066666666666665 0.2166666666666667 0.2145 0.11799999999999997 0.12316666666666665 0.007166666666666666 0.03433333333333333 0.04449999999999999 0.0925 0.38666666666666677 0.016000000000000004 0.11316666666666667 0.11533333333333334 0.22216666666666665 0.20399999999999996 0.2388333333333333 0.16216666666666665 0.7808333333333333 0.4371666666666666 0.09216666666666665 0.40616666666666673 0.9008333333333332 1.0 0.5108333333333333 0.16633333333333333 0.17299999999999996 0.158 0.273 0.20349999999999993 0.8988333333333332 0.8974999999999999 0.5605 0.08433333333333333 0.7546666666666666 0.6523333333333333 0.4261666666666667 0.36650000000000005 0.4965 0.28783333333333333 0.39216666666666666 0.26233333333333336 0.41650000000000004 0.4483333333333333 0.42666666666666664 0.1471666666666666 0.40599999999999986 0.6385000000000001 0.10133333333333336 0.10099999999999998 0.06316666666666668 0.075 0.4378333333333333 0.4898333333333334 0.17283333333333334 0.09949999999999998 0.022166666666666668 0.05949999999999998 0.007166666666666667 0.01966666666666667 0.07100000000000001 0.2910000000000001 0.03550000000000001 0.1525 0.5966666666666668 0.4346666666666666 0.24366666666666675 0.196 0.7855 0.8325000000000001 0.5106666666666666 0.41583333333333344 0.43499999999999994 0.40733333333333344 0.8191666666666667 0.8646666666666667 0.1588333333333333 0.177 0.14766666666666667 0.20816666666666667 0.19699999999999993 0.19099999999999995 0.20983333333333326 0.2065 0.5696666666666664 0.5471666666666668 0.3795 0.26266666666666666 0.272 0.3496666666666669 
