1.0 0.8436666666666666 0.001 0.0005 0.055666666666666684 0.09399999999999997 0.09666666666666669 0.22500000000000003 0.06866666666666668 0.035500000000000004 0.6241666666666665 0.6838333333333333 0.31883333333333325 0.05899999999999998 0.5238333333333332 0.4015000000000001 0.7065000000000002 0.6271666666666667 0.7311666666666666 0.3030000000000001 0.12116666666666666 0.06633333333333334 0.0 0.0 0.0 0.0 0.0 0.0 0.7441666666666665 0.6626666666666668 0.14683333333333332 0.038166666666666675 0.4923333333333333 0.31449999999999995 0.00016666666666666666 0.0 0.23800000000000002 0.23366666666666666 0.21066666666666672 0.23149999999999998 0.35716666666666674 0.2595 0.7055 0.7058333333333333 0.7076666666666668 0.7076666666666667 0.7048333333333333 0.7056666666666667 0.7083333333333335 0.7076666666666668 0.705 0.6885000000000001 0.7023333333333334 0.701 0.5028333333333336 0.3286666666666666 0.7775 0.5135000000000001 0.7204999999999999 0.7059999999999998 0.523 0.42249999999999993 0.9578333333333334 0.9383333333333339 0.029500000000000016 0.0003333333333333333 0.14233333333333334 0.09533333333333333 0.6836666666666664 0.7021666666666668 0.07966666666666664 0.13816666666666666 0.24816666666666662 0.4046666666666667 0.24666666666666665 0.25250000000000006 0.35616666666666674 0.31916666666666665 0.4910000000000001 0.44166666666666665 0.7075000000000001 0.6358333333333334 0.42566666666666686 0.4664999999999999 0.38966666666666677 0.11249999999999999 0.012 0.019000000000000006 0.07 0.042833333333333334 
0.8436666666666666 1.0 0.003833333333333333 0.0625 0.046333333333333344 0.0873333333333333 0.08600000000000003 0.2095 0.05899999999999998 0.02783333333333333 0.5944999999999999 0.6656666666666667 0.30366666666666675 0.05 0.4165 0.3013333333333333 0.5854999999999999 0.5213333333333335 0.6064999999999999 0.361 0.10716666666666667 0.1245 0.04850000000000001 0.06516666666666666 0.07683333333333332 0.07716666666666665 0.07833333333333332 0.07866666666666665 0.6244999999999998 0.5541666666666666 0.08799999999999995 0.09016666666666667 0.47983333333333333 0.38266666666666665 0.06366666666666668 0.07399999999999998 0.19483333333333333 0.19050000000000003 0.1783333333333333 0.1925 0.27949999999999997 0.18366666666666667 0.7116666666666664 0.7121666666666665 0.7114999999999996 0.7109999999999996 0.7108333333333331 0.7118333333333331 0.7111666666666665 0.7121666666666665 0.7116666666666664 0.71 0.6963333333333331 0.6948333333333332 0.5343333333333332 0.3686666666666667 0.6561666666666668 0.4641666666666665 0.6943333333333334 0.7454999999999998 0.51 0.41333333333333333 0.8206666666666668 0.8088333333333331 0.02333333333333333 0.05800000000000001 0.1865 0.14416666666666664 0.7773333333333333 0.7958333333333332 0.14350000000000002 0.12383333333333336 0.18183333333333335 0.4095000000000001 0.17799999999999994 0.1726666666666667 0.42966666666666675 0.38166666666666665 0.38033333333333325 0.3445000000000001 0.5918333333333333 0.526 0.3458333333333332 0.38466666666666677 0.37916666666666665 0.11400000000000005 0.09316666666666665 0.10083333333333329 0.0705 0.035333333333333335 
0.001 0.003833333333333333 1.0 0.7546666666666666 0.7111666666666671 0.5658333333333334 0.6679999999999999 0.4911666666666666 0.6903333333333335 0.7563333333333333 0.19049999999999997 0.2438333333333333 0.4293333333333333 0.6616666666666667 0.09783333333333336 0.29266666666666663 0.0016666666666666666 0.01666666666666667 0.001 0.4159999999999999 0.4728333333333334 0.45800000000000013 0.6398333333333336 0.653 0.5643333333333334 0.5703333333333334 0.49266666666666675 0.48350000000000015 0.001 0.0055 0.6823333333333335 0.7418333333333333 0.17200000000000004 0.3121666666666666 0.7068333333333336 0.6088333333333332 0.2913333333333333 0.3441666666666666 0.267 0.29400000000000004 0.10116666666666667 0.24683333333333335 0.0013333333333333333 0.002 0.0015000000000000002 0.002 0.0018333333333333335 0.0016666666666666668 0.0016666666666666668 0.004166666666666667 0.03200000000000001 0.03266666666666668 0.1775 0.18699999999999994 0.0741666666666667 0.08316666666666668 0.0013333333333333333 0.12283333333333335 0.2031666666666666 0.12216666666666667 0.36033333333333334 0.4303333333333333 0.0011666666666666668 0.021500000000000005 0.8316666666666663 0.769166666666667 0.5318333333333334 0.5515 0.009833333333333335 0.01 0.6163333333333333 0.5906666666666667 0.575 0.3558333333333333 0.5846666666666667 0.5811666666666667 0.3665 0.4043333333333334 0.13999999999999996 0.1376666666666667 0.001 0.031000000000000007 0.025499999999999995 0.09733333333333334 0.18266666666666662 0.5340000000000001 0.3670000000000001 0.4086666666666667 0.5989999999999999 0.6498333333333332 
0.0005 0.0625 0.7546666666666666 1.0 0.5451666666666667 0.5393333333333333 0.5021666666666667 0.4070000000000001 0.5259999999999999 0.5918333333333333 0.003833333333333333 0.05083333333333333 0.25083333333333335 0.4818333333333333 0.014000000000000002 0.264 0.0005 0.01516666666666667 0.001 0.5723333333333332 0.5346666666666666 0.5661666666666666 0.6748333333333334 0.8140000000000004 0.7235 0.7348333333333333 0.6528333333333332 0.6439999999999999 0.0008333333333333334 0.005333333333333333 0.6443333333333334 0.9141666666666666 0.18950000000000006 0.5095000000000001 0.8704999999999997 0.771833333333333 0.2691666666666666 0.3265 0.2733333333333334 0.28 0.08183333333333336 0.21949999999999995 0.003 0.0034999999999999996 0.003 0.0034999999999999996 0.0034999999999999996 0.0031666666666666666 0.0034999999999999996 0.0031666666666666666 0.005833333333333333 0.010333333333333332 0.022833333333333337 0.03283333333333334 0.07533333333333334 0.08400000000000003 0.00016666666666666666 0.0986666666666667 0.012000000000000002 0.21716666666666662 0.1701666666666667 0.24316666666666667 0.0 0.0034999999999999996 0.6356666666666668 0.9081666666666669 0.6958333333333333 0.7138333333333332 0.09183333333333338 0.12016666666666666 0.7928333333333333 0.6731666666666669 0.6080000000000001 0.4624999999999999 0.6161666666666668 0.616 0.48349999999999993 0.5871666666666665 0.11016666666666666 0.11433333333333336 0.0005 0.029333333333333333 0.017333333333333336 0.07933333333333334 0.07533333333333332 0.44983333333333336 0.5241666666666667 0.5599999999999998 0.3751666666666667 0.4656666666666667 
0.055666666666666684 0.046333333333333344 0.7111666666666671 0.5451666666666667 1.0 0.6138333333333332 0.9336666666666669 0.6714999999999998 0.9620000000000002 0.8909999999999998 0.2973333333333334 0.3331666666666667 0.6566666666666667 0.6986666666666669 0.19266666666666665 0.09483333333333333 0.04500000000000002 0.039666666666666676 0.04616666666666669 0.26066666666666666 0.23149999999999998 0.21 0.36000000000000015 0.3738333333333332 0.2844999999999999 0.2928333333333333 0.21349999999999997 0.2053333333333334 0.0405 0.03266666666666666 0.713 0.5188333333333334 0.3128333333333333 0.4144999999999998 0.43183333333333335 0.3285 0.09383333333333331 0.14216666666666672 0.0735 0.09899999999999996 0.05916666666666665 0.0653333333333333 0.027000000000000007 0.027500000000000004 0.028500000000000004 0.02900000000000001 0.027000000000000007 0.02766666666666667 0.029833333333333337 0.03100000000000001 0.058166666666666665 0.05850000000000002 0.19583333333333333 0.20200000000000007 0.0125 0.008333333333333337 0.044666666666666695 0.06333333333333334 0.3215 0.12183333333333334 0.5201666666666668 0.605 0.052666666666666695 0.09916666666666667 0.8545000000000001 0.5043333333333332 0.3656666666666667 0.2841666666666667 0.04650000000000001 0.0325 0.5848333333333332 0.5861666666666665 0.5725 0.33149999999999996 0.5791666666666667 0.5771666666666666 0.3338333333333332 0.3183333333333333 0.08966666666666667 0.04833333333333333 0.03633333333333334 0.06166666666666666 0.04849999999999998 0.06316666666666665 0.17716666666666664 0.2873333333333334 0.09616666666666669 0.13449999999999998 0.6685000000000001 0.6708333333333334 
0.09399999999999997 0.0873333333333333 0.5658333333333334 0.5393333333333333 0.6138333333333332 1.0 0.5638333333333335 0.5884999999999998 0.5878333333333332 0.5589999999999997 0.15999999999999995 0.16149999999999998 0.4005 0.4434999999999999 0.10266666666666666 0.19266666666666662 0.04616666666666667 0.029833333333333326 0.03966666666666666 0.33033333333333326 0.3245 0.30883333333333335 0.3846666666666668 0.465 0.37799999999999995 0.39049999999999996 0.3136666666666667 0.3055 0.0405 0.02066666666666667 0.5693333333333332 0.5341666666666666 0.4308333333333333 0.3581666666666666 0.515 0.42483333333333334 0.20199999999999999 0.24716666666666673 0.1778333333333334 0.19899999999999995 0.09316666666666665 0.16800000000000004 0.22699999999999995 0.2275 0.2273333333333333 0.22766666666666666 0.2273333333333333 0.2273333333333333 0.22849999999999998 0.22716666666666666 0.20266666666666666 0.19649999999999995 0.13849999999999996 0.13016666666666668 0.23933333333333337 0.19266666666666662 0.060500000000000005 0.1605 0.17949999999999997 0.12316666666666669 0.36016666666666663 0.40349999999999997 0.08949999999999997 0.131 0.6568333333333334 0.5453333333333332 0.4338333333333332 0.3945 0.11016666666666666 0.08283333333333331 0.451 0.5140000000000001 0.4435 0.2901666666666667 0.4501666666666667 0.4433333333333334 0.29816666666666675 0.30416666666666653 0.1648333333333333 0.11500000000000002 0.03283333333333334 0.03333333333333333 0.04933333333333332 0.088 0.06433333333333334 0.259 0.21666666666666667 0.2568333333333333 0.5494999999999999 0.4285 
0.09666666666666669 0.08600000000000003 0.6679999999999999 0.5021666666666667 0.9336666666666669 0.5638333333333335 1.0 0.6863333333333331 0.9600000000000005 0.8796666666666664 0.3225 0.3651666666666666 0.7031666666666667 0.6858333333333333 0.21266666666666662 0.06716666666666665 0.06633333333333333 0.058166666666666665 0.0705 0.24433333333333337 0.1913333333333333 0.17316666666666664 0.3161666666666667 0.3298333333333334 0.2426666666666667 0.2526666666666667 0.1748333333333333 0.16933333333333336 0.0655 0.05433333333333334 0.6643333333333336 0.47516666666666657 0.3596666666666667 0.43933333333333324 0.3881666666666667 0.28533333333333327 0.062 0.10349999999999997 0.05183333333333333 0.07166666666666668 0.0665 0.04433333333333331 0.06783333333333333 0.06833333333333334 0.06916666666666667 0.06983333333333333 0.068 0.06816666666666667 0.07066666666666666 0.07183333333333333 0.09866666666666667 0.0983333333333333 0.23650000000000002 0.24283333333333332 0.034 0.009833333333333336 0.06583333333333333 0.0695 0.3635000000000001 0.16166666666666668 0.5609999999999999 0.6273333333333333 0.09200000000000001 0.1405 0.807 0.45949999999999996 0.3231666666666667 0.24100000000000002 0.07750000000000001 0.07066666666666666 0.5683333333333335 0.5749999999999998 0.5456666666666665 0.3523333333333333 0.5509999999999998 0.5596666666666664 0.35233333333333333 0.3361666666666666 0.08966666666666669 0.04883333333333332 0.05766666666666667 0.08083333333333334 0.06683333333333334 0.07350000000000001 0.19183333333333338 0.26400000000000007 0.06916666666666665 0.10166666666666668 0.6201666666666669 0.6563333333333334 
0.22500000000000003 0.2095 0.4911666666666666 0.4070000000000001 0.6714999999999998 0.5884999999999998 0.6863333333333331 1.0 0.677 0.6853333333333331 0.3486666666666666 0.4143333333333332 0.6956666666666668 0.6216666666666666 0.1475 0.06583333333333334 0.09600000000000002 0.02416666666666667 0.1105 0.08416666666666668 0.11133333333333334 0.1001666666666667 0.19216666666666662 0.24383333333333337 0.15 0.1605 0.10000000000000003 0.0986666666666667 0.12366666666666663 0.048 0.47633333333333333 0.3883333333333333 0.5623333333333335 0.5763333333333336 0.29916666666666664 0.20316666666666663 0.05016666666666667 0.07433333333333332 0.04816666666666667 0.04883333333333334 0.027666666666666666 0.04800000000000001 0.28300000000000003 0.2831666666666667 0.28400000000000003 0.2841666666666667 0.2831666666666667 0.2831666666666667 0.285 0.2860000000000001 0.29633333333333345 0.29400000000000004 0.30166666666666664 0.29416666666666663 0.31433333333333335 0.21716666666666667 0.13083333333333336 0.04233333333333334 0.4018333333333333 0.2626666666666666 0.5896666666666667 0.6718333333333335 0.21683333333333332 0.2671666666666666 0.6131666666666667 0.3628333333333334 0.2288333333333334 0.16933333333333334 0.2071666666666666 0.19666666666666668 0.45933333333333354 0.5108333333333333 0.4456666666666667 0.549 0.451 0.4563333333333334 0.5429999999999999 0.5391666666666665 0.027833333333333335 0.02350000000000001 0.09 0.030666666666666672 0.0315 0.01533333333333334 0.06483333333333331 0.14733333333333332 0.05216666666666666 0.059333333333333335 0.3978333333333333 0.5831666666666669 
0.06866666666666668 0.05899999999999998 0.6903333333333335 0.5259999999999999 0.9620000000000002 0.5878333333333332 0.9600000000000005 0.677 1.0 0.9011666666666664 0.3070000000000001 0.3456666666666666 0.6778333333333333 0.7025000000000001 0.20200000000000004 0.07799999999999999 0.05449999999999999 0.0475 0.0565 0.2511666666666667 0.20983333333333337 0.18883333333333333 0.3378333333333333 0.3514999999999999 0.26216666666666677 0.2714999999999999 0.1911666666666667 0.18266666666666662 0.050333333333333334 0.0435 0.6894999999999999 0.498 0.33233333333333337 0.4280000000000001 0.4103333333333334 0.30649999999999994 0.07316666666666669 0.12233333333333331 0.058166666666666644 0.08199999999999999 0.06133333333333333 0.050666666666666645 0.04066666666666666 0.04083333333333333 0.04183333333333333 0.04233333333333333 0.0405 0.040999999999999995 0.043166666666666666 0.044499999999999984 0.07149999999999998 0.07183333333333333 0.20916666666666667 0.21483333333333335 0.016000000000000004 0.00816666666666667 0.054333333333333345 0.06450000000000002 0.3358333333333334 0.1343333333333333 0.5348333333333334 0.6154999999999999 0.06416666666666666 0.11283333333333333 0.8313333333333334 0.482 0.3431666666666666 0.261 0.05750000000000001 0.04433333333333333 0.589 0.595 0.57 0.34249999999999986 0.5751666666666668 0.5821666666666666 0.3429999999999999 0.3266666666666667 0.087 0.043 0.046000000000000006 0.06999999999999998 0.05716666666666664 0.06683333333333333 0.18299999999999997 0.27400000000000013 0.07883333333333332 0.1148333333333333 0.6428333333333334 0.671 
0.035500000000000004 0.02783333333333333 0.7563333333333333 0.5918333333333333 0.8909999999999998 0.5589999999999997 0.8796666666666664 0.6853333333333331 0.9011666666666664 1.0 0.27466666666666667 0.3306666666666666 0.613 0.7825 0.15216666666666664 0.14950000000000002 0.03200000000000001 0.023666666666666666 0.031666666666666676 0.21616666666666665 0.273 0.2523333333333333 0.40566666666666684 0.41849999999999987 0.32666666666666666 0.33566666666666656 0.2546666666666667 0.2456666666666666 0.027000000000000003 0.01966666666666667 0.6638333333333335 0.5641666666666666 0.2783333333333334 0.3813333333333334 0.4763333333333333 0.37383333333333335 0.142 0.18816666666666668 0.12933333333333338 0.14933333333333332 0.05283333333333334 0.12183333333333334 0.0071666666666666675 0.008 0.007333333333333334 0.007833333333333335 0.008 0.007666666666666667 0.008 0.010166666666666666 0.03766666666666667 0.038666666666666676 0.17649999999999996 0.18166666666666667 0.05483333333333333 0.054500000000000014 0.02383333333333334 0.03183333333333334 0.29650000000000004 0.10416666666666666 0.4766666666666666 0.5641666666666666 0.030500000000000006 0.07566666666666666 0.8478333333333335 0.549 0.3563333333333334 0.32466666666666666 0.02616666666666666 0.012 0.6561666666666665 0.6559999999999999 0.6345000000000001 0.4153333333333334 0.6385000000000002 0.6459999999999999 0.4173333333333332 0.39949999999999997 0.06216666666666666 0.06166666666666667 0.022000000000000006 0.04366666666666666 0.02416666666666667 0.047333333333333324 0.159 0.34050000000000014 0.14750000000000002 0.1776666666666667 0.5858333333333333 0.7528333333333336 
0.6241666666666665 0.5944999999999999 0.19049999999999997 0.003833333333333333 0.2973333333333334 0.15999999999999995 0.3225 0.3486666666666666 0.3070000000000001 0.27466666666666667 1.0 0.8101666666666664 0.5496666666666666 0.3058333333333334 0.5735000000000001 0.2175 0.5864999999999999 0.5033333333333334 0.602 0.29350000000000004 0.013833333333333338 0.022000000000000006 0.067 0.0068333333333333345 0.0068333333333333345 0.004333333333333333 0.01916666666666667 0.023499999999999997 0.6116666666666667 0.5368333333333333 0.08850000000000001 0.010166666666666668 0.4073333333333333 0.241 0.005333333333333333 0.006333333333333334 0.045666666666666654 0.021666666666666674 0.06616666666666665 0.05616666666666667 0.2118333333333333 0.07200000000000001 0.5815 0.5813333333333334 0.5833333333333335 0.5831666666666667 0.5805 0.5808333333333334 0.5848333333333333 0.5846666666666668 0.6069999999999999 0.5904999999999999 0.7368333333333332 0.7403333333333333 0.3783333333333332 0.3351666666666666 0.6488333333333334 0.3356666666666666 0.8358333333333335 0.6518333333333334 0.6426666666666666 0.5546666666666666 0.6416666666666667 0.6501666666666668 0.26933333333333337 0.019000000000000003 0.14716666666666667 0.09849999999999999 0.6866666666666668 0.619 0.0075000000000000015 0.016166666666666673 0.016 0.20366666666666655 0.015000000000000003 0.013166666666666669 0.1925 0.22033333333333335 0.30233333333333334 0.2813333333333333 0.5816666666666666 0.5106666666666667 0.30000000000000004 0.31633333333333336 0.5486666666666666 0.20899999999999996 0.05083333333333334 0.03850000000000001 0.3168333333333333 0.29033333333333333 
0.6838333333333333 0.6656666666666667 0.2438333333333333 0.05083333333333333 0.3331666666666667 0.16149999999999998 0.3651666666666666 0.4143333333333332 0.3456666666666666 0.3306666666666666 0.8101666666666664 1.0 0.5748333333333333 0.36150000000000004 0.4226666666666666 0.18316666666666667 0.4253333333333334 0.3401666666666669 0.44250000000000006 0.2658333333333334 0.03133333333333334 0.030499999999999992 0.11650000000000002 0.05216666666666667 0.04100000000000001 0.037 0.03483333333333332 0.033833333333333326 0.45516666666666666 0.3726666666666667 0.12933333333333333 0.035666666666666666 0.4130000000000002 0.2818333333333334 0.049833333333333334 0.04783333333333333 0.013500000000000002 0.01416666666666667 0.013000000000000003 0.013166666666666669 0.09316666666666668 0.01566666666666667 0.6625 0.662 0.6609999999999999 0.6615000000000001 0.6614999999999999 0.6625 0.6608333333333334 0.6631666666666667 0.6919999999999998 0.6758333333333334 0.8310000000000001 0.8346666666666668 0.49566666666666676 0.31449999999999995 0.4849999999999999 0.23533333333333326 0.9271666666666667 0.7501666666666666 0.7524999999999998 0.7076666666666667 0.6596666666666665 0.7141666666666666 0.3183333333333334 0.06933333333333334 0.1728333333333334 0.12633333333333335 0.5831666666666668 0.6153333333333334 0.04166666666666667 0.048833333333333326 0.03633333333333332 0.2608333333333334 0.036333333333333336 0.038333333333333344 0.25616666666666676 0.28416666666666673 0.20916666666666664 0.15683333333333332 0.41716666666666663 0.3456666666666667 0.14483333333333331 0.18116666666666664 0.43333333333333324 0.20066666666666666 0.01916666666666667 0.0175 0.3436666666666667 0.33416666666666667 
0.31883333333333325 0.30366666666666675 0.4293333333333333 0.25083333333333335 0.6566666666666667 0.4005 0.7031666666666667 0.6956666666666668 0.6778333333333333 0.613 0.5496666666666666 0.5748333333333333 1.0 0.6344999999999998 0.32899999999999996 0.050166666666666665 0.22599999999999998 0.14350000000000002 0.25016666666666665 0.053166666666666675 0.013833333333333338 0.012500000000000002 0.11533333333333332 0.12299999999999997 0.03816666666666666 0.04766666666666666 0.0155 0.015 0.25950000000000006 0.17883333333333337 0.40883333333333316 0.23516666666666666 0.5860000000000002 0.5775000000000001 0.17300000000000001 0.0866666666666667 0.03183333333333334 0.0365 0.034 0.030500000000000006 0.09 0.03716666666666666 0.2851666666666667 0.2861666666666668 0.28666666666666674 0.2873333333333334 0.2853333333333334 0.28550000000000003 0.28833333333333333 0.2895000000000001 0.3158333333333333 0.3168333333333333 0.4533333333333334 0.45933333333333337 0.24383333333333337 0.15683333333333338 0.23916666666666658 0.09733333333333338 0.5808333333333332 0.377 0.7783333333333333 0.8228333333333333 0.32333333333333336 0.36016666666666686 0.5661666666666667 0.23683333333333323 0.09833333333333336 0.03000000000000001 0.2913333333333334 0.29716666666666663 0.29166666666666674 0.30150000000000005 0.28900000000000003 0.48283333333333334 0.2845000000000001 0.2916666666666668 0.46833333333333327 0.4904999999999998 0.102 0.07183333333333335 0.2223333333333333 0.15183333333333335 0.147 0.08716666666666667 0.22583333333333333 0.1275 0.028666666666666677 0.018166666666666668 0.4628333333333334 0.6221666666666668 
0.05899999999999998 0.05 0.6616666666666667 0.4818333333333333 0.6986666666666669 0.4434999999999999 0.6858333333333333 0.6216666666666666 0.7025000000000001 0.7825 0.3058333333333334 0.36150000000000004 0.6344999999999998 1.0 0.25133333333333324 0.2788333333333334 0.12116666666666667 0.13833333333333334 0.11016666666666668 0.1408333333333333 0.2393333333333334 0.22816666666666663 0.3543333333333333 0.3616666666666667 0.2715 0.2771666666666667 0.23550000000000004 0.23066666666666677 0.09800000000000003 0.12466666666666669 0.5051666666666665 0.46400000000000013 0.2805 0.37250000000000005 0.4076666666666667 0.32416666666666655 0.24533333333333335 0.27149999999999996 0.2455000000000001 0.2365 0.1721666666666666 0.2541666666666667 0.030500000000000003 0.03133333333333333 0.03066666666666667 0.031166666666666665 0.03133333333333333 0.030833333333333334 0.030333333333333337 0.0335 0.0608333333333333 0.06133333333333332 0.20049999999999993 0.20533333333333342 0.09050000000000001 0.145 0.07833333333333332 0.13500000000000004 0.3151666666666666 0.12516666666666668 0.4756666666666667 0.5609999999999999 0.05449999999999999 0.09566666666666665 0.7098333333333335 0.47783333333333333 0.23800000000000004 0.25299999999999995 0.04849999999999999 0.0345 0.5009999999999999 0.501 0.4924999999999999 0.4428333333333335 0.491 0.49766666666666665 0.43816666666666665 0.42883333333333346 0.18599999999999997 0.18883333333333333 0.1065 0.12233333333333331 0.1396666666666667 0.16700000000000004 0.2751666666666667 0.33849999999999997 0.2481666666666666 0.22750000000000004 0.5144999999999998 0.9079999999999998 
0.5238333333333332 0.4165 0.09783333333333336 0.014000000000000002 0.19266666666666665 0.10266666666666666 0.21266666666666662 0.1475 0.20200000000000004 0.15216666666666664 0.5735000000000001 0.4226666666666666 0.32899999999999996 0.25133333333333324 1.0 0.5201666666666666 0.7933333333333334 0.794 0.7753333333333334 0.2626666666666666 0.11133333333333337 0.08983333333333332 0.07266666666666668 0.029666666666666664 0.0225 0.020666666666666673 0.05449999999999999 0.06149999999999999 0.7576666666666667 0.8005 0.2495 0.039999999999999994 0.2676666666666667 0.17833333333333332 0.024499999999999994 0.031000000000000014 0.3245 0.2799999999999999 0.3314999999999999 0.3236666666666666 0.5189999999999999 0.38899999999999985 0.32699999999999996 0.3275 0.32949999999999996 0.3289999999999999 0.32666666666666655 0.32733333333333325 0.33099999999999996 0.32949999999999996 0.3428333333333334 0.32800000000000007 0.3996666666666668 0.4058333333333334 0.16216666666666668 0.32000000000000006 0.7243333333333334 0.4786666666666665 0.4436666666666666 0.3638333333333332 0.3235 0.2631666666666666 0.5544999999999998 0.5225000000000002 0.1628333333333333 0.03583333333333333 0.17749999999999996 0.10399999999999998 0.4793333333333332 0.4213333333333334 0.06066666666666667 0.10066666666666667 0.2018333333333333 0.2096666666666667 0.1928333333333333 0.19833333333333328 0.15916666666666665 0.09866666666666665 0.569 0.5695 0.7831666666666669 0.7851666666666667 0.6316666666666667 0.5968333333333333 0.6201666666666665 0.26 0.17983333333333335 0.13649999999999998 0.20533333333333342 0.2756666666666666 
0.4015000000000001 0.3013333333333333 0.29266666666666663 0.264 0.09483333333333333 0.19266666666666662 0.06716666666666665 0.06583333333333334 0.07799999999999999 0.14950000000000002 0.2175 0.18316666666666667 0.050166666666666665 0.2788333333333334 0.5201666666666666 1.0 0.5684999999999999 0.6326666666666667 0.5436666666666667 0.42983333333333335 0.5223333333333333 0.48066666666666646 0.3888333333333332 0.3816666666666666 0.3688333333333334 0.36766666666666664 0.4106666666666666 0.4168333333333333 0.5428333333333335 0.6008333333333334 0.31999999999999995 0.3228333333333333 0.08016666666666666 0.10766666666666667 0.35233333333333333 0.38833333333333336 0.7485 0.7086666666666666 0.7196666666666668 0.7315 0.6253333333333333 0.7691666666666667 0.15550000000000005 0.15550000000000005 0.15566666666666673 0.15550000000000005 0.15550000000000005 0.15566666666666673 0.15516666666666673 0.1558333333333334 0.15650000000000006 0.14 0.1603333333333334 0.16116666666666674 0.11116666666666669 0.26883333333333326 0.5208333333333333 0.6733333333333333 0.15850000000000006 0.1681666666666667 0.027333333333333338 0.032166666666666656 0.4078333333333334 0.3541666666666666 0.21933333333333332 0.3186666666666667 0.39883333333333326 0.451 0.28166666666666673 0.23016666666666666 0.27033333333333337 0.2979999999999999 0.452 0.32366666666666666 0.44533333333333325 0.45066666666666677 0.2926666666666667 0.2038333333333334 0.7541666666666664 0.7535000000000001 0.5686666666666669 0.623 0.5351666666666665 0.6933333333333335 0.4486666666666666 0.524 0.5271666666666667 0.5071666666666667 0.2828333333333334 0.33283333333333354 
0.7065000000000002 0.5854999999999999 0.0016666666666666666 0.0005 0.04500000000000002 0.04616666666666667 0.06633333333333333 0.09600000000000002 0.05449999999999999 0.03200000000000001 0.5864999999999999 0.4253333333333334 0.22599999999999998 0.12116666666666667 0.7933333333333334 0.5684999999999999 1.0 0.9055000000000003 0.9383333333333331 0.3263333333333333 0.15133333333333338 0.11233333333333333 0.01 0.009000000000000003 0.0068333333333333345 0.006666666666666667 0.036500000000000005 0.04366666666666667 0.9398333333333335 0.9320000000000002 0.15016666666666667 0.052000000000000005 0.29833333333333334 0.18033333333333323 0.004166666666666667 0.010166666666666668 0.38516666666666666 0.3416666666666666 0.38416666666666666 0.3840000000000001 0.5973333333333335 0.44616666666666677 0.43116666666666675 0.4311666666666667 0.4310000000000001 0.43000000000000005 0.43050000000000005 0.43066666666666675 0.4296666666666667 0.4306666666666667 0.43016666666666675 0.41533333333333344 0.4321666666666667 0.4306666666666667 0.2266666666666667 0.37683333333333335 0.910333333333333 0.5991666666666665 0.4396666666666668 0.43333333333333335 0.24533333333333332 0.16316666666666674 0.7383333333333334 0.6554999999999999 0.024666666666666667 0.0026666666666666666 0.1433333333333333 0.09783333333333333 0.6109999999999999 0.5396666666666666 0.08616666666666668 0.12350000000000001 0.2765000000000001 0.2865 0.2671666666666667 0.2723333333333333 0.24 0.15716666666666662 0.6816666666666669 0.667 0.9603333333333337 0.9054999999999999 0.6975 0.7000000000000003 0.6169999999999999 0.19349999999999998 0.15950000000000003 0.12899999999999998 0.04933333333333333 0.1385 
0.6271666666666667 0.5213333333333335 0.01666666666666667 0.01516666666666667 0.039666666666666676 0.029833333333333326 0.058166666666666665 0.02416666666666667 0.0475 0.023666666666666666 0.5033333333333334 0.3401666666666669 0.14350000000000002 0.13833333333333334 0.794 0.6326666666666667 0.9055000000000003 1.0 0.8813333333333331 0.35166666666666674 0.1923333333333333 0.15666666666666665 0.037500000000000006 0.03583333333333333 0.03433333333333334 0.03350000000000001 0.073 0.08033333333333333 0.8731666666666666 0.9483333333333338 0.18100000000000002 0.066 0.21999999999999992 0.12116666666666669 0.029166666666666664 0.04066666666666667 0.44399999999999984 0.3956666666666666 0.4456666666666667 0.4391666666666667 0.6716666666666667 0.5155 0.36216666666666675 0.36150000000000004 0.36200000000000004 0.3606666666666667 0.36083333333333345 0.3613333333333334 0.3616666666666668 0.36133333333333334 0.36116666666666675 0.34600000000000014 0.36266666666666675 0.36283333333333345 0.15766666666666668 0.3373333333333333 0.8444999999999997 0.6541666666666669 0.3553333333333334 0.361 0.161 0.08000000000000002 0.6551666666666667 0.5703333333333331 0.024833333333333332 0.02716666666666667 0.1618333333333333 0.12066666666666666 0.5468333333333333 0.47666666666666657 0.10550000000000002 0.14166666666666664 0.2943333333333334 0.23050000000000004 0.2858333333333334 0.29583333333333345 0.19166666666666668 0.09316666666666665 0.7358333333333333 0.7410000000000002 0.9103333333333333 0.947666666666667 0.7683333333333333 0.7726666666666666 0.6680000000000001 0.23333333333333328 0.20983333333333332 0.1725 0.06383333333333333 0.17733333333333332 
0.7311666666666666 0.6064999999999999 0.001 0.001 0.04616666666666669 0.03966666666666666 0.0705 0.1105 0.0565 0.031666666666666676 0.602 0.44250000000000006 0.25016666666666665 0.11016666666666668 0.7753333333333334 0.5436666666666667 0.9383333333333331 0.8813333333333331 1.0 0.3183333333333333 0.1376666666666667 0.09250000000000001 0.003333333333333333 0.002833333333333333 0.0026666666666666666 0.002333333333333333 0.016166666666666673 0.020000000000000004 0.9570000000000002 0.9129999999999999 0.1555 0.051166666666666666 0.3230000000000001 0.20250000000000007 0.0015 0.004166666666666667 0.35833333333333334 0.3223333333333334 0.3566666666666667 0.35633333333333345 0.5725000000000002 0.42016666666666663 0.45033333333333325 0.4506666666666666 0.45283333333333325 0.45216666666666655 0.44999999999999996 0.4504999999999999 0.45383333333333326 0.45216666666666655 0.451 0.4346666666666666 0.4513333333333332 0.45366666666666655 0.24816666666666662 0.3413333333333334 0.8849999999999997 0.568 0.4620000000000002 0.4576666666666665 0.26866666666666655 0.18650000000000003 0.76 0.6779999999999998 0.02183333333333334 0.0011666666666666668 0.1416666666666667 0.09416666666666666 0.6293333333333334 0.5636666666666666 0.08933333333333335 0.128 0.27966666666666673 0.30566666666666664 0.27033333333333337 0.27599999999999997 0.2571666666666666 0.1763333333333333 0.6540000000000002 0.6393333333333334 0.9499999999999998 0.8851666666666668 0.677 0.6735 0.5860000000000001 0.16666666666666669 0.13150000000000003 0.10166666666666666 0.04416666666666667 0.12333333333333331 
0.3030000000000001 0.361 0.4159999999999999 0.5723333333333332 0.26066666666666666 0.33033333333333326 0.24433333333333337 0.08416666666666668 0.2511666666666667 0.21616666666666665 0.29350000000000004 0.2658333333333334 0.053166666666666675 0.1408333333333333 0.2626666666666666 0.42983333333333335 0.3263333333333333 0.35166666666666674 0.3183333333333333 1.0 0.5141666666666667 0.5496666666666666 0.6028333333333333 0.6573333333333334 0.6571666666666668 0.6583333333333335 0.6265000000000002 0.6203333333333333 0.32066666666666666 0.33049999999999996 0.33516666666666667 0.5851666666666666 0.1225 0.2716666666666666 0.6438333333333337 0.6551666666666669 0.29633333333333334 0.3388333333333335 0.29616666666666674 0.30250000000000005 0.24266666666666667 0.24083333333333326 0.28666666666666674 0.2870000000000001 0.2856666666666667 0.2853333333333333 0.2873333333333334 0.2868333333333334 0.2841666666666667 0.28600000000000003 0.2868333333333334 0.2745000000000001 0.30200000000000005 0.30800000000000005 0.08516666666666667 0.10766666666666669 0.32283333333333336 0.4221666666666667 0.2720000000000001 0.4784999999999998 0.08766666666666667 0.03400000000000001 0.3028333333333333 0.28666666666666674 0.327 0.6093333333333332 0.7521666666666664 0.732 0.4055 0.4268333333333334 0.42100000000000004 0.2826666666666667 0.2541666666666666 0.12933333333333336 0.2615 0.25900000000000006 0.148 0.25816666666666666 0.45299999999999974 0.3615 0.3228333333333333 0.3525 0.19833333333333336 0.3559999999999999 0.38049999999999995 0.46483333333333343 0.5286666666666666 0.5793333333333334 0.3736666666666666 0.12216666666666667 
0.12116666666666666 0.10716666666666667 0.4728333333333334 0.5346666666666666 0.23149999999999998 0.3245 0.1913333333333333 0.11133333333333334 0.20983333333333337 0.273 0.013833333333333338 0.03133333333333334 0.013833333333333338 0.2393333333333334 0.11133333333333337 0.5223333333333333 0.15133333333333338 0.1923333333333333 0.1376666666666667 0.5141666666666667 1.0 0.895 0.7698333333333334 0.7081666666666666 0.8040000000000002 0.7898333333333332 0.8258333333333338 0.8209999999999998 0.14266666666666666 0.1648333333333333 0.41483333333333333 0.5353333333333334 0.019500000000000003 0.1666666666666667 0.6526666666666665 0.7473333333333333 0.7070000000000001 0.7375000000000002 0.7013333333333334 0.7076666666666667 0.5016666666666668 0.6630000000000001 0.0 0.0 0.0 0.0 0.0 0.0 0.0 0.0 0.0008333333333333334 0.019000000000000003 0.014833333333333332 0.020666666666666663 0.20416666666666664 0.2663333333333333 0.14633333333333332 0.4365 0.004999999999999999 0.10783333333333335 0.004833333333333333 0.027333333333333338 0.12716666666666665 0.09366666666666668 0.3665 0.5908333333333333 0.5666666666666665 0.6883333333333332 0.04933333333333332 0.05333333333333332 0.4658333333333332 0.41533333333333344 0.42499999999999993 0.18266666666666662 0.43650000000000005 0.4406666666666667 0.20883333333333337 0.23516666666666666 0.43483333333333335 0.4433333333333333 0.15133333333333335 0.19150000000000003 0.37816666666666665 0.4071666666666666 0.1726666666666667 0.6628333333333333 0.7010000000000001 0.7459999999999997 0.4829999999999999 0.23750000000000004 
0.06633333333333334 0.1245 0.45800000000000013 0.5661666666666666 0.21 0.30883333333333335 0.17316666666666664 0.1001666666666667 0.18883333333333333 0.2523333333333333 0.022000000000000006 0.030499999999999992 0.012500000000000002 0.22816666666666663 0.08983333333333332 0.48066666666666646 0.11233333333333333 0.15666666666666665 0.09250000000000001 0.5496666666666666 0.895 1.0 0.7791666666666667 0.7410000000000001 0.8358333333333331 0.8229999999999998 0.8888333333333334 0.8881666666666667 0.09849999999999996 0.12716666666666665 0.3699999999999999 0.5606666666666666 0.01316666666666667 0.20133333333333325 0.6843333333333335 0.7828333333333336 0.6706666666666666 0.6785000000000001 0.6700000000000002 0.677 0.4671666666666667 0.6286666666666666 0.002 0.002 0.002 0.002 0.002 0.002 0.002 0.0021666666666666666 0.003 0.02266666666666666 0.0175 0.024666666666666674 0.20533333333333328 0.2814999999999999 0.10733333333333332 0.4063333333333333 0.004166666666666667 0.15783333333333338 0.004 0.026333333333333323 0.07300000000000001 0.053166666666666675 0.3453333333333334 0.6188333333333335 0.5959999999999999 0.7205000000000001 0.09683333333333334 0.09516666666666668 0.4778333333333334 0.3908333333333334 0.35783333333333334 0.19633333333333333 0.36983333333333335 0.3728333333333334 0.21349999999999997 0.2666666666666668 0.39683333333333337 0.4076666666666667 0.11099999999999997 0.15449999999999992 0.3443333333333334 0.3721666666666667 0.17500000000000007 0.6706666666666667 0.7698333333333334 0.8141666666666668 0.4703333333333333 0.23300000000000007 
0.0 0.04850000000000001 0.6398333333333336 0.6748333333333334 0.36000000000000015 0.3846666666666668 0.3161666666666667 0.19216666666666662 0.3378333333333333 0.40566666666666684 0.067 0.11650000000000002 0.11533333333333332 0.3543333333333333 0.07266666666666668 0.3888333333333332 0.01 0.037500000000000006 0.003333333333333333 0.6028333333333333 0.7698333333333334 0.7791666666666667 1.0 0.8448333333333333 0.8905 0.8783333333333333 0.8441666666666668 0.8358333333333334 0.004666666666666666 0.014166666666666671 0.4648333333333332 0.6591666666666667 0.008 0.23383333333333337 0.7903333333333334 0.8721666666666666 0.5203333333333331 0.5698333333333333 0.5180000000000002 0.5259999999999999 0.3041666666666667 0.46616666666666684 0.0003333333333333333 0.0003333333333333333 0.0003333333333333333 0.0003333333333333333 0.0003333333333333333 0.0003333333333333333 0.0003333333333333333 0.0016666666666666666 0.024666666666666667 0.045166666666666674 0.0836666666666667 0.09633333333333331 0.16516666666666666 0.20199999999999999 0.007666666666666667 0.28883333333333333 0.07183333333333337 0.1818333333333333 0.09083333333333334 0.1385 0.0003333333333333333 0.010166666666666668 0.5010000000000001 0.7508333333333332 0.6678333333333335 0.7886666666666667 0.054000000000000006 0.06966666666666667 0.5091666666666668 0.41833333333333345 0.35966666666666663 0.20716666666666664 0.3695000000000001 0.364 0.23499999999999996 0.3296666666666666 0.28233333333333327 0.2823333333333333 0.007333333333333334 0.03916666666666666 0.19616666666666663 0.24616666666666667 0.16950000000000004 0.7176666666666667 0.7151666666666666 0.7594999999999997 0.5945 0.34583333333333344 
0.0 0.06516666666666666 0.653 0.8140000000000004 0.3738333333333332 0.465 0.3298333333333334 0.24383333333333337 0.3514999999999999 0.41849999999999987 0.0068333333333333345 0.05216666666666667 0.12299999999999997 0.3616666666666667 0.029666666666666664 0.3816666666666666 0.009000000000000003 0.03583333333333333 0.002833333333333333 0.6573333333333334 0.7081666666666666 0.7410000000000001 0.8448333333333333 1.0 0.8891666666666665 0.8986666666666667 0.8293333333333334 0.8216666666666664 0.0034999999999999996 0.013000000000000006 0.4871666666666667 0.7791666666666666 0.07083333333333336 0.3610000000000001 0.9253333333333335 0.9391666666666667 0.4436666666666666 0.4998333333333333 0.4439999999999999 0.4513333333333332 0.22750000000000004 0.38833333333333314 0.0006666666666666666 0.0008333333333333333 0.0006666666666666666 0.0008333333333333333 0.0008333333333333333 0.0006666666666666666 0.0006666666666666666 0.0008333333333333333 0.004166666666666667 0.018166666666666675 0.02416666666666667 0.03450000000000002 0.0935 0.1276666666666667 0.0068333333333333345 0.25916666666666677 0.010333333333333337 0.21849999999999994 0.09966666666666671 0.14583333333333334 0.00016666666666666666 0.0011666666666666668 0.5146666666666667 0.8600000000000003 0.7243333333333334 0.8461666666666667 0.0956666666666667 0.1225 0.623 0.4995000000000001 0.43716666666666654 0.31550000000000006 0.44599999999999995 0.4433333333333333 0.3323333333333334 0.4476666666666667 0.27049999999999996 0.26649999999999996 0.005833333333333334 0.03699999999999999 0.12216666666666669 0.21233333333333335 0.11800000000000001 0.6123333333333334 0.6970000000000001 0.7368333333333336 0.5358333333333332 0.3545 
