1.0 0.9419999999999997 0.3848333333333332 0.39533333333333337 0.2528333333333333 0.22716666666666666 0.3646666666666667 0.47800000000000004 0.1836666666666667 0.3331666666666667 0.7278333333333333 0.7415 0.740166666666667 0.6121666666666665 0.3398333333333335 0.29116666666666663 0.4828333333333332 0.4960000000000001 0.906833333333333 0.8513333333333335 0.134 0.32366666666666666 0.25033333333333335 0.2415 0.21933333333333332 0.20683333333333334 0.2638333333333334 0.335 0.244 0.20666666666666664 0.1216666666666667 0.2833333333333333 0.4588333333333333 0.7841666666666666 0.27 0.2961666666666667 0.051500000000000004 0.06066666666666667 0.047333333333333324 0.05766666666666666 0.08666666666666666 0.049833333333333334 0.4230000000000002 0.45366666666666666 0.2016666666666667 0.13033333333333333 0.42583333333333345 0.2565 0.17633333333333337 0.3903333333333335 0.5343333333333335 0.46216666666666667 0.08600000000000002 0.19583333333333336 0.086 0.1886666666666667 0.5274999999999999 0.5255 0.5025 0.3550000000000001 0.5238333333333334 0.5216666666666666 0.49033333333333323 0.4911666666666666 0.3458333333333334 0.3165 0.3875 0.39949999999999997 0.8288333333333334 0.8164999999999999 0.4231666666666667 0.38449999999999995 0.19066666666666673 0.2015 0.5328333333333335 0.5048333333333332 0.31966666666666665 0.314 0.17883333333333337 0.07216666666666666 0.29083333333333333 0.29216666666666674 0.2608333333333333 0.29533333333333334 0.25733333333333336 0.2583333333333334 0.17233333333333328 0.12833333333333335 0.2966666666666667 0.2366666666666667 
0.9419999999999997 1.0 0.3939999999999999 0.4174999999999999 0.2706666666666666 0.2464999999999999 0.3728333333333334 0.4708333333333334 0.16183333333333333 0.34933333333333316 0.7378333333333333 0.7536666666666667 0.7495000000000002 0.5761666666666665 0.3341666666666668 0.2896666666666667 0.46066666666666656 0.4734999999999999 0.894333333333333 0.8358333333333335 0.1515 0.3423333333333333 0.26916666666666667 0.25916666666666666 0.23683333333333334 0.2243333333333333 0.282 0.35400000000000004 0.22200000000000003 0.185 0.1355 0.3035 0.4363333333333334 0.7873333333333334 0.29016666666666674 0.315 0.064 0.07133333333333333 0.05683333333333333 0.06933333333333332 0.07966666666666669 0.06350000000000001 0.4458333333333333 0.4653333333333333 0.18 0.10883333333333335 0.4446666666666667 0.27 0.15583333333333327 0.35766666666666663 0.5135000000000002 0.4686666666666667 0.09849999999999998 0.17566666666666667 0.0955 0.2010000000000001 0.5088333333333334 0.5038333333333334 0.47999999999999987 0.3316666666666667 0.5018333333333332 0.49833333333333335 0.46799999999999997 0.4688333333333334 0.35950000000000004 0.3339999999999999 0.3683333333333335 0.37683333333333324 0.8108333333333335 0.7961666666666667 0.4355 0.4108333333333332 0.18966666666666665 0.18333333333333332 0.5449999999999999 0.5071666666666667 0.3341666666666667 0.3313333333333333 0.1565 0.06933333333333332 0.2675 0.27 0.23900000000000005 0.2733333333333334 0.27483333333333326 0.27699999999999997 0.152 0.1365 0.30833333333333335 0.2503333333333333 
0.3848333333333332 0.3939999999999999 1.0 0.865 0.7889999999999998 0.7701666666666667 0.9570000000000003 0.7693333333333334 0.057666666666666665 0.7760000000000001 0.6451666666666667 0.5890000000000001 0.5996666666666665 0.15150000000000002 0.2740000000000001 0.15733333333333335 0.037 0.038833333333333324 0.33466666666666656 0.26666666666666666 0.33283333333333337 0.548 0.780333333333333 0.7078333333333334 0.7453333333333334 0.7248333333333332 0.8091666666666666 0.86 0.002 0.004166666666666667 0.4576666666666666 0.5785000000000001 0.03383333333333334 0.22783333333333336 0.8038333333333333 0.8845000000000002 0.22083333333333333 0.18266666666666664 0.2226666666666666 0.21849999999999997 0.142 0.157 0.903 0.6736666666666667 0.38183333333333347 0.18350000000000002 0.7631666666666667 0.7419999999999999 0.2533333333333333 0.2926666666666666 0.5106666666666668 0.9130000000000003 0.37800000000000006 0.04383333333333333 0.5495 0.4606666666666666 0.059499999999999977 0.04999999999999998 0.04266666666666665 0.14166666666666664 0.048166666666666656 0.056166666666666656 0.03983333333333333 0.04349999999999999 0.9296666666666669 0.9008333333333333 0.6921666666666668 0.6175 0.24600000000000002 0.2848333333333332 0.4131666666666666 0.42216666666666663 0.008666666666666668 0.0035000000000000005 0.3741666666666666 0.21233333333333337 0.377 0.33766666666666656 0.011000000000000001 0.1208333333333333 0.005166666666666666 0.006 0.0075000000000000015 0.006166666666666667 0.7836666666666666 0.797333333333333 0.034999999999999996 0.40466666666666673 0.89 0.7944999999999999 
0.39533333333333337 0.4174999999999999 0.865 1.0 0.8136666666666669 0.7891666666666665 0.8388333333333332 0.7970000000000005 0.052666666666666646 0.7748333333333332 0.6328333333333334 0.6361666666666667 0.5843333333333334 0.15833333333333333 0.22033333333333321 0.1855 0.09516666666666669 0.09716666666666667 0.366 0.3325000000000001 0.36366666666666675 0.5755000000000001 0.8136666666666672 0.7396666666666666 0.7786666666666666 0.7583333333333337 0.8211666666666672 0.8725 0.007666666666666666 0.006166666666666667 0.49583333333333324 0.6355000000000001 0.08716666666666668 0.3158333333333333 0.8263333333333338 0.8698333333333335 0.24583333333333332 0.21166666666666673 0.2421666666666666 0.23933333333333334 0.13416666666666668 0.184 0.9241666666666671 0.7161666666666665 0.37000000000000016 0.18733333333333335 0.8423333333333332 0.7551666666666665 0.26666666666666666 0.3096666666666666 0.5668333333333335 0.9104999999999999 0.40850000000000003 0.03916666666666666 0.5436666666666667 0.4805 0.12516666666666673 0.11383333333333334 0.10149999999999998 0.18083333333333335 0.10866666666666668 0.1151666666666667 0.09833333333333333 0.10133333333333336 0.8903333333333334 0.9066666666666666 0.6805 0.5868333333333332 0.30966666666666665 0.349 0.40549999999999997 0.44249999999999995 0.018833333333333334 0.013333333333333332 0.4298333333333331 0.2505 0.3753333333333334 0.3374999999999999 0.007000000000000001 0.145 0.005166666666666666 0.006000000000000001 0.007166666666666667 0.007833333333333333 0.8035 0.819166666666667 0.04050000000000001 0.42700000000000005 0.8480000000000003 0.7698333333333338 
0.2528333333333333 0.2706666666666666 0.7889999999999998 0.8136666666666669 1.0 0.9463333333333334 0.8031666666666666 0.6371666666666667 0.1861666666666667 0.7518333333333337 0.5029999999999999 0.4941666666666665 0.4575 0.02916666666666667 0.32433333333333325 0.2676666666666667 0.0 0.0 0.21933333333333344 0.19333333333333333 0.523 0.6066666666666666 0.979166666666667 0.8963333333333334 0.9503333333333336 0.9316666666666665 0.9695000000000006 0.8591666666666665 0.07583333333333334 0.10633333333333334 0.6645 0.698 0.0045 0.17600000000000002 0.9610000000000002 0.8746666666666663 0.41350000000000015 0.37249999999999994 0.4111666666666667 0.3856666666666667 0.2823333333333334 0.3463333333333333 0.7903333333333333 0.6115 0.4966666666666666 0.26366666666666666 0.7671666666666667 0.9115000000000001 0.292 0.1778333333333333 0.4495 0.7556666666666666 0.5766666666666665 0.1895 0.6133333333333333 0.6461666666666669 0.00016666666666666666 0.0 0.0 0.071 0.0 0.00016666666666666666 0.0 0.0 0.8363333333333333 0.8539999999999999 0.5975 0.5228333333333333 0.1956666666666666 0.225 0.4161666666666669 0.5114999999999998 0.057333333333333326 0.05533333333333333 0.3453333333333334 0.21400000000000002 0.4113333333333333 0.3841666666666667 0.13216666666666665 0.3141666666666667 0.12183333333333334 0.12283333333333336 0.13866666666666666 0.13066666666666668 0.9750000000000003 0.9755000000000003 0.20050000000000007 0.5981666666666665 0.8846666666666667 0.8073333333333332 
0.22716666666666666 0.2464999999999999 0.7701666666666667 0.7891666666666665 0.9463333333333334 1.0 0.7818333333333334 0.6361666666666668 0.17566666666666667 0.781166666666667 0.4793333333333334 0.4731666666666664 0.4363333333333335 0.028666666666666663 0.33283333333333337 0.2743333333333333 0.0015 0.0013333333333333333 0.19516666666666665 0.17116666666666666 0.5201666666666667 0.5846666666666667 0.9441666666666668 0.8815000000000001 0.9560000000000002 0.9398333333333335 0.9421666666666668 0.8444999999999999 0.06749999999999999 0.09666666666666668 0.6721666666666666 0.7099999999999997 0.005666666666666666 0.16316666666666663 0.9270000000000003 0.8579999999999999 0.40800000000000003 0.3688333333333334 0.4061666666666667 0.3856666666666667 0.275 0.3435 0.7629999999999998 0.5831666666666667 0.47100000000000003 0.25183333333333324 0.7391666666666667 0.8778333333333331 0.27966666666666673 0.17399999999999996 0.4220000000000001 0.7276666666666668 0.5663333333333334 0.18233333333333335 0.6113333333333332 0.6265000000000001 0.0013333333333333333 0.0013333333333333333 0.0013333333333333333 0.07883333333333332 0.0013333333333333333 0.0015 0.0013333333333333333 0.0013333333333333333 0.8171666666666672 0.8418333333333332 0.5759999999999998 0.505 0.1736666666666666 0.20316666666666666 0.3923333333333334 0.4916666666666667 0.05033333333333335 0.047166666666666676 0.32516666666666666 0.19066666666666665 0.3871666666666668 0.35783333333333345 0.12333333333333334 0.3083333333333334 0.11183333333333331 0.1131666666666667 0.1283333333333333 0.11950000000000001 0.9363333333333334 0.9418333333333335 0.1948333333333333 0.5861666666666667 0.8680000000000001 0.8069999999999999 
0.3646666666666667 0.3728333333333334 0.9570000000000003 0.8388333333333332 0.8031666666666666 0.7818333333333334 1.0 0.7445000000000002 0.07783333333333334 0.7671666666666666 0.6228333333333333 0.5609999999999998 0.5803333333333335 0.13016666666666665 0.29699999999999993 0.17033333333333334 0.019333333333333334 0.021333333333333336 0.3128333333333333 0.2440000000000001 0.34450000000000003 0.5443333333333333 0.7935000000000001 0.716 0.7615000000000001 0.7406666666666665 0.8211666666666667 0.8478333333333332 0.009333333333333334 0.020500000000000008 0.4731666666666668 0.5705000000000003 0.018500000000000003 0.2021666666666667 0.814 0.8853333333333334 0.2371666666666667 0.19766666666666666 0.24100000000000002 0.2323333333333333 0.16366666666666668 0.17266666666666666 0.8798333333333332 0.6531666666666668 0.3975 0.18466666666666667 0.7431666666666666 0.7566666666666666 0.24433333333333326 0.2705 0.489 0.8906666666666665 0.3945 0.06549999999999997 0.5619999999999998 0.47550000000000003 0.03633333333333332 0.0285 0.0225 0.12100000000000004 0.027666666666666666 0.0355 0.020500000000000004 0.0235 0.9164999999999999 0.8836666666666666 0.6765000000000001 0.6068333333333333 0.22683333333333333 0.2634999999999999 0.40966666666666673 0.42566666666666664 0.011333333333333336 0.006166666666666667 0.3648333333333333 0.2101666666666667 0.3796666666666666 0.34099999999999997 0.03016666666666667 0.14183333333333337 0.02416666666666666 0.024000000000000007 0.028666666666666663 0.026333333333333334 0.8001666666666667 0.8076666666666671 0.05733333333333334 0.4235 0.9061666666666669 0.8086666666666668 
0.47800000000000004 0.4708333333333334 0.7693333333333334 0.7970000000000005 0.6371666666666667 0.6361666666666668 0.7445000000000002 1.0 0.14783333333333332 0.6540000000000002 0.5603333333333333 0.5388333333333334 0.5191666666666667 0.3053333333333334 0.226 0.1325 0.21050000000000002 0.21283333333333335 0.49433333333333346 0.4293333333333333 0.2223333333333333 0.4033333333333334 0.6355000000000001 0.5845000000000001 0.6301666666666665 0.6121666666666665 0.6386666666666668 0.6943333333333334 0.11900000000000001 0.10816666666666669 0.3636666666666665 0.4985000000000001 0.2038333333333334 0.3721666666666666 0.6450000000000001 0.6916666666666668 0.10566666666666663 0.07199999999999998 0.11116666666666665 0.09650000000000002 0.12116666666666666 0.07849999999999997 0.7914999999999999 0.6960000000000002 0.46216666666666667 0.28750000000000003 0.6571666666666666 0.5756666666666667 0.36466666666666664 0.4395 0.6453333333333334 0.8271666666666667 0.27166666666666667 0.1288333333333333 0.3904999999999999 0.32466666666666666 0.23833333333333326 0.23366666666666663 0.21883333333333332 0.3026666666666666 0.22933333333333328 0.2378333333333333 0.21683333333333338 0.21899999999999994 0.7318333333333332 0.7326666666666668 0.7560000000000001 0.6666666666666667 0.4071666666666667 0.44616666666666677 0.4068333333333334 0.3418333333333334 0.08949999999999997 0.10916666666666666 0.42 0.29650000000000004 0.3569999999999999 0.31866666666666676 0.10799999999999998 0.1188333333333333 0.11250000000000002 0.11283333333333333 0.10700000000000001 0.10950000000000003 0.6288333333333335 0.6376666666666667 0.11466666666666664 0.29733333333333345 0.6938333333333334 0.6183333333333335 
0.1836666666666667 0.16183333333333333 0.057666666666666665 0.052666666666666646 0.1861666666666667 0.17566666666666667 0.07783333333333334 0.14783333333333332 1.0 0.10333333333333333 0.06483333333333334 0.08100000000000002 0.09816666666666667 0.5415000000000001 0.5818333333333335 0.6276666666666666 0.6675000000000001 0.6565000000000001 0.23783333333333329 0.30649999999999994 0.4271666666666667 0.18983333333333335 0.18933333333333338 0.17916666666666664 0.1978333333333334 0.20883333333333337 0.17233333333333334 0.07283333333333333 0.7790000000000002 0.8123333333333332 0.35866666666666674 0.1576666666666667 0.6921666666666666 0.31233333333333335 0.17999999999999997 0.09049999999999998 0.4861666666666667 0.49566666666666653 0.49149999999999994 0.45733333333333337 0.7451666666666668 0.5388333333333334 0.05566666666666665 0.18516666666666662 0.6353333333333334 0.7114999999999999 0.05433333333333334 0.17633333333333334 0.6881666666666665 0.5176666666666666 0.3314999999999999 0.05033333333333331 0.4198333333333333 0.8630000000000004 0.29150000000000004 0.25433333333333336 0.635 0.6360000000000002 0.6571666666666666 0.6406666666666666 0.6400000000000001 0.6398333333333334 0.6664999999999999 0.6674999999999999 0.06033333333333332 0.06166666666666667 0.2911666666666667 0.3428333333333333 0.3203333333333333 0.2944999999999999 0.27616666666666667 0.2256666666666667 0.6919999999999998 0.7266666666666667 0.2371666666666666 0.38016666666666665 0.33933333333333343 0.3516666666666666 0.845833333333333 0.7214999999999996 0.8686666666666665 0.8618333333333332 0.8781666666666663 0.8576666666666667 0.195 0.17866666666666667 0.844333333333333 0.38333333333333336 0.1005 0.13066666666666665 
0.3331666666666667 0.34933333333333316 0.7760000000000001 0.7748333333333332 0.7518333333333337 0.781166666666667 0.7671666666666666 0.6540000000000002 0.10333333333333333 1.0 0.5858333333333333 0.5824999999999999 0.5524999999999999 0.17133333333333337 0.3463333333333333 0.32433333333333353 0.11650000000000002 0.11766666666666667 0.2946666666666667 0.2698333333333334 0.4323333333333333 0.5433333333333332 0.7481666666666666 0.7278333333333332 0.7646666666666664 0.7635 0.7578333333333335 0.8118333333333332 0.04316666666666666 0.044833333333333336 0.5695 0.6878333333333333 0.11550000000000002 0.2791666666666666 0.7393333333333334 0.8053333333333335 0.29883333333333334 0.2695 0.29383333333333334 0.3025 0.15433333333333338 0.24133333333333332 0.7426666666666665 0.5348333333333332 0.3016666666666667 0.17266666666666672 0.7118333333333335 0.6920000000000001 0.2093333333333334 0.19050000000000003 0.38066666666666665 0.7131666666666666 0.43716666666666654 0.13449999999999998 0.5495 0.4866666666666668 0.1296666666666667 0.12816666666666668 0.12366666666666669 0.17800000000000002 0.12833333333333338 0.13600000000000004 0.12066666666666666 0.12300000000000003 0.8220000000000002 0.8485000000000003 0.552 0.4786666666666667 0.26183333333333336 0.2935 0.3375000000000001 0.4195000000000001 0.0325 0.03133333333333333 0.3385 0.1728333333333333 0.3163333333333334 0.27699999999999997 0.04466666666666666 0.19949999999999998 0.09816666666666665 0.0965 0.10416666666666666 0.10550000000000001 0.7368333333333332 0.7528333333333331 0.13599999999999998 0.4066666666666666 0.8064999999999999 0.7700000000000001 
0.7278333333333333 0.7378333333333333 0.6451666666666667 0.6328333333333334 0.5029999999999999 0.4793333333333334 0.6228333333333333 0.5603333333333333 0.06483333333333334 0.5858333333333333 1.0 0.9206666666666665 0.9403333333333334 0.47900000000000004 0.41283333333333316 0.31216666666666665 0.32549999999999996 0.34333333333333327 0.6733333333333335 0.6070000000000001 0.33799999999999997 0.5006666666666666 0.5013333333333331 0.46349999999999997 0.4686666666666665 0.45433333333333314 0.5168333333333333 0.5929999999999999 0.1165 0.10116666666666665 0.29833333333333323 0.5008333333333332 0.3060000000000001 0.5618333333333332 0.5220000000000001 0.5530000000000002 0.1781666666666667 0.18050000000000008 0.1641666666666667 0.18133333333333332 0.098 0.1285 0.6571666666666666 0.4786666666666667 0.11933333333333333 0.016000000000000004 0.6493333333333333 0.4653333333333334 0.05116666666666665 0.2788333333333334 0.4259999999999998 0.6864999999999998 0.1618333333333333 0.06849999999999999 0.24799999999999997 0.3213333333333333 0.36633333333333334 0.36933333333333335 0.3483333333333334 0.263 0.37116666666666664 0.37683333333333335 0.3363333333333333 0.33716666666666667 0.6093333333333332 0.5748333333333333 0.3983333333333335 0.3091666666666666 0.5863333333333334 0.6188333333333332 0.29350000000000004 0.3355 0.09466666666666665 0.09683333333333334 0.5711666666666666 0.377 0.3685 0.3351666666666668 0.07833333333333335 0.07350000000000001 0.15883333333333335 0.16 0.13250000000000006 0.16616666666666668 0.5041666666666665 0.5103333333333333 0.05033333333333332 0.2538333333333334 0.5613333333333332 0.4853333333333332 
0.7415 0.7536666666666667 0.5890000000000001 0.6361666666666667 0.4941666666666665 0.4731666666666664 0.5609999999999998 0.5388333333333334 0.08100000000000002 0.5824999999999999 0.9206666666666665 1.0 0.9276666666666668 0.5025000000000002 0.4318333333333333 0.3501666666666667 0.36750000000000005 0.38516666666666666 0.6944999999999999 0.6426666666666668 0.3506666666666666 0.4998333333333332 0.4983333333333333 0.4863333333333332 0.4663333333333331 0.45283333333333325 0.49916666666666665 0.5698333333333333 0.1348333333333334 0.10633333333333334 0.3238333333333333 0.5281666666666668 0.3468333333333334 0.612 0.5071666666666664 0.5288333333333333 0.18250000000000002 0.1881666666666667 0.16399999999999998 0.18816666666666662 0.06816666666666667 0.1365 0.6138333333333333 0.4625000000000001 0.09949999999999999 0.023666666666666666 0.6498333333333332 0.44066666666666676 0.06683333333333336 0.27516666666666667 0.4081666666666668 0.642 0.19700000000000006 0.09500000000000001 0.21983333333333338 0.3211666666666666 0.4093333333333332 0.4128333333333334 0.3906666666666666 0.25066666666666665 0.4123333333333333 0.41233333333333333 0.3783333333333333 0.3795 0.5768333333333333 0.5643333333333335 0.3691666666666669 0.27699999999999997 0.6231666666666666 0.612 0.2881666666666667 0.32933333333333337 0.09716666666666665 0.10033333333333334 0.5838333333333332 0.3844999999999999 0.3648333333333334 0.3283333333333333 0.07783333333333337 0.08633333333333333 0.1863333333333334 0.1876666666666667 0.15966666666666668 0.19366666666666663 0.49199999999999994 0.5006666666666666 0.07800000000000001 0.23716666666666664 0.5335 0.4613333333333333 
0.740166666666667 0.7495000000000002 0.5996666666666665 0.5843333333333334 0.4575 0.4363333333333335 0.5803333333333335 0.5191666666666667 0.09816666666666667 0.5524999999999999 0.9403333333333334 0.9276666666666668 1.0 0.5258333333333333 0.4568333333333332 0.35066666666666646 0.37016666666666675 0.38816666666666677 0.6845 0.6173333333333333 0.34983333333333344 0.4776666666666667 0.4551666666666668 0.4421666666666667 0.42633333333333323 0.41466666666666674 0.4698333333333333 0.545 0.14866666666666664 0.12216666666666665 0.2936666666666667 0.48399999999999993 0.35066666666666657 0.5696666666666667 0.4743333333333332 0.5045 0.18633333333333332 0.1928333333333333 0.1691666666666666 0.19299999999999998 0.0921666666666667 0.14133333333333328 0.6091666666666665 0.4471666666666667 0.08583333333333332 0.03333333333333333 0.6206666666666667 0.41800000000000004 0.07400000000000001 0.2921666666666667 0.3868333333333333 0.6425000000000002 0.19283333333333338 0.11066666666666668 0.23450000000000007 0.2946666666666665 0.40983333333333327 0.41349999999999987 0.39316666666666655 0.2665 0.4158333333333333 0.42100000000000004 0.38099999999999995 0.38183333333333314 0.5621666666666666 0.5266666666666668 0.3538333333333333 0.26616666666666666 0.5980000000000001 0.5911666666666666 0.2765 0.31449999999999995 0.11266666666666668 0.11483333333333336 0.5568333333333333 0.36249999999999993 0.3553333333333332 0.31883333333333336 0.09516666666666668 0.08816666666666667 0.201 0.20199999999999999 0.17483333333333337 0.20866666666666667 0.45883333333333326 0.46400000000000013 0.09233333333333334 0.23333333333333328 0.5131666666666667 0.4383333333333333 
0.6121666666666665 0.5761666666666665 0.15150000000000002 0.15833333333333333 0.02916666666666667 0.028666666666666663 0.13016666666666665 0.3053333333333334 0.5415000000000001 0.17133333333333337 0.47900000000000004 0.5025000000000002 0.5258333333333333 1.0 0.5581666666666667 0.6203333333333333 0.8275 0.8501666666666668 0.6391666666666668 0.5873333333333335 0.17649999999999996 0.0635 0.02949999999999999 0.032333333333333325 0.02849999999999999 0.031833333333333325 0.03216666666666667 0.10133333333333336 0.5996666666666666 0.5660000000000001 0.17583333333333329 0.1253333333333333 0.8106666666666666 0.6766666666666665 0.03866666666666667 0.061500000000000006 0.19633333333333336 0.21966666666666673 0.20316666666666675 0.19833333333333336 0.3453333333333334 0.2553333333333334 0.1703333333333333 0.1786666666666666 0.36816666666666653 0.47900000000000015 0.17883333333333337 0.028999999999999995 0.5231666666666667 0.7291666666666665 0.38566666666666677 0.20850000000000007 0.24650000000000002 0.52 0.22116666666666668 0.05716666666666667 0.8566666666666665 0.8711666666666668 0.8536666666666666 0.7061666666666667 0.8723333333333332 0.8756666666666666 0.8416666666666667 0.8433333333333334 0.11299999999999999 0.09283333333333335 0.22416666666666668 0.25816666666666666 0.5691666666666666 0.5468333333333333 0.08850000000000001 0.057666666666666665 0.4965000000000001 0.5393333333333333 0.2906666666666667 0.36149999999999993 0.06999999999999999 0.07266666666666667 0.5376666666666666 0.4065 0.6510000000000001 0.6523333333333333 0.6193333333333332 0.6546666666666665 0.027333333333333334 0.03083333333333333 0.5091666666666668 0.12083333333333333 0.07166666666666667 0.07816666666666668 
0.3398333333333335 0.3341666666666668 0.2740000000000001 0.22033333333333321 0.32433333333333325 0.33283333333333337 0.29699999999999993 0.226 0.5818333333333335 0.3463333333333333 0.41283333333333316 0.4318333333333333 0.4568333333333332 0.5581666666666667 1.0 0.7736666666666666 0.5105000000000001 0.49383333333333335 0.32250000000000006 0.2684999999999999 0.5459999999999998 0.3043333333333334 0.3304999999999999 0.33849999999999997 0.344 0.3515 0.3159999999999999 0.23633333333333337 0.5566666666666668 0.5671666666666667 0.49899999999999983 0.3616666666666667 0.5293333333333333 0.36016666666666663 0.3221666666666667 0.25066666666666665 0.5003333333333334 0.5168333333333334 0.4765 0.48816666666666664 0.5018333333333334 0.4873333333333334 0.23266666666666658 0.08566666666666668 0.299 0.3793333333333333 0.2218333333333333 0.2991666666666666 0.36933333333333335 0.3418333333333333 0.1323333333333333 0.24550000000000005 0.4549999999999998 0.5721666666666667 0.36766666666666675 0.2931666666666667 0.4961666666666666 0.4849999999999999 0.49699999999999994 0.3588333333333333 0.48316666666666663 0.4868333333333333 0.5064999999999998 0.5095000000000001 0.24849999999999997 0.24066666666666672 0.11400000000000002 0.14433333333333337 0.26166666666666655 0.2305 0.1118333333333333 0.1918333333333333 0.472 0.48233333333333334 0.21249999999999997 0.22899999999999995 0.23133333333333334 0.21800000000000005 0.5698333333333334 0.5585000000000001 0.6731666666666666 0.6681666666666666 0.660833333333333 0.6706666666666666 0.3225 0.32066666666666666 0.5653333333333334 0.37550000000000006 0.2913333333333332 0.2724999999999999 
0.29116666666666663 0.2896666666666667 0.15733333333333335 0.1855 0.2676666666666667 0.2743333333333333 0.17033333333333334 0.1325 0.6276666666666666 0.32433333333333353 0.31216666666666665 0.3501666666666667 0.35066666666666646 0.6203333333333333 0.7736666666666666 1.0 0.6250000000000001 0.6131666666666666 0.3046666666666667 0.2846666666666666 0.5028333333333332 0.2818333333333333 0.2714999999999999 0.27166666666666656 0.27483333333333326 0.2826666666666666 0.26216666666666666 0.24366666666666667 0.6335000000000001 0.6426666666666668 0.44966666666666666 0.29650000000000004 0.6425 0.4226666666666666 0.2533333333333333 0.22550000000000003 0.5325 0.5603333333333335 0.5141666666666665 0.5275 0.5301666666666666 0.5664999999999997 0.155 0.04066666666666666 0.35033333333333333 0.4388333333333334 0.21083333333333332 0.26549999999999996 0.4333333333333334 0.41283333333333344 0.13683333333333333 0.1325 0.49900000000000005 0.6333333333333335 0.4174999999999999 0.3138333333333333 0.6100000000000001 0.6005000000000001 0.6128333333333333 0.47700000000000015 0.5975 0.6008333333333334 0.6211666666666666 0.6241666666666668 0.2048333333333333 0.2223333333333334 0.08433333333333333 0.13583333333333333 0.28116666666666673 0.25183333333333335 0.06333333333333332 0.19333333333333333 0.5391666666666667 0.5631666666666668 0.1845 0.26399999999999996 0.14666666666666667 0.16033333333333336 0.6241666666666668 0.6595 0.7291666666666665 0.7306666666666668 0.7211666666666666 0.7473333333333335 0.26733333333333337 0.26483333333333325 0.6473333333333335 0.4024999999999999 0.23866666666666667 0.27166666666666667 
0.4828333333333332 0.46066666666666656 0.037 0.09516666666666669 0.0 0.0015 0.019333333333333334 0.21050000000000002 0.6675000000000001 0.11650000000000002 0.32549999999999996 0.36750000000000005 0.37016666666666675 0.8275 0.5105000000000001 0.6250000000000001 1.0 0.9588333333333335 0.5406666666666666 0.6133333333333332 0.18983333333333335 0.05883333333333333 0.00016666666666666666 0.0015000000000000002 0.0026666666666666666 0.007666666666666667 0.0 0.05216666666666667 0.7510000000000001 0.7074999999999999 0.1578333333333333 0.09849999999999996 0.9611666666666672 0.6158333333333335 0.0006666666666666666 0.013666666666666669 0.21283333333333332 0.24216666666666664 0.215 0.21366666666666667 0.46399999999999997 0.2786666666666666 0.08566666666666663 0.2675 0.4640000000000001 0.5923333333333335 0.1161666666666667 0.0008333333333333334 0.6363333333333333 0.647 0.4436666666666666 0.09633333333333337 0.23633333333333334 0.637 0.18266666666666664 0.03933333333333334 0.9418333333333332 0.9430000000000004 0.960166666666667 0.7698333333333335 0.9421666666666667 0.9369999999999998 0.9698333333333337 0.966666666666667 0.036333333333333336 0.0355 0.30533333333333335 0.3400000000000001 0.6358333333333333 0.5980000000000002 0.1935 0.07066666666666666 0.6515 0.6928333333333333 0.4276666666666668 0.5015 0.20250000000000004 0.19850000000000004 0.6706666666666666 0.43000000000000005 0.7858333333333333 0.7883333333333331 0.7421666666666666 0.7823333333333331 0.0 0.0 0.5983333333333333 0.11983333333333336 0.008000000000000002 0.033166666666666685 
0.4960000000000001 0.4734999999999999 0.038833333333333324 0.09716666666666667 0.0 0.0013333333333333333 0.021333333333333336 0.21283333333333335 0.6565000000000001 0.11766666666666667 0.34333333333333327 0.38516666666666666 0.38816666666666677 0.8501666666666668 0.49383333333333335 0.6131666666666666 0.9588333333333335 1.0 0.5574999999999999 0.6244999999999999 0.17566666666666667 0.04616666666666666 0.0 0.002833333333333333 0.002 0.007000000000000001 0.0 0.055166666666666676 0.7361666666666664 0.6948333333333333 0.15783333333333335 0.0938333333333333 0.9436666666666668 0.6260000000000001 0.001 0.015833333333333338 0.19866666666666674 0.22783333333333328 0.2058333333333333 0.2003333333333333 0.45150000000000007 0.26666666666666666 0.0876666666666667 0.266 0.4691666666666666 0.5964999999999998 0.12916666666666665 0.001 0.6399999999999999 0.6688333333333335 0.4593333333333332 0.09916666666666668 0.235 0.6193333333333334 0.18266666666666664 0.03783333333333333 0.9491666666666667 0.9610000000000002 0.9760000000000001 0.7873333333333333 0.9630000000000003 0.9578333333333336 0.9723333333333339 0.9696666666666672 0.04016666666666666 0.03833333333333333 0.31116666666666665 0.34600000000000003 0.6441666666666667 0.6070000000000002 0.18199999999999997 0.059000000000000004 0.6268333333333335 0.6728333333333333 0.4093333333333334 0.48250000000000015 0.18066666666666667 0.17616666666666667 0.6626666666666668 0.4216666666666666 0.7726666666666668 0.7805000000000001 0.7288333333333334 0.7711666666666668 0.0 0.0 0.5854999999999998 0.1143333333333333 0.008 0.03433333333333335 
0.906833333333333 0.894333333333333 0.33466666666666656 0.366 0.21933333333333344 0.19516666666666665 0.3128333333333333 0.49433333333333346 0.23783333333333329 0.2946666666666667 0.6733333333333335 0.6944999999999999 0.6845 0.6391666666666668 0.32250000000000006 0.3046666666666667 0.5406666666666666 0.5574999999999999 1.0 0.9081666666666667 0.10349999999999998 0.2878333333333334 0.22033333333333338 0.21300000000000005 0.19083333333333338 0.17816666666666667 0.22750000000000006 0.29766666666666675 0.30583333333333335 0.2665 0.1035 0.2605 0.5159999999999999 0.8235000000000002 0.23683333333333334 0.25916666666666666 0.02150000000000001 0.030666666666666665 0.018500000000000006 0.027166666666666672 0.077 0.02683333333333333 0.38550000000000006 0.426 0.2626666666666666 0.19449999999999995 0.3908333333333333 0.22083333333333335 0.24216666666666672 0.4315 0.5966666666666667 0.4105000000000001 0.06349999999999999 0.24033333333333334 0.047833333333333325 0.15883333333333333 0.5843333333333335 0.5825 0.5598333333333334 0.41066666666666685 0.5805 0.5754999999999999 0.5483333333333335 0.5481666666666666 0.30150000000000005 0.2813333333333333 0.4386666666666666 0.4576666666666668 0.8823333333333332 0.8631666666666667 0.39833333333333343 0.34800000000000003 0.22816666666666674 0.25616666666666665 0.5228333333333333 0.5301666666666667 0.2986666666666667 0.2906666666666667 0.23883333333333334 0.10433333333333339 0.3448333333333332 0.35033333333333333 0.31333333333333335 0.3500000000000001 0.22233333333333336 0.22400000000000003 0.2205 0.10533333333333333 0.25233333333333335 0.19766666666666663 
0.8513333333333335 0.8358333333333335 0.26666666666666666 0.3325000000000001 0.19333333333333333 0.17116666666666666 0.2440000000000001 0.4293333333333333 0.30649999999999994 0.2698333333333334 0.6070000000000001 0.6426666666666668 0.6173333333333333 0.5873333333333335 0.2684999999999999 0.2846666666666666 0.6133333333333332 0.6244999999999999 0.9081666666666667 1.0 0.07633333333333335 0.25950000000000006 0.19333333333333338 0.18350000000000002 0.16750000000000004 0.15533333333333332 0.19966666666666671 0.27033333333333337 0.3728333333333332 0.3325000000000001 0.07766666666666665 0.2283333333333334 0.5876666666666666 0.8073333333333333 0.20433333333333326 0.22633333333333333 0.0023333333333333335 0.012833333333333337 0.006166666666666666 0.004999999999999999 0.13949999999999996 0.012500000000000004 0.32766666666666666 0.4920000000000001 0.33083333333333337 0.26050000000000006 0.36016666666666675 0.19883333333333336 0.30866666666666676 0.4095 0.6603333333333335 0.34133333333333327 0.051000000000000004 0.311 0.02583333333333334 0.14066666666666666 0.6594999999999999 0.6551666666666668 0.632 0.48250000000000015 0.6526666666666666 0.6458333333333335 0.6203333333333334 0.6198333333333332 0.2586666666666667 0.25183333333333335 0.49833333333333324 0.5241666666666667 0.956 0.9358333333333333 0.4631666666666668 0.3411666666666667 0.2985 0.3261666666666666 0.5855 0.6003333333333333 0.3563333333333334 0.34383333333333327 0.3036666666666667 0.09883333333333331 0.41583333333333344 0.41766666666666674 0.3806666666666667 0.4151666666666665 0.19700000000000006 0.19750000000000004 0.27166666666666667 0.09716666666666668 0.2133333333333333 0.17283333333333334 
0.134 0.1515 0.33283333333333337 0.36366666666666675 0.523 0.5201666666666667 0.34450000000000003 0.2223333333333333 0.4271666666666667 0.4323333333333333 0.33799999999999997 0.3506666666666666 0.34983333333333344 0.17649999999999996 0.5459999999999998 0.5028333333333332 0.18983333333333335 0.17566666666666667 0.10349999999999998 0.07633333333333335 1.0 0.6371666666666667 0.5291666666666669 0.5971666666666667 0.5331666666666668 0.5453333333333333 0.5115 0.414 0.3906666666666667 0.44183333333333324 0.6723333333333333 0.6301666666666665 0.20683333333333334 0.1635 0.506 0.41416666666666657 0.7645000000000001 0.7800000000000001 0.7215000000000003 0.7695000000000001 0.548 0.723 0.3374999999999999 0.19683333333333333 0.18533333333333335 0.3478333333333333 0.43366666666666664 0.5036666666666668 0.24883333333333332 0.1775 0.07283333333333335 0.307 0.5386666666666666 0.4348333333333333 0.4745 0.5875000000000002 0.17533333333333329 0.16233333333333333 0.17549999999999993 0.18166666666666673 0.15999999999999998 0.16033333333333336 0.18350000000000002 0.18416666666666665 0.3789999999999999 0.3976666666666665 0.1423333333333333 0.08383333333333333 0.07883333333333335 0.07833333333333332 0.3313333333333335 0.49599999999999994 0.42116666666666674 0.4153333333333334 0.36533333333333345 0.2715000000000001 0.4918333333333333 0.482 0.4849999999999997 0.6331666666666667 0.37249999999999994 0.36949999999999994 0.4076666666666667 0.37366666666666665 0.5225 0.5201666666666666 0.4675000000000001 0.5425 0.4254999999999999 0.47333333333333316 
0.32366666666666666 0.3423333333333333 0.548 0.5755000000000001 0.6066666666666666 0.5846666666666667 0.5443333333333333 0.4033333333333334 0.18983333333333335 0.5433333333333332 0.5006666666666666 0.4998333333333332 0.4776666666666667 0.0635 0.3043333333333334 0.2818333333333333 0.05883333333333333 0.04616666666666666 0.2878333333333334 0.25950000000000006 0.6371666666666667 1.0 0.6031666666666666 0.6558333333333332 0.5655000000000002 0.5548333333333334 0.6221666666666666 0.6040000000000001 0.21000000000000008 0.21783333333333335 0.5006666666666666 0.6566666666666667 0.06799999999999999 0.2475 0.6154999999999999 0.6104999999999999 0.5256666666666666 0.535 0.49283333333333346 0.5648333333333333 0.3288333333333333 0.4995000000000001 0.5673333333333332 0.4143333333333333 0.19500000000000003 0.16333333333333333 0.6196666666666668 0.5943333333333333 0.087 0.07683333333333332 0.2455 0.5326666666666667 0.29166666666666663 0.20433333333333334 0.3365000000000001 0.6291666666666668 0.05799999999999999 0.038 0.04516666666666667 0.1165 0.032 0.03316666666666667 0.05016666666666666 0.053166666666666675 0.5906666666666667 0.6043333333333334 0.3586666666666667 0.30500000000000005 0.258 0.2576666666666667 0.6283333333333334 0.7705 0.2765 0.26466666666666666 0.5346666666666667 0.4355000000000001 0.7008333333333332 0.6706666666666665 0.24216666666666664 0.41583333333333344 0.12799999999999997 0.12866666666666665 0.15783333333333338 0.1295 0.6038333333333332 0.6163333333333333 0.26483333333333337 0.44733333333333325 0.5904999999999999 0.5705 
0.25033333333333335 0.26916666666666667 0.780333333333333 0.8136666666666672 0.979166666666667 0.9441666666666668 0.7935000000000001 0.6355000000000001 0.18933333333333338 0.7481666666666666 0.5013333333333331 0.4983333333333333 0.4551666666666668 0.02949999999999999 0.3304999999999999 0.2714999999999999 0.00016666666666666666 0.0 0.22033333333333338 0.19333333333333338 0.5291666666666669 0.6031666666666666 1.0 0.9051666666666666 0.9571666666666667 0.9383333333333335 0.9643333333333338 0.8564999999999999 0.08000000000000002 0.11016666666666666 0.672 0.7085000000000001 0.0055000000000000005 0.17733333333333332 0.9625000000000005 0.8689999999999998 0.41366666666666674 0.3736666666666666 0.4108333333333334 0.385 0.2815 0.3483333333333334 0.7826666666666662 0.6048333333333333 0.4989999999999999 0.26916666666666655 0.7625 0.9009999999999998 0.29633333333333334 0.1796666666666666 0.4498333333333335 0.7494999999999997 0.5828333333333332 0.19183333333333338 0.6033333333333334 0.6408333333333331 0.00016666666666666666 0.0 0.0 0.0705 0.0 0.0003333333333333333 0.00016666666666666666 0.0 0.8278333333333333 0.8541666666666669 0.5918333333333332 0.5169999999999999 0.19566666666666663 0.22466666666666657 0.41250000000000014 0.5106666666666666 0.06299999999999999 0.061000000000000006 0.3493333333333334 0.21683333333333332 0.4141666666666666 0.3890000000000002 0.137 0.3155 0.12633333333333335 0.1271666666666667 0.1416666666666667 0.13333333333333336 0.9728333333333335 0.9770000000000004 0.20283333333333334 0.5981666666666666 0.8766666666666668 0.7986666666666666 
0.2415 0.25916666666666666 0.7078333333333334 0.7396666666666666 0.8963333333333334 0.8815000000000001 0.716 0.5845000000000001 0.17916666666666664 0.7278333333333332 0.46349999999999997 0.4863333333333332 0.4421666666666667 0.032333333333333325 0.33849999999999997 0.27166666666666656 0.0015000000000000002 0.002833333333333333 0.21300000000000005 0.18350000000000002 0.5971666666666667 0.6558333333333332 0.9051666666666666 1.0 0.8956666666666665 0.8773333333333333 0.8866666666666663 0.7855000000000001 0.12033333333333328 0.1628333333333333 0.7403333333333333 0.7924999999999999 0.007333333333333334 0.17483333333333337 0.8835000000000002 0.7918333333333338 0.4578333333333335 0.43200000000000005 0.44066666666666665 0.4433333333333333 0.2525 0.4068333333333332 0.7076666666666668 0.5591666666666666 0.4558333333333332 0.3346666666666666 0.7610000000000001 0.8188333333333336 0.29916666666666664 0.19599999999999998 0.3816666666666666 0.6743333333333336 0.565 0.18716666666666665 0.5391666666666667 0.671 0.0018333333333333335 0.0011666666666666668 0.0011666666666666668 0.04216666666666666 0.001 0.0013333333333333333 0.0011666666666666668 0.0013333333333333333 0.7541666666666668 0.7823333333333332 0.5143333333333334 0.4403333333333333 0.18533333333333332 0.1875 0.46099999999999985 0.56 0.12849999999999998 0.12566666666666665 0.40233333333333343 0.27333333333333326 0.4668333333333333 0.4426666666666667 0.19450000000000003 0.37216666666666676 0.12233333333333335 0.12716666666666665 0.13699999999999998 0.12949999999999998 0.8893333333333332 0.8964999999999996 0.1978333333333333 0.5299999999999999 0.7993333333333331 0.7336666666666669 
