1.0 0.7546666666666667 0.2111666666666666 0.12733333333333335 0.028499999999999998 0.12400000000000004 0.534 0.11616666666666667 0.5741666666666667 0.0725 0.5909999999999997 0.16666666666666669 0.7551666666666668 0.13949999999999999 0.6733333333333335 0.30383333333333323 0.6923333333333334 0.6228333333333332 0.22083333333333333 0.38566666666666655 0.4276666666666668 0.2761666666666666 0.23199999999999996 0.273 0.19166666666666665 0.026000000000000002 0.081 0.18033333333333332 0.6871666666666666 0.5770000000000001 0.21816666666666668 0.11366666666666662 0.23799999999999996 0.12583333333333335 0.2315 0.22883333333333336 0.2388333333333333 0.20050000000000004 0.2353333333333333 0.1733333333333333 0.5563333333333333 0.31666666666666665 0.537666666666667 0.5853333333333335 0.6153333333333334 0.5916666666666667 0.6146666666666664 0.5973333333333335 0.6233333333333332 0.6203333333333333 0.371 0.6203333333333333 0.6494999999999999 0.5358333333333332 0.26466666666666666 0.3158333333333333 0.6951666666666667 0.6829999999999998 0.6003333333333334 0.5213333333333332 0.6086666666666667 0.21533333333333335 0.6906666666666667 0.6746666666666666 0.23249999999999996 0.22416666666666674 0.23066666666666663 0.22450000000000006 0.5121666666666668 0.4728333333333333 0.14383333333333334 0.47483333333333333 0.5631666666666668 0.5798333333333332 0.3913333333333335 0.6585000000000001 0.46833333333333343 0.5553333333333333 0.6615000000000001 0.5741666666666666 0.6475000000000002 0.6873333333333335 0.5780000000000001 0.6680000000000001 0.23983333333333334 0.22166666666666682 0.20583333333333328 0.23633333333333334 0.23766666666666666 0.2505 
0.7546666666666667 1.0 0.1548333333333333 0.14083333333333337 0.12066666666666664 0.217 0.5145000000000002 0.13333333333333333 0.6338333333333331 0.16616666666666663 0.5195 0.2033333333333333 0.6438333333333331 0.23616666666666664 0.6250000000000001 0.4105 0.7441666666666668 0.6699999999999998 0.19583333333333333 0.35533333333333345 0.5353333333333334 0.3715 0.17016666666666666 0.17349999999999993 0.149 0.12316666666666666 0.179 0.2768333333333334 0.7405000000000002 0.6431666666666664 0.15600000000000003 0.04866666666666666 0.17599999999999993 0.040999999999999995 0.16966666666666666 0.1693333333333333 0.15216666666666667 0.18050000000000005 0.16200000000000003 0.0745 0.6696666666666666 0.33449999999999996 0.5830000000000001 0.664 0.6679999999999999 0.6834999999999998 0.6815000000000001 0.6825 0.7103333333333329 0.7136666666666664 0.31266666666666665 0.7108333333333333 0.57 0.5844999999999999 0.2256666666666667 0.336 0.7423333333333336 0.7341666666666665 0.607 0.5638333333333334 0.499 0.10483333333333336 0.7418333333333332 0.7334999999999999 0.16933333333333334 0.16866666666666666 0.1705 0.17149999999999999 0.5494999999999999 0.4754999999999999 0.18283333333333332 0.5126666666666666 0.574 0.6854999999999998 0.4766666666666666 0.6558333333333336 0.45849999999999985 0.6085000000000002 0.7258333333333333 0.6958333333333333 0.6973333333333334 0.7413333333333335 0.4936666666666667 0.7460000000000001 0.16183333333333338 0.17299999999999996 0.11333333333333334 0.16866666666666666 0.17266666666666666 0.161 
0.2111666666666666 0.1548333333333333 1.0 0.319 0.6918333333333334 0.3395 0.18050000000000005 0.4026666666666667 0.13549999999999998 0.39849999999999997 0.17816666666666667 0.6073333333333333 0.11083333333333333 0.30099999999999993 0.21466666666666664 0.2088333333333334 0.009333333333333334 0.09416666666666673 0.41533333333333333 0.2626666666666667 0.11700000000000003 0.26833333333333326 0.9316666666666668 0.8086666666666668 0.9325000000000001 0.49200000000000005 0.3963333333333335 0.2876666666666667 0.009166666666666667 0.06166666666666666 0.9474999999999999 0.5981666666666666 0.9201666666666668 0.6995 0.9338333333333335 0.9316666666666668 0.8828333333333331 0.47633333333333333 0.9218333333333336 0.6638333333333333 0.09433333333333335 0.3053333333333333 0.10300000000000001 0.05650000000000002 0.01666666666666667 0.044000000000000004 0.019000000000000003 0.04716666666666666 0.0085 0.013000000000000001 0.8193333333333331 0.012833333333333334 0.24216666666666664 0.006833333333333333 0.7445 0.2645 0.009333333333333334 0.009166666666666668 0.009500000000000001 0.048999999999999995 0.2303333333333334 0.45950000000000024 0.010833333333333335 0.009666666666666667 0.9328333333333334 0.7659999999999999 0.9331666666666668 0.9078333333333335 0.027833333333333328 0.1916666666666666 0.5009999999999999 0.5 0.16800000000000004 0.010500000000000002 0.0515 0.04633333333333334 0.08216666666666668 0.015 0.019500000000000007 0.09366666666666669 0.008166666666666666 0.009166666666666667 0.3448333333333333 0.1368333333333333 0.9210000000000004 0.7936666666666669 0.8046666666666663 0.9116666666666666 0.9258333333333336 0.6148333333333335 
0.12733333333333335 0.14083333333333337 0.319 1.0 0.31500000000000006 0.41150000000000003 0.4026666666666665 0.8555000000000001 0.054333333333333324 0.4589999999999999 0.3115 0.46333333333333326 0.22700000000000006 0.39083333333333337 0.062 0.22516666666666668 0.21300000000000005 0.21100000000000002 0.3903333333333332 0.42199999999999993 0.1173333333333333 0.25883333333333336 0.32683333333333353 0.41816666666666663 0.32533333333333336 0.4565000000000001 0.3933333333333333 0.3481666666666667 0.2308333333333334 0.20183333333333336 0.32466666666666677 0.6349999999999999 0.325 0.5401666666666667 0.3256666666666668 0.3295000000000002 0.3685000000000001 0.5373333333333333 0.3278333333333335 0.5119999999999998 0.06566666666666668 0.49650000000000005 0.3836666666666666 0.4225 0.39333333333333337 0.4133333333333335 0.39583333333333326 0.3628333333333334 0.3778333333333332 0.3901666666666667 0.251 0.3931666666666667 0.2455 0.27316666666666667 0.3535000000000001 0.546 0.22183333333333338 0.25633333333333336 0.13616666666666666 0.5183333333333333 0.24500000000000002 0.6291666666666668 0.24016666666666672 0.2746666666666667 0.3253333333333335 0.4606666666666668 0.3271666666666668 0.3348333333333334 0.30266666666666664 0.18816666666666668 0.5631666666666666 0.3536666666666669 0.2565 0.4068333333333333 0.5055000000000001 0.35783333333333334 0.31116666666666676 0.21066666666666667 0.18500000000000003 0.04883333333333335 0.12716666666666668 0.22666666666666668 0.20283333333333334 0.07083333333333335 0.3278333333333335 0.43883333333333324 0.4101666666666667 0.3433333333333335 0.32833333333333337 0.5195000000000001 
0.028499999999999998 0.12066666666666664 0.6918333333333334 0.31500000000000006 1.0 0.6203333333333333 0.126 0.36899999999999983 0.37599999999999995 0.6678333333333333 0.13133333333333333 0.5971666666666665 0.03383333333333333 0.5778333333333333 0.26866666666666666 0.4359999999999999 0.0018333333333333335 0.0778333333333334 0.43883333333333335 0.22699999999999995 0.38799999999999996 0.5388333333333333 0.6786666666666668 0.5798333333333332 0.7295 0.7786666666666666 0.6910000000000001 0.5631666666666666 0.0 0.08466666666666665 0.6936666666666667 0.5446666666666666 0.6693333333333333 0.5766666666666667 0.6793333333333336 0.6808333333333333 0.6415000000000002 0.4423333333333334 0.6706666666666666 0.5415000000000001 0.33116666666666666 0.2753333333333333 0.09150000000000003 0.04150000000000001 0.006833333333333334 0.028666666666666667 0.0034999999999999996 0.08216666666666671 0.0031666666666666666 0.0 0.5261666666666664 0.0 0.06516666666666665 0.12400000000000004 0.6675 0.22333333333333333 0.00016666666666666666 0.0 0.12983333333333336 0.03166666666666666 0.06566666666666665 0.41166666666666674 0.0 0.0 0.6770000000000002 0.5493333333333331 0.681 0.6856666666666665 0.1043333333333333 0.2583333333333333 0.4606666666666665 0.3393333333333334 0.12533333333333332 0.008166666666666668 0.06383333333333333 0.004833333333333333 0.1766666666666666 0.17733333333333334 0.040666666666666657 0.3305 0.0895 0.0 0.19650000000000006 0.215 0.6673333333333333 0.5711666666666668 0.6050000000000001 0.6623333333333334 0.6721666666666667 0.4420000000000001 
0.12400000000000004 0.217 0.3395 0.41150000000000003 0.6203333333333333 1.0 0.10616666666666673 0.4408333333333334 0.5321666666666667 0.9155000000000002 0.0946666666666667 0.6121666666666665 0.09216666666666667 0.8989999999999999 0.4143333333333333 0.7461666666666668 0.10600000000000007 0.09433333333333335 0.2286666666666667 0.08566666666666667 0.6596666666666667 0.8243333333333334 0.3023333333333333 0.32916666666666666 0.35416666666666663 0.8165 0.8351666666666665 0.9206666666666667 0.10666666666666673 0.20116666666666663 0.3171666666666667 0.22700000000000004 0.29433333333333317 0.22316666666666674 0.3025 0.31 0.282 0.10483333333333336 0.29400000000000004 0.19366666666666668 0.5159999999999999 0.09599999999999997 0.10300000000000004 0.13449999999999998 0.10466666666666673 0.11966666666666667 0.09300000000000001 0.1768333333333334 0.10700000000000004 0.09516666666666669 0.2773333333333333 0.09600000000000003 0.05316666666666668 0.2791666666666666 0.4095000000000001 0.07533333333333334 0.10166666666666668 0.10416666666666673 0.2870000000000001 0.12083333333333332 0.1185 0.4446666666666668 0.10083333333333336 0.10783333333333336 0.2998333333333333 0.45516666666666666 0.3044999999999998 0.3295000000000001 0.23666666666666664 0.30199999999999994 0.2245000000000001 0.2606666666666667 0.08499999999999998 0.14700000000000002 0.22450000000000003 0.1573333333333333 0.27716666666666673 0.3418333333333334 0.1735 0.49249999999999994 0.21733333333333335 0.10766666666666673 0.09566666666666666 0.4064999999999999 0.2918333333333333 0.42900000000000005 0.4026666666666667 0.29883333333333334 0.30316666666666664 0.3318333333333333 
0.534 0.5145000000000002 0.18050000000000005 0.4026666666666665 0.126 0.10616666666666673 1.0 0.35800000000000004 0.37966666666666676 0.07350000000000001 0.7396666666666667 0.06816666666666667 0.6735 0.0935 0.38983333333333337 0.21733333333333338 0.5935 0.5533333333333331 0.5573333333333333 0.6070000000000002 0.2743333333333333 0.13316666666666666 0.1555 0.21000000000000008 0.15 0.0605 0.06749999999999998 0.11266666666666669 0.6053333333333333 0.4866666666666667 0.15716666666666662 0.46283333333333326 0.16183333333333333 0.3785 0.1568333333333333 0.15516666666666665 0.17366666666666664 0.5471666666666668 0.15466666666666667 0.3698333333333334 0.3551666666666668 0.5063333333333333 0.6908333333333334 0.709 0.7490000000000002 0.7190000000000002 0.7600000000000002 0.6666666666666667 0.721 0.7339999999999999 0.14649999999999996 0.7365 0.4386666666666666 0.5821666666666666 0.2096666666666667 0.5598333333333333 0.6038333333333333 0.6251666666666666 0.4579999999999999 0.6276666666666667 0.4429999999999999 0.1735 0.6143333333333332 0.6301666666666668 0.15699999999999997 0.11166666666666668 0.15499999999999997 0.14466666666666664 0.6113333333333333 0.48783333333333345 0.40733333333333327 0.3065 0.612 0.6935000000000001 0.5660000000000001 0.6093333333333333 0.564 0.5109999999999999 0.5410000000000003 0.37433333333333335 0.49466666666666675 0.6001666666666666 0.34 0.3768333333333333 0.15683333333333332 0.09783333333333333 0.14183333333333328 0.15499999999999997 0.16299999999999998 0.22 
0.11616666666666667 0.13333333333333333 0.4026666666666667 0.8555000000000001 0.36899999999999983 0.4408333333333334 0.35800000000000004 1.0 0.04916666666666664 0.5043333333333334 0.29833333333333334 0.562 0.21566666666666662 0.4198333333333334 0.05383333333333333 0.27849999999999997 0.1943333333333333 0.20666666666666664 0.3859999999999998 0.37750000000000006 0.1365 0.2931666666666667 0.4145 0.4849999999999999 0.405 0.5183333333333333 0.43699999999999994 0.37616666666666665 0.2111666666666667 0.18666666666666662 0.4111666666666667 0.5838333333333333 0.4078333333333334 0.5913333333333333 0.41249999999999987 0.4163333333333333 0.45483333333333326 0.529 0.41449999999999987 0.5406666666666666 0.036000000000000004 0.5036666666666668 0.30949999999999994 0.3515 0.30683333333333335 0.3415000000000001 0.3116666666666667 0.29016666666666663 0.30166666666666675 0.31233333333333335 0.331 0.3141666666666667 0.17200000000000004 0.18233333333333338 0.3468333333333333 0.5038333333333331 0.20199999999999999 0.22450000000000003 0.09066666666666665 0.4311666666666667 0.21050000000000005 0.5898333333333333 0.22016666666666662 0.23900000000000005 0.41266666666666657 0.5534999999999999 0.4144999999999998 0.4220000000000001 0.21150000000000002 0.2198333333333333 0.6539999999999996 0.44616666666666666 0.2956666666666667 0.3355 0.5034999999999998 0.30016666666666675 0.22216666666666673 0.1395 0.1696666666666667 0.020500000000000008 0.10366666666666666 0.2066666666666666 0.1743333333333333 0.06600000000000002 0.4151666666666667 0.5285000000000002 0.49950000000000017 0.43083333333333323 0.41266666666666657 0.5753333333333335 
0.5741666666666667 0.6338333333333331 0.13549999999999998 0.054333333333333324 0.37599999999999995 0.5321666666666667 0.37966666666666676 0.04916666666666664 1.0 0.47349999999999987 0.3888333333333335 0.24249999999999997 0.5053333333333335 0.547 0.8591666666666667 0.6829999999999999 0.5251666666666666 0.4469999999999999 0.27599999999999997 0.30816666666666653 0.7861666666666669 0.6875 0.09016666666666666 0.10850000000000003 0.1388333333333333 0.4125 0.48033333333333333 0.5924999999999999 0.5198333333333331 0.4821666666666667 0.10700000000000001 0.07016666666666665 0.08466666666666663 0.02550000000000001 0.092 0.09466666666666665 0.06766666666666665 0.10616666666666669 0.08216666666666667 0.02583333333333333 0.8803333333333332 0.21100000000000002 0.4221666666666667 0.5116666666666666 0.4985 0.5088333333333334 0.4893333333333334 0.5663333333333334 0.5081666666666667 0.49533333333333324 0.24200000000000002 0.4936666666666667 0.4343333333333333 0.6731666666666666 0.30733333333333346 0.20950000000000002 0.5211666666666667 0.5215 0.6923333333333332 0.4126666666666667 0.3748333333333333 0.12516666666666665 0.5161666666666666 0.5111666666666665 0.08966666666666664 0.11383333333333331 0.09216666666666665 0.10799999999999998 0.6026666666666667 0.596 0.03833333333333334 0.302 0.38300000000000006 0.4695 0.2781666666666666 0.4531666666666666 0.5916666666666666 0.7515000000000001 0.5684999999999999 0.9026666666666666 0.634 0.5178333333333333 0.336 0.7736666666666666 0.08016666666666664 0.11199999999999999 0.10283333333333332 0.08649999999999997 0.09883333333333334 0.060833333333333336 
0.0725 0.16616666666666663 0.39849999999999997 0.4589999999999999 0.6678333333333333 0.9155000000000002 0.07350000000000001 0.5043333333333334 0.47349999999999987 1.0 0.07916666666666665 0.6768333333333335 0.047499999999999994 0.8653333333333333 0.35783333333333334 0.7015 0.053166666666666654 0.043833333333333335 0.27166666666666667 0.08533333333333333 0.5868333333333333 0.7525 0.3676666666666668 0.3931666666666668 0.4175 0.8703333333333333 0.8485 0.847 0.05366666666666665 0.14616666666666667 0.38233333333333336 0.2769999999999999 0.3596666666666667 0.2886666666666666 0.36783333333333346 0.3753333333333333 0.34850000000000003 0.16483333333333333 0.35933333333333345 0.2583333333333333 0.4588333333333332 0.15133333333333332 0.051999999999999984 0.08400000000000002 0.05199999999999999 0.06933333333333332 0.042333333333333334 0.12583333333333335 0.05466666666666665 0.044333333333333336 0.31066666666666665 0.044833333333333336 0.04566666666666666 0.2256666666666666 0.4548333333333334 0.11283333333333331 0.05016666666666666 0.0515 0.2335 0.10349999999999997 0.11166666666666668 0.4966666666666668 0.048833333333333326 0.05533333333333332 0.3651666666666668 0.5231666666666667 0.37 0.3950000000000001 0.18283333333333332 0.2615 0.2803333333333333 0.2493333333333334 0.04833333333333333 0.0956666666666667 0.21383333333333338 0.10600000000000004 0.22533333333333336 0.2868333333333333 0.11850000000000001 0.43633333333333335 0.16333333333333333 0.0555 0.1335 0.35316666666666663 0.3573333333333334 0.496 0.4683333333333334 0.36583333333333334 0.36816666666666675 0.3971666666666666 
0.5909999999999997 0.5195 0.17816666666666667 0.3115 0.13133333333333333 0.0946666666666667 0.7396666666666667 0.29833333333333334 0.3888333333333335 0.07916666666666665 1.0 0.07566666666666666 0.8000000000000003 0.09066666666666665 0.401 0.18850000000000006 0.7196666666666667 0.6665000000000001 0.4155000000000001 0.4816666666666667 0.24383333333333332 0.10799999999999998 0.15333333333333335 0.21849999999999994 0.15033333333333335 0.07683333333333334 0.07316666666666666 0.09616666666666668 0.7230000000000001 0.6038333333333334 0.15383333333333338 0.3449999999999999 0.16066666666666665 0.2945 0.15433333333333332 0.15250000000000002 0.17150000000000007 0.4610000000000001 0.16066666666666662 0.3023333333333333 0.38183333333333336 0.4061666666666667 0.49933333333333324 0.5558333333333334 0.5713333333333332 0.5646666666666668 0.589 0.5293333333333333 0.5773333333333334 0.5863333333333335 0.12633333333333335 0.5869999999999999 0.49333333333333335 0.4406666666666667 0.2706666666666667 0.44266666666666665 0.728166666666667 0.7006666666666668 0.5655 0.5676666666666667 0.6355000000000001 0.2675 0.7351666666666667 0.6911666666666667 0.15433333333333335 0.13033333333333333 0.153 0.14316666666666666 0.44366666666666665 0.3381666666666666 0.4353333333333332 0.27399999999999997 0.6414999999999997 0.569 0.5143333333333332 0.6564999999999999 0.3886666666666668 0.43550000000000005 0.6618333333333334 0.39849999999999997 0.6254999999999998 0.7241666666666667 0.5088333333333334 0.3883333333333334 0.1586666666666667 0.10849999999999999 0.18899999999999995 0.16349999999999998 0.1611666666666667 0.1996666666666667 
0.16666666666666669 0.2033333333333333 0.6073333333333333 0.46333333333333326 0.5971666666666665 0.6121666666666665 0.06816666666666667 0.562 0.24249999999999997 0.6768333333333335 0.07566666666666666 1.0 0.04433333333333334 0.5758333333333333 0.26500000000000007 0.46549999999999997 0.0031666666666666666 0.007666666666666667 0.34116666666666673 0.13366666666666668 0.31550000000000006 0.47600000000000003 0.6671666666666666 0.6826666666666666 0.6328333333333334 0.7576666666666667 0.6478333333333335 0.5515 0.004 0.05600000000000001 0.6533333333333333 0.38916666666666666 0.6588333333333334 0.4726666666666668 0.6646666666666665 0.6708333333333333 0.6541666666666667 0.3028333333333334 0.6591666666666665 0.45050000000000007 0.22683333333333336 0.2795000000000001 0.012833333333333339 0.03900000000000003 0.004999999999999999 0.026666666666666665 0.003833333333333333 0.06183333333333331 0.0023333333333333335 0.0013333333333333333 0.554 0.0016666666666666666 0.1293333333333333 0.13116666666666668 0.5043333333333332 0.1775 0.0025 0.0021666666666666666 0.138 0.07449999999999997 0.16833333333333333 0.6198333333333332 0.003833333333333333 0.005833333333333333 0.6646666666666667 0.8036666666666664 0.6675 0.6915 0.11133333333333334 0.24383333333333326 0.38849999999999996 0.4203333333333334 0.053999999999999965 0.034 0.1618333333333333 0.05916666666666666 0.14733333333333334 0.16066666666666665 0.03516666666666667 0.2058333333333333 0.08066666666666666 0.005666666666666666 0.2781666666666667 0.3508333333333333 0.6591666666666665 0.7893333333333332 0.6904999999999998 0.6726666666666666 0.6638333333333334 0.6483333333333333 
0.7551666666666668 0.6438333333333331 0.11083333333333333 0.22700000000000006 0.03383333333333333 0.09216666666666667 0.6735 0.21566666666666662 0.5053333333333335 0.047499999999999994 0.8000000000000003 0.04433333333333334 1.0 0.09633333333333331 0.544 0.25133333333333335 0.7970000000000002 0.747666666666667 0.2973333333333333 0.45916666666666667 0.3665000000000001 0.2121666666666666 0.0965 0.15499999999999997 0.0851666666666667 0.017500000000000005 0.05150000000000001 0.1335 0.791 0.6578333333333333 0.09400000000000003 0.22199999999999995 0.10283333333333333 0.19099999999999998 0.09716666666666665 0.09633333333333333 0.1075 0.3175000000000001 0.10066666666666667 0.2046666666666666 0.4929999999999999 0.37799999999999995 0.5791666666666665 0.6353333333333334 0.6481666666666668 0.6458333333333333 0.6629999999999999 0.6145000000000003 0.6598333333333335 0.6700000000000002 0.2216666666666667 0.6705 0.5950000000000003 0.5368333333333335 0.1881666666666666 0.41383333333333333 0.8023333333333332 0.7738333333333334 0.6506666666666666 0.5811666666666667 0.6618333333333335 0.22433333333333327 0.8013333333333332 0.7611666666666665 0.09716666666666665 0.083 0.096 0.08716666666666668 0.5321666666666667 0.4419999999999999 0.30199999999999994 0.3856666666666667 0.7146666666666666 0.6226666666666667 0.5046666666666666 0.7110000000000004 0.4796666666666665 0.5286666666666666 0.7358333333333331 0.5119999999999999 0.7120000000000001 0.7934999999999998 0.5286666666666665 0.5306666666666667 0.10149999999999998 0.07433333333333333 0.12066666666666669 0.09933333333333333 0.10366666666666666 0.16999999999999996 
0.13949999999999999 0.23616666666666664 0.30099999999999993 0.39083333333333337 0.5778333333333333 0.8989999999999999 0.0935 0.4198333333333334 0.547 0.8653333333333333 0.09066666666666665 0.5758333333333333 0.09633333333333331 1.0 0.428 0.7648333333333333 0.12333333333333331 0.11283333333333333 0.19716666666666666 0.10499999999999998 0.6809999999999998 0.8361666666666667 0.2598333333333333 0.2865 0.31133333333333335 0.7708333333333336 0.8443333333333333 0.906166666666667 0.124 0.21950000000000003 0.2756666666666667 0.18566666666666662 0.2521666666666666 0.183 0.26049999999999995 0.2676666666666666 0.2406666666666667 0.07133333333333333 0.2518333333333333 0.15583333333333335 0.5330000000000001 0.13099999999999995 0.11933333333333328 0.14833333333333332 0.12083333333333332 0.13399999999999998 0.10999999999999999 0.18966666666666665 0.12416666666666665 0.11233333333333331 0.30099999999999993 0.11283333333333331 0.12366666666666669 0.29616666666666663 0.3681666666666667 0.1305 0.11899999999999998 0.1213333333333333 0.3036666666666666 0.18933333333333333 0.16083333333333333 0.4076666666666668 0.11833333333333332 0.12533333333333332 0.25799999999999995 0.4143333333333332 0.26249999999999996 0.2871666666666667 0.25366666666666665 0.3133333333333333 0.21183333333333337 0.3078333333333334 0.10216666666666666 0.1668333333333333 0.29366666666666663 0.16666666666666669 0.2938333333333333 0.3581666666666667 0.19266666666666665 0.5098333333333334 0.2341666666666667 0.12516666666666665 0.134 0.4235 0.25 0.386 0.36000000000000015 0.2581666666666667 0.2615 0.2901666666666667 
0.6733333333333335 0.6250000000000001 0.21466666666666664 0.062 0.26866666666666666 0.4143333333333333 0.38983333333333337 0.05383333333333333 0.8591666666666667 0.35783333333333334 0.401 0.26500000000000007 0.544 0.428 1.0 0.5675000000000001 0.5358333333333335 0.4593333333333334 0.2725 0.3038333333333333 0.6671666666666667 0.5693333333333332 0.196 0.2008333333333334 0.213 0.2999999999999999 0.3661666666666667 0.47516666666666657 0.5328333333333335 0.4695 0.2046666666666667 0.08633333333333335 0.18916666666666668 0.05166666666666668 0.1978333333333334 0.19983333333333342 0.16966666666666672 0.105 0.18783333333333338 0.0655 0.769 0.22166666666666668 0.42450000000000004 0.5156666666666667 0.49983333333333335 0.5135 0.4908333333333335 0.5401666666666666 0.5095000000000001 0.4976666666666667 0.3439999999999999 0.49650000000000005 0.5243333333333335 0.6296666666666666 0.3640000000000001 0.21166666666666667 0.5325000000000001 0.5323333333333333 0.6526666666666666 0.4111666666666667 0.4559999999999998 0.1833333333333333 0.5280000000000001 0.5211666666666668 0.1955 0.2143333333333334 0.19800000000000004 0.21016666666666672 0.586 0.5445 0.04316666666666667 0.36800000000000005 0.39150000000000007 0.4668333333333332 0.2803333333333332 0.4788333333333334 0.5558333333333335 0.6655000000000001 0.556 0.7916666666666665 0.607 0.5308333333333334 0.4426666666666666 0.7348333333333334 0.18600000000000003 0.21200000000000002 0.2046666666666667 0.1916666666666667 0.20450000000000007 0.1261666666666667 
0.30383333333333323 0.4105 0.2088333333333334 0.22516666666666668 0.4359999999999999 0.7461666666666668 0.21733333333333338 0.27849999999999997 0.6829999999999999 0.7015 0.18850000000000006 0.46549999999999997 0.25133333333333335 0.7648333333333333 0.5675000000000001 1.0 0.2961666666666667 0.28633333333333333 0.26899999999999996 0.24366666666666664 0.8146666666666667 0.7731666666666667 0.16450000000000004 0.1845 0.21466666666666662 0.6214999999999999 0.6861666666666669 0.7985 0.29700000000000004 0.3914999999999999 0.1813333333333334 0.07566666666666666 0.16000000000000003 0.09983333333333333 0.16616666666666668 0.17249999999999996 0.14266666666666666 0.11916666666666668 0.15616666666666668 0.09133333333333331 0.7016666666666665 0.2663333333333333 0.28400000000000003 0.27883333333333327 0.2828333333333334 0.28516666666666673 0.2706666666666666 0.32850000000000007 0.29633333333333345 0.2843333333333333 0.24550000000000005 0.285 0.23516666666666666 0.4693333333333334 0.2195 0.22650000000000003 0.29083333333333333 0.29383333333333334 0.47449999999999987 0.29400000000000004 0.24616666666666664 0.25616666666666665 0.29 0.2981666666666667 0.16400000000000003 0.30800000000000005 0.16716666666666669 0.19100000000000006 0.42933333333333334 0.5056666666666666 0.1461666666666667 0.29833333333333334 0.28983333333333333 0.33533333333333337 0.3473333333333333 0.33516666666666667 0.4561666666666666 0.5193333333333332 0.3685 0.6793333333333331 0.40783333333333344 0.29716666666666675 0.2241666666666666 0.6018333333333333 0.155 0.27983333333333327 0.2571666666666667 0.16166666666666668 0.16599999999999998 0.22849999999999998 
0.6923333333333334 0.7441666666666668 0.009333333333333334 0.21300000000000005 0.0018333333333333335 0.10600000000000007 0.5935 0.1943333333333333 0.5251666666666666 0.053166666666666654 0.7196666666666667 0.0031666666666666666 0.7970000000000002 0.12333333333333331 0.5358333333333335 0.2961666666666667 1.0 0.8989999999999998 0.27266666666666667 0.45849999999999985 0.42800000000000005 0.26283333333333336 0.0 0.027000000000000007 0.0 0.0026666666666666666 0.06416666666666665 0.16599999999999995 0.9746666666666671 0.8420000000000001 0.0 0.12666666666666668 0.005333333333333333 0.0975 0.0 0.0 0.0033333333333333335 0.2571666666666666 0.007833333333333333 0.10350000000000001 0.5815000000000001 0.39099999999999985 0.6936666666666664 0.7590000000000002 0.7768333333333333 0.7759999999999999 0.7771666666666667 0.7209999999999996 0.8169999999999998 0.8105000000000001 0.1431666666666667 0.8061666666666666 0.5831666666666666 0.6401666666666667 0.14000000000000004 0.40666666666666673 0.978166666666667 0.9475000000000002 0.7673333333333332 0.6646666666666665 0.6078333333333333 0.17733333333333337 0.9673333333333335 0.9330000000000002 0.0 0.0003333333333333333 0.0 0.0 0.6526666666666668 0.4775 0.3385 0.38783333333333336 0.7565000000000001 0.7819999999999997 0.5946666666666668 0.7876666666666668 0.5253333333333334 0.6075 0.9154999999999999 0.6038333333333334 0.8793333333333332 0.974666666666667 0.5588333333333334 0.5566666666666668 0.004333333333333333 0.0006666666666666666 0.03666666666666667 0.0006666666666666666 0.002833333333333333 0.08433333333333332 
0.6228333333333332 0.6699999999999998 0.09416666666666673 0.21100000000000002 0.0778333333333334 0.09433333333333335 0.5533333333333331 0.20666666666666664 0.4469999999999999 0.043833333333333335 0.6665000000000001 0.007666666666666667 0.747666666666667 0.11283333333333333 0.4593333333333334 0.28633333333333333 0.8989999999999998 1.0 0.35383333333333333 0.5370000000000001 0.4171666666666667 0.252 0.07833333333333341 0.03566666666666668 0.07816666666666673 0.0036666666666666666 0.05933333333333332 0.1536666666666666 0.8893333333333332 0.8530000000000001 0.07816666666666673 0.19333333333333327 0.08366666666666671 0.18049999999999997 0.07816666666666673 0.07600000000000007 0.08200000000000005 0.3408333333333334 0.08616666666666674 0.1845 0.5023333333333331 0.45949999999999996 0.7626666666666666 0.6925 0.7008333333333333 0.7088333333333332 0.7138333333333332 0.6521666666666667 0.7331666666666665 0.7391666666666664 0.22983333333333328 0.7363333333333334 0.5111666666666667 0.5561666666666667 0.06166666666666667 0.49266666666666675 0.9016666666666664 0.8651666666666664 0.6823333333333333 0.5870000000000001 0.5406666666666666 0.1605 0.8898333333333338 0.8496666666666666 0.07816666666666673 0.003333333333333333 0.07833333333333341 0.0743333333333334 0.6006666666666666 0.5501666666666668 0.4266666666666667 0.4753333333333334 0.8516666666666667 0.6973333333333332 0.6074999999999999 0.7158333333333335 0.5494999999999999 0.5191666666666668 0.8266666666666665 0.5151666666666667 0.7898333333333332 0.8918333333333333 0.47900000000000004 0.5081666666666667 0.0823333333333334 0.03516666666666668 0.046000000000000006 0.07900000000000007 0.07383333333333336 0.127 
0.22083333333333333 0.19583333333333333 0.41533333333333333 0.3903333333333332 0.43883333333333335 0.2286666666666667 0.5573333333333333 0.3859999999999998 0.27599999999999997 0.27166666666666667 0.4155000000000001 0.34116666666666673 0.2973333333333333 0.19716666666666666 0.2725 0.26899999999999996 0.27266666666666667 0.35383333333333333 1.0 0.6521666666666667 0.2729999999999999 0.18566666666666667 0.41166666666666674 0.3598333333333333 0.4028333333333334 0.31483333333333335 0.25433333333333347 0.19433333333333336 0.28833333333333333 0.3243333333333333 0.4106666666666666 0.591 0.41966666666666674 0.6116666666666667 0.4121666666666667 0.4073333333333333 0.42516666666666675 0.7240000000000001 0.4103333333333333 0.5966666666666666 0.2841666666666666 0.5471666666666667 0.5359999999999999 0.3956666666666667 0.4481666666666666 0.3965000000000001 0.44183333333333313 0.3888333333333334 0.41383333333333316 0.41250000000000014 0.2801666666666666 0.41233333333333333 0.22416666666666668 0.49916666666666665 0.26466666666666666 0.5586666666666668 0.27883333333333327 0.3098333333333334 0.36033333333333345 0.38249999999999995 0.21583333333333343 0.284 0.2898333333333333 0.3135 0.4125 0.29400000000000004 0.4110000000000001 0.4074999999999999 0.5505 0.6238333333333331 0.5326666666666666 0.2401666666666667 0.43983333333333335 0.38683333333333336 0.3691666666666668 0.3156666666666667 0.584 0.43150000000000005 0.253 0.2896666666666667 0.30650000000000005 0.2823333333333332 0.24616666666666664 0.29866666666666664 0.41200000000000003 0.3186666666666666 0.31866666666666665 0.4083333333333334 0.40433333333333343 0.414 
0.38566666666666655 0.35533333333333345 0.2626666666666667 0.42199999999999993 0.22699999999999995 0.08566666666666667 0.6070000000000002 0.37750000000000006 0.30816666666666653 0.08533333333333333 0.4816666666666667 0.13366666666666668 0.45916666666666667 0.10499999999999998 0.3038333333333333 0.24366666666666664 0.45849999999999985 0.5370000000000001 0.6521666666666667 1.0 0.3005000000000001 0.16549999999999998 0.2681666666666666 0.24316666666666656 0.2663333333333333 0.09683333333333331 0.117 0.11083333333333335 0.47416666666666674 0.4718333333333332 0.26899999999999996 0.5454999999999999 0.2781666666666666 0.5225 0.2695 0.26483333333333337 0.30883333333333335 0.7206666666666667 0.26866666666666666 0.5328333333333335 0.3213333333333334 0.7243333333333334 0.7504999999999998 0.5978333333333332 0.6618333333333333 0.6003333333333333 0.6508333333333333 0.5596666666666666 0.624 0.624 0.31699999999999995 0.6263333333333333 0.44149999999999984 0.5623333333333332 0.14716666666666664 0.7384999999999999 0.46783333333333343 0.5046666666666667 0.4210000000000001 0.6415000000000002 0.3413333333333333 0.22366666666666674 0.477 0.5096666666666667 0.26916666666666667 0.1635 0.268 0.251 0.6203333333333332 0.6410000000000001 0.48 0.40716666666666684 0.6256666666666668 0.5881666666666665 0.5321666666666667 0.5023333333333333 0.6601666666666667 0.4930000000000001 0.41716666666666663 0.327 0.3973333333333333 0.46649999999999986 0.283 0.3226666666666667 0.27016666666666667 0.19866666666666666 0.1861666666666667 0.284 0.262 0.36583333333333334 
0.4276666666666668 0.5353333333333334 0.11700000000000003 0.1173333333333333 0.38799999999999996 0.6596666666666667 0.2743333333333333 0.1365 0.7861666666666669 0.5868333333333333 0.24383333333333332 0.31550000000000006 0.3665000000000001 0.6809999999999998 0.6671666666666667 0.8146666666666667 0.42800000000000005 0.4171666666666667 0.2729999999999999 0.3005000000000001 1.0 0.8243333333333334 0.07166666666666666 0.09766666666666665 0.1228333333333333 0.5170000000000001 0.6098333333333334 0.7271666666666665 0.42666666666666664 0.44849999999999995 0.0885 0.023000000000000003 0.07733333333333332 0.03583333333333334 0.0733333333333333 0.07883333333333332 0.05183333333333333 0.1125 0.06316666666666668 0.05016666666666665 0.8269999999999998 0.2586666666666667 0.40500000000000014 0.37633333333333324 0.4059999999999999 0.3913333333333333 0.39466666666666667 0.4348333333333333 0.4273333333333332 0.41550000000000004 0.22133333333333335 0.4163333333333334 0.3478333333333334 0.5985 0.18150000000000002 0.23200000000000007 0.42300000000000004 0.4258333333333333 0.5954999999999999 0.3321666666666668 0.2716666666666667 0.1423333333333333 0.41933333333333345 0.42166666666666663 0.071 0.18533333333333335 0.07383333333333332 0.09433333333333332 0.5568333333333334 0.5918333333333335 0.07933333333333335 0.2958333333333332 0.3866666666666667 0.4031666666666666 0.4229999999999999 0.3636666666666666 0.555 0.6301666666666667 0.47483333333333344 0.8131666666666666 0.5386666666666667 0.42249999999999993 0.24733333333333335 0.7264999999999996 0.06166666666666666 0.14200000000000002 0.1646666666666667 0.06816666666666667 0.07349999999999998 0.12816666666666665 
0.2761666666666666 0.3715 0.26833333333333326 0.25883333333333336 0.5388333333333333 0.8243333333333334 0.13316666666666666 0.2931666666666667 0.6875 0.7525 0.10799999999999998 0.47600000000000003 0.2121666666666666 0.8361666666666667 0.5693333333333332 0.7731666666666667 0.26283333333333336 0.252 0.18566666666666667 0.16549999999999998 0.8243333333333334 1.0 0.22283333333333338 0.24816666666666662 0.27416666666666667 0.6781666666666668 0.7678333333333334 0.8906666666666665 0.2626666666666667 0.28700000000000003 0.2396666666666667 0.14766666666666667 0.21433333333333338 0.14316666666666666 0.2245 0.23033333333333336 0.1998333333333334 0.042833333333333334 0.21466666666666673 0.11599999999999999 0.6721666666666666 0.11 0.2586666666666667 0.2840000000000001 0.26016666666666666 0.27449999999999997 0.2483333333333333 0.3265000000000002 0.264 0.25216666666666665 0.35850000000000004 0.2526666666666666 0.19183333333333333 0.43683333333333335 0.3281666666666667 0.08233333333333333 0.2586666666666667 0.26166666666666666 0.4391666666666667 0.17916666666666667 0.11866666666666668 0.3 0.2553333333333334 0.2585 0.22216666666666673 0.3441666666666666 0.2253333333333333 0.24666666666666662 0.39316666666666683 0.4496666666666665 0.1506666666666667 0.4005 0.23199999999999996 0.24299999999999994 0.26683333333333326 0.2133333333333334 0.42 0.49250000000000005 0.31249999999999994 0.6493333333333332 0.373 0.25916666666666666 0.10416666666666666 0.5631666666666666 0.21283333333333337 0.3001666666666667 0.3196666666666666 0.2193333333333334 0.2248333333333333 0.19283333333333336 
0.23199999999999996 0.17016666666666666 0.9316666666666668 0.32683333333333353 0.6786666666666668 0.3023333333333333 0.1555 0.4145 0.09016666666666666 0.3676666666666668 0.15333333333333335 0.6671666666666666 0.0965 0.2598333333333333 0.196 0.16450000000000004 0.0 0.07833333333333341 0.41166666666666674 0.2681666666666666 0.07166666666666666 0.22283333333333338 1.0 0.8721666666666665 0.9448333333333335 0.48066666666666663 0.37449999999999994 0.2448333333333334 0.0 0.05333333333333335 0.9781666666666671 0.6198333333333335 0.9828333333333336 0.7288333333333336 0.9928333333333336 0.9890000000000001 0.9478333333333333 0.5015000000000002 0.9850000000000001 0.7020000000000001 0.04983333333333333 0.3305 0.09433333333333335 0.04150000000000001 0.008 0.028666666666666667 0.004333333333333333 0.031333333333333345 0.0 0.0 0.8238333333333333 0.0 0.24383333333333332 0.0 0.7353333333333335 0.26316666666666666 0.0 0.0 0.0026666666666666666 0.04316666666666666 0.2205 0.5015 0.0 0.0 0.9945000000000002 0.8278333333333334 0.9925000000000003 0.9668333333333335 0.02066666666666667 0.19116666666666662 0.5043333333333334 0.5213333333333334 0.1463333333333334 0.001 0.035833333333333335 0.0335 0.07566666666666666 0.0055000000000000005 0.004999999999999999 0.049333333333333326 0.0 0.0 0.3791666666666667 0.16350000000000006 0.9846666666666668 0.8555000000000006 0.8468333333333337 0.9753333333333336 0.9861666666666669 0.6701666666666664 
0.273 0.17349999999999993 0.8086666666666668 0.41816666666666663 0.5798333333333332 0.32916666666666666 0.21000000000000008 0.4849999999999999 0.10850000000000003 0.3931666666666668 0.21849999999999994 0.6826666666666666 0.15499999999999997 0.2865 0.2008333333333334 0.1845 0.027000000000000007 0.03566666666666668 0.3598333333333333 0.24316666666666656 0.09766666666666665 0.24816666666666662 0.8721666666666665 1.0 0.8231666666666666 0.5008333333333334 0.3888333333333333 0.27149999999999996 0.027333333333333338 0.03 0.8539999999999996 0.6381666666666667 0.8628333333333331 0.6938333333333334 0.8701666666666666 0.8691666666666668 0.8740000000000001 0.47516666666666674 0.865 0.6743333333333332 0.053 0.3195 0.05433333333333334 0.0745 0.04133333333333334 0.061 0.038500000000000006 0.05883333333333335 0.03166666666666667 0.031666666666666676 0.6994999999999999 0.03333333333333333 0.25916666666666666 0.027000000000000003 0.7040000000000002 0.24499999999999997 0.027000000000000007 0.02683333333333334 0.024166666666666666 0.10099999999999998 0.2551666666666667 0.5783333333333333 0.0285 0.027166666666666672 0.8716666666666666 0.8390000000000002 0.8691666666666665 0.8503333333333333 0.04016666666666668 0.13466666666666666 0.4563333333333334 0.4714999999999999 0.09566666666666665 0.0325 0.09883333333333337 0.07316666666666667 0.06883333333333333 0.0245 0.034999999999999996 0.056833333333333326 0.024166666666666666 0.027166666666666672 0.3613333333333334 0.19933333333333325 0.871 0.8138333333333334 0.8258333333333334 0.8856666666666668 0.8768333333333334 0.6846666666666666 
0.19166666666666665 0.149 0.9325000000000001 0.32533333333333336 0.7295 0.35416666666666663 0.15 0.405 0.1388333333333333 0.4175 0.15033333333333335 0.6328333333333334 0.0851666666666667 0.31133333333333335 0.213 0.21466666666666662 0.0 0.07816666666666673 0.4028333333333334 0.2663333333333333 0.1228333333333333 0.27416666666666667 0.9448333333333335 0.8231666666666666 1.0 0.5319999999999999 0.4268333333333334 0.2966666666666665 0.0 0.0545 0.9590000000000002 0.6175 0.9363333333333336 0.7136666666666666 0.9470000000000002 0.9471666666666667 0.8976666666666666 0.4976666666666667 0.9351666666666669 0.6866666666666668 0.096 0.3251666666666667 0.09383333333333335 0.04150000000000001 0.007666666666666666 0.028666666666666667 0.004333333333333333 0.0325 0.0 0.0 0.7883333333333336 0.0 0.2298333333333334 0.0013333333333333333 0.7676666666666666 0.261 0.0 0.0 0.004 0.041999999999999996 0.20816666666666667 0.4898333333333332 0.0 0.0 0.9433333333333335 0.7861666666666666 0.946666666666667 0.9246666666666666 0.020333333333333335 0.17550000000000002 0.4978333333333332 0.4730000000000001 0.14450000000000007 0.0011666666666666668 0.04016666666666666 0.03133333333333333 0.07416666666666667 0.013000000000000003 0.010166666666666668 0.09699999999999999 0.0018333333333333335 0.0 0.361 0.1365 0.9348333333333336 0.8115000000000001 0.8241666666666666 0.9255000000000001 0.937 0.6351666666666667 
