1.0 0.06466666666666666 0.8595000000000002 0.4033333333333332 0.8136666666666664 0.37450000000000006 0.8586666666666667 0.49099999999999994 0.8345 0.15083333333333335 0.7981666666666666 0.11800000000000002 0.6636666666666667 0.49600000000000016 0.6018333333333331 0.48900000000000005 0.19533333333333336 0.012333333333333333 0.9191666666666667 0.5984999999999999 0.6178333333333335 0.6235000000000002 0.5974999999999999 0.42583333333333334 0.45350000000000024 0.0605 0.42899999999999994 0.5491666666666668 0.3526666666666667 0.012000000000000002 0.4093333333333334 0.2981666666666666 0.7785000000000001 0.7501666666666668 0.4210000000000001 0.42700000000000016 0.10383333333333333 0.013000000000000001 0.5058333333333331 0.604 0.5419999999999999 0.0105 0.7696666666666667 0.7271666666666668 0.722 0.3181666666666668 0.5286666666666665 0.05149999999999998 0.7408333333333332 0.42983333333333335 0.6169999999999998 0.011833333333333333 0.5408333333333332 0.23016666666666669 0.20600000000000002 0.49333333333333335 0.8024999999999999 0.014166666666666668 0.8903333333333334 0.04166666666666667 0.8138333333333335 0.013000000000000001 0.6961666666666666 0.012666666666666666 0.8361666666666666 0.04366666666666666 0.727333333333333 0.6211666666666669 0.8171666666666666 0.5935000000000001 0.15600000000000003 0.16699999999999995 0.49133333333333334 0.15650000000000003 0.4068333333333332 0.47 0.6148333333333332 0.07733333333333334 0.2848333333333333 0.012166666666666666 0.5393333333333331 0.01333333333333333 0.1721666666666667 0.012 0.6418333333333335 0.013166666666666667 0.5036666666666667 0.5010000000000001 0.8045000000000004 0.032833333333333346 
0.06466666666666666 1.0 0.08333333333333334 0.19033333333333333 0.09366666666666663 0.5499999999999999 0.02166666666666667 0.11866666666666666 0.08 0.5848333333333334 0.09400000000000004 0.7775000000000002 0.23550000000000001 0.1383333333333333 0.09183333333333332 0.16649999999999998 0.6510000000000001 0.7863333333333331 0.10566666666666666 0.2736666666666666 0.10433333333333332 0.099 0.09766666666666664 0.16133333333333333 0.10866666666666669 0.8175000000000001 0.12483333333333332 0.12633333333333335 0.36533333333333323 0.7824999999999999 0.21033333333333334 0.3665 0.07650000000000003 0.07966666666666669 0.09999999999999996 0.09799999999999998 0.5531666666666667 0.7856666666666667 0.03066666666666666 0.10533333333333333 0.12299999999999996 0.7828333333333332 0.006500000000000001 0.021 0.027333333333333324 0.12833333333333333 0.32116666666666666 0.7861666666666666 0.0045000000000000005 0.13766666666666671 0.03300000000000001 0.774 0.38050000000000006 0.5961666666666667 0.4108333333333333 0.08116666666666669 0.12099999999999998 0.7923333333333333 0.07233333333333333 0.7808333333333333 0.041000000000000016 0.7888333333333334 0.2208333333333333 0.7855 0.01633333333333334 0.8168333333333332 0.007333333333333334 0.07666666666666666 0.11283333333333331 0.02383333333333333 0.8301666666666666 0.6141666666666667 0.13316666666666666 0.8361666666666667 0.18549999999999997 0.2841666666666666 0.10149999999999995 0.7223333333333335 0.28100000000000014 0.7879999999999999 0.39266666666666666 0.7836666666666666 0.5308333333333334 0.785 0.07016666666666667 0.7745000000000001 0.12583333333333332 0.03816666666666666 0.07366666666666667 0.7471666666666665 
0.8595000000000002 0.08333333333333334 1.0 0.4698333333333333 0.7819999999999997 0.35316666666666663 0.8476666666666668 0.5886666666666667 0.8168333333333332 0.18683333333333338 0.7393333333333334 0.15166666666666667 0.6171666666666666 0.6095000000000002 0.7183333333333334 0.5498333333333334 0.2058333333333333 0.013833333333333333 0.7991666666666667 0.5309999999999999 0.6116666666666666 0.6176666666666667 0.7150000000000002 0.5438333333333332 0.49900000000000005 0.08883333333333335 0.5255000000000001 0.5498333333333334 0.44349999999999995 0.013333333333333332 0.5051666666666667 0.3686666666666667 0.7830000000000001 0.7951666666666667 0.5131666666666664 0.5198333333333333 0.10333333333333332 0.014333333333333332 0.5130000000000001 0.6181666666666669 0.6071666666666667 0.012666666666666666 0.7586666666666667 0.7353333333333335 0.7368333333333336 0.40549999999999997 0.4666666666666668 0.076 0.7353333333333333 0.5106666666666665 0.6531666666666668 0.012499999999999997 0.5009999999999999 0.288 0.2163333333333333 0.49683333333333346 0.7311666666666666 0.014166666666666668 0.7971666666666666 0.044333333333333336 0.8089999999999999 0.014166666666666666 0.6255 0.013833333333333333 0.8288333333333335 0.0705 0.7146666666666666 0.6063333333333333 0.7509999999999999 0.5571666666666665 0.1376666666666666 0.1928333333333333 0.5583333333333332 0.13916666666666663 0.4724999999999999 0.5306666666666666 0.5963333333333335 0.075 0.285 0.013166666666666667 0.5019999999999999 0.014499999999999997 0.18400000000000005 0.013333333333333334 0.7176666666666667 0.014166666666666662 0.6198333333333335 0.5181666666666667 0.7968333333333335 0.023666666666666673 
0.4033333333333332 0.19033333333333333 0.4698333333333333 1.0 0.5538333333333333 0.43800000000000006 0.4346666666666667 0.6455 0.5494999999999999 0.2418333333333333 0.31000000000000005 0.1 0.11766666666666667 0.5844999999999999 0.5159999999999999 0.8165 0.08533333333333333 0.058166666666666665 0.41366666666666674 0.47266666666666646 0.7091666666666667 0.7150000000000002 0.5245000000000002 0.6579999999999999 0.5115 0.07350000000000001 0.5926666666666668 0.4946666666666665 0.2716666666666667 0.05500000000000001 0.5391666666666666 0.4003333333333333 0.32083333333333336 0.3484999999999999 0.5413333333333332 0.5428333333333333 0.14133333333333334 0.06483333333333331 0.4988333333333334 0.7298333333333332 0.8141666666666668 0.08466666666666665 0.32633333333333325 0.3643333333333333 0.3571666666666667 0.6598333333333332 0.030999999999999993 0.052166666666666674 0.34916666666666674 0.5348333333333333 0.43400000000000005 0.058166666666666665 0.03149999999999999 0.3276666666666667 0.37616666666666654 0.545 0.21933333333333327 0.06716666666666668 0.3056666666666667 0.09316666666666665 0.37 0.06199999999999999 0.11350000000000002 0.058166666666666665 0.42183333333333345 0.05000000000000001 0.34100000000000014 0.3411666666666667 0.23699999999999988 0.4260000000000001 0.2825 0.5459999999999998 0.8506666666666667 0.276 0.9680000000000005 0.728333333333333 0.28866666666666657 0.102 0.373 0.06133333333333332 0.03266666666666666 0.058166666666666665 0.5018333333333334 0.05716666666666667 0.3898333333333332 0.05583333333333333 0.5106666666666664 0.5153333333333334 0.5786666666666666 0.05433333333333334 
0.8136666666666664 0.09366666666666663 0.7819999999999997 0.5538333333333333 1.0 0.4371666666666667 0.8390000000000001 0.4976666666666666 0.938166666666667 0.136 0.7224999999999998 0.043 0.53 0.4971666666666666 0.6316666666666667 0.5891666666666666 0.1421666666666667 0.025999999999999995 0.8056666666666668 0.5855 0.7783333333333331 0.7851666666666666 0.6008333333333333 0.4418333333333333 0.5870000000000001 0.01133333333333334 0.563 0.6686666666666669 0.3288333333333333 0.02166666666666667 0.38416666666666677 0.26049999999999995 0.7351666666666667 0.7304999999999999 0.5185 0.5223333333333331 0.11933333333333333 0.026000000000000002 0.6088333333333336 0.7633333333333334 0.6888333333333333 0.02633333333333333 0.7378333333333335 0.745 0.7280000000000001 0.4341666666666666 0.42716666666666664 0.014333333333333339 0.7494999999999998 0.5488333333333332 0.6868333333333332 0.026499999999999996 0.4318333333333333 0.22999999999999995 0.2578333333333333 0.6366666666666666 0.6293333333333334 0.03116666666666666 0.7158333333333334 0.037166666666666674 0.7838333333333333 0.02783333333333333 0.5241666666666667 0.025666666666666667 0.8231666666666666 0.01733333333333334 0.7406666666666665 0.6641666666666666 0.6476666666666665 0.6188333333333336 0.187 0.23149999999999996 0.6505 0.18766666666666673 0.5588333333333333 0.6153333333333332 0.6390000000000002 0.031833333333333325 0.4111666666666666 0.027666666666666666 0.4293333333333333 0.0255 0.1956666666666666 0.023500000000000007 0.6403333333333333 0.02416666666666667 0.5398333333333334 0.6146666666666668 0.8903333333333336 0.033499999999999995 
0.37450000000000006 0.5499999999999999 0.35316666666666663 0.43800000000000006 0.4371666666666667 1.0 0.3458333333333332 0.32300000000000006 0.4161666666666667 0.602 0.24533333333333338 0.4381666666666667 0.09899999999999999 0.26433333333333336 0.26516666666666666 0.442 0.3673333333333334 0.5486666666666669 0.4008333333333334 0.38983333333333337 0.41916666666666663 0.415 0.25650000000000006 0.31966666666666665 0.268 0.5006666666666666 0.2726666666666668 0.3256666666666666 0.052333333333333336 0.5443333333333333 0.29350000000000004 0.09933333333333336 0.27866666666666673 0.2715000000000001 0.32100000000000006 0.32049999999999995 0.2756666666666667 0.5458333333333334 0.281 0.40583333333333343 0.38933333333333336 0.5358333333333334 0.2763333333333333 0.2766666666666666 0.2755 0.2663333333333333 0.11249999999999996 0.5271666666666668 0.27249999999999996 0.2536666666666666 0.2756666666666666 0.5559999999999998 0.1066666666666667 0.7044999999999998 0.49999999999999983 0.2998333333333333 0.2545 0.5529999999999999 0.32650000000000007 0.5218333333333334 0.31550000000000006 0.55 0.15516666666666667 0.5476666666666666 0.33616666666666667 0.5365000000000001 0.2758333333333333 0.36366666666666675 0.2723333333333333 0.2923333333333332 0.6386666666666666 0.376 0.3965000000000001 0.6385 0.4343333333333333 0.5998333333333332 0.19249999999999998 0.4706666666666666 0.09416666666666666 0.5496666666666666 0.10949999999999996 0.5478333333333334 0.26466666666666666 0.5468333333333334 0.21866666666666654 0.545 0.22716666666666657 0.2803333333333333 0.4075 0.5436666666666666 
0.8586666666666667 0.02166666666666667 0.8476666666666668 0.4346666666666667 0.8390000000000001 0.3458333333333332 1.0 0.6268333333333334 0.8650000000000001 0.21066666666666664 0.8668333333333332 0.16216666666666665 0.6783333333333331 0.6345000000000002 0.7403333333333333 0.5245000000000001 0.23899999999999996 0.0 0.7933333333333334 0.5063333333333335 0.648 0.6543333333333333 0.7364999999999998 0.5643333333333332 0.5556666666666666 0.10283333333333335 0.5375000000000002 0.6188333333333333 0.4324999999999999 0.0 0.5078333333333334 0.38166666666666665 0.8818333333333332 0.8814999999999997 0.5160000000000001 0.5391666666666667 0.09266666666666667 0.0 0.5973333333333334 0.6336666666666666 0.5766666666666669 0.0 0.8713333333333335 0.8595 0.8033333333333332 0.3858333333333333 0.5304999999999999 0.08933333333333335 0.8291666666666667 0.4953333333333333 0.7061666666666666 0.0011666666666666668 0.5656666666666667 0.3021666666666667 0.20083333333333328 0.5546666666666664 0.7738333333333336 0.0 0.8375 0.015166666666666669 0.9295000000000003 0.0 0.6686666666666666 0.0 0.9661666666666672 0.0831666666666667 0.8050000000000002 0.6903333333333334 0.7925 0.6371666666666667 0.09716666666666668 0.1286666666666667 0.5255000000000001 0.09800000000000003 0.44150000000000006 0.5061666666666668 0.6741666666666666 0.046000000000000006 0.33366666666666667 0.0 0.5631666666666666 0.0 0.11466666666666664 0.0 0.7368333333333332 0.0 0.6395000000000003 0.6008333333333333 0.8353333333333335 0.010333333333333335 
0.49099999999999994 0.11866666666666666 0.5886666666666667 0.6455 0.4976666666666666 0.32300000000000006 0.6268333333333334 1.0 0.5185000000000001 0.34283333333333327 0.5225 0.29900000000000004 0.40766666666666673 0.8944999999999997 0.7808333333333334 0.7703333333333333 0.26649999999999996 0.03533333333333333 0.42649999999999993 0.23433333333333323 0.40416666666666673 0.4063333333333334 0.8025000000000001 0.8831666666666664 0.4181666666666667 0.2151666666666667 0.5075 0.40649999999999986 0.5298333333333334 0.03633333333333333 0.8573333333333335 0.6893333333333334 0.6175 0.6448333333333331 0.5998333333333332 0.6371666666666667 0.0335 0.03533333333333333 0.3899999999999999 0.42300000000000004 0.5261666666666668 0.03983333333333333 0.5645 0.6196666666666667 0.5315 0.5380000000000001 0.24650000000000002 0.1733333333333334 0.5361666666666666 0.5463333333333332 0.4818333333333334 0.03633333333333333 0.3144999999999999 0.4588333333333335 0.2051666666666666 0.34716666666666673 0.5098333333333332 0.03533333333333333 0.5265000000000002 0.06899999999999999 0.6591666666666666 0.035666666666666666 0.4075 0.03483333333333333 0.6495000000000001 0.17066666666666666 0.491 0.42016666666666663 0.5266666666666667 0.3420000000000002 0.1256666666666667 0.3036666666666667 0.5448333333333335 0.1306666666666667 0.6386666666666667 0.5318333333333333 0.3606666666666666 0.10683333333333335 0.16766666666666669 0.03516666666666666 0.3226666666666666 0.034666666666666665 0.25183333333333324 0.03566666666666666 0.586 0.034999999999999996 0.7509999999999999 0.42183333333333345 0.5103333333333333 0.03283333333333333 
0.8345 0.08 0.8168333333333332 0.5494999999999999 0.938166666666667 0.4161666666666667 0.8650000000000001 0.5185000000000001 1.0 0.13316666666666666 0.7433333333333333 0.05866666666666665 0.5500000000000002 0.5206666666666667 0.6563333333333332 0.5946666666666666 0.13333333333333333 0.013166666666666669 0.8206666666666668 0.5793333333333331 0.7688333333333334 0.7770000000000001 0.632 0.4718333333333334 0.5725000000000001 0.010333333333333337 0.5538333333333332 0.6355 0.3498333333333333 0.008833333333333334 0.4005 0.27733333333333327 0.7539999999999999 0.7586666666666667 0.5253333333333334 0.5251666666666668 0.11299999999999999 0.013833333333333333 0.5991666666666667 0.7549999999999999 0.6988333333333334 0.018333333333333337 0.7583333333333333 0.7445 0.7489999999999999 0.4253333333333334 0.43633333333333346 0.009500000000000003 0.7628333333333334 0.5388333333333333 0.7053333333333331 0.012500000000000002 0.4398333333333334 0.21983333333333324 0.24833333333333332 0.6210000000000002 0.6471666666666667 0.019833333333333335 0.7356666666666666 0.03166666666666667 0.8020000000000002 0.015500000000000003 0.5408333333333334 0.012500000000000002 0.8473333333333332 0.005333333333333333 0.7539999999999998 0.6598333333333335 0.6663333333333331 0.6111666666666667 0.1815 0.22883333333333333 0.6478333333333333 0.17833333333333332 0.5563333333333333 0.6084999999999999 0.6495000000000002 0.03333333333333333 0.4046666666666667 0.01516666666666667 0.4385 0.012833333333333337 0.21100000000000002 0.011166666666666668 0.6716666666666665 0.010500000000000002 0.5569999999999999 0.6071666666666666 0.9253333333333335 0.018000000000000002 
0.15083333333333335 0.5848333333333334 0.18683333333333338 0.2418333333333333 0.136 0.602 0.21066666666666664 0.34283333333333327 0.13316666666666666 1.0 0.23199999999999996 0.6808333333333332 0.1985 0.3236666666666666 0.2821666666666667 0.25849999999999995 0.5783333333333335 0.5666666666666668 0.14583333333333337 0.16683333333333336 0.1385 0.1386666666666667 0.293 0.36300000000000004 0.23416666666666663 0.6984999999999999 0.2170000000000001 0.18566666666666667 0.29883333333333334 0.5691666666666666 0.4238333333333333 0.3228333333333333 0.2331666666666666 0.2403333333333333 0.34150000000000014 0.3766666666666666 0.33116666666666666 0.5655 0.26050000000000006 0.14666666666666667 0.1653333333333333 0.5633333333333335 0.2913333333333334 0.3203333333333333 0.2323333333333333 0.3013333333333334 0.31799999999999995 0.6950000000000002 0.2566666666666667 0.2596666666666667 0.22749999999999992 0.6395 0.27266666666666667 0.7813333333333331 0.4631666666666665 0.1373333333333334 0.2285 0.5661666666666666 0.20366666666666666 0.5619999999999999 0.2303333333333333 0.5663333333333334 0.2546666666666666 0.5661666666666667 0.22366666666666662 0.6606666666666667 0.23783333333333334 0.29950000000000004 0.23916666666666664 0.23483333333333334 0.5988333333333333 0.36133333333333334 0.17966666666666664 0.5931666666666667 0.2333333333333333 0.3613333333333334 0.22150000000000003 0.6003333333333333 0.13433333333333336 0.567 0.26799999999999996 0.5653333333333335 0.26149999999999995 0.5676666666666668 0.2586666666666667 0.6015 0.32650000000000007 0.2748333333333333 0.13433333333333336 0.6036666666666669 
0.7981666666666666 0.09400000000000004 0.7393333333333334 0.31000000000000005 0.7224999999999998 0.24533333333333338 0.8668333333333332 0.5225 0.7433333333333333 0.23199999999999996 1.0 0.25183333333333324 0.7923333333333332 0.5298333333333334 0.6358333333333335 0.3998333333333332 0.33049999999999996 0.0776666666666667 0.7354999999999998 0.44 0.5278333333333333 0.5326666666666667 0.6586666666666667 0.4588333333333332 0.4563333333333331 0.1908333333333333 0.4318333333333333 0.5241666666666664 0.5085000000000002 0.07783333333333337 0.41933333333333345 0.45483333333333326 0.8013333333333335 0.7839999999999998 0.4013333333333333 0.42966666666666664 0.17099999999999993 0.0776666666666667 0.5003333333333334 0.5115000000000001 0.4519999999999999 0.0776666666666667 0.7814999999999999 0.7588333333333332 0.6941666666666668 0.2753333333333334 0.6191666666666664 0.17616666666666664 0.7203333333333335 0.39433333333333337 0.5926666666666667 0.07883333333333337 0.6608333333333333 0.223 0.11350000000000002 0.45166666666666666 0.7484999999999999 0.0776666666666667 0.789833333333333 0.09933333333333337 0.845333333333333 0.0776666666666667 0.7893333333333331 0.0776666666666667 0.8686666666666666 0.17116666666666666 0.7078333333333333 0.5966666666666665 0.7510000000000001 0.548333333333333 0.1666666666666667 0.18966666666666673 0.40066666666666684 0.166 0.31649999999999995 0.38116666666666665 0.7310000000000001 0.1345 0.4025 0.0776666666666667 0.6615000000000001 0.0776666666666667 0.18266666666666662 0.0776666666666667 0.6781666666666666 0.0776666666666667 0.5458333333333334 0.4971666666666666 0.713166666666667 0.09283333333333336 
0.11800000000000002 0.7775000000000002 0.15166666666666667 0.1 0.043 0.4381666666666667 0.16216666666666665 0.29900000000000004 0.05866666666666665 0.6808333333333332 0.25183333333333324 1.0 0.41133333333333333 0.32400000000000007 0.27033333333333337 0.15183333333333335 0.7148333333333333 0.6759999999999999 0.11266666666666664 0.18316666666666667 0.01 0.008333333333333333 0.2713333333333334 0.338 0.1231666666666667 0.9 0.149 0.12883333333333333 0.5405 0.6775000000000001 0.39883333333333326 0.5326666666666666 0.2591666666666667 0.26200000000000007 0.08533333333333333 0.12116666666666667 0.4641666666666666 0.6748333333333332 0.05199999999999999 0.014000000000000002 0.02966666666666667 0.68 0.15933333333333333 0.1956666666666667 0.10166666666666668 0.09099999999999998 0.43999999999999995 0.8368333333333332 0.11166666666666668 0.10833333333333335 0.04183333333333333 0.677 0.5316666666666666 0.691 0.36749999999999994 0.007166666666666667 0.29566666666666663 0.6761666666666667 0.2118333333333333 0.662 0.21716666666666667 0.6763333333333335 0.40050000000000013 0.6754999999999999 0.17966666666666664 0.8539999999999999 0.08333333333333331 0.055 0.2873333333333333 0.032 0.7103333333333333 0.5026666666666667 0.03833333333333335 0.7035000000000002 0.09133333333333332 0.18033333333333332 0.13 0.6598333333333334 0.21350000000000002 0.6758333333333333 0.5443333333333333 0.674 0.44300000000000006 0.6766666666666667 0.1703333333333334 0.6739999999999999 0.30749999999999994 0.07299999999999997 0.06116666666666665 0.6541666666666667 
0.6636666666666667 0.23550000000000001 0.6171666666666666 0.11766666666666667 0.53 0.09899999999999999 0.6783333333333331 0.40766666666666673 0.5500000000000002 0.1985 0.7923333333333332 0.41133333333333333 1.0 0.45266666666666666 0.5486666666666669 0.20833333333333331 0.4766666666666666 0.19149999999999998 0.6071666666666666 0.3813333333333333 0.3363333333333333 0.3403333333333333 0.5463333333333332 0.3484999999999999 0.3899999999999999 0.36 0.3534999999999999 0.44666666666666655 0.6521666666666667 0.19149999999999998 0.36800000000000016 0.5538333333333333 0.7304999999999998 0.7058333333333334 0.27116666666666667 0.3071666666666666 0.287 0.1918333333333333 0.3735 0.3203333333333333 0.2586666666666667 0.1908333333333333 0.6561666666666665 0.6448333333333334 0.5611666666666666 0.17183333333333334 0.7409999999999998 0.33416666666666656 0.5845000000000001 0.3106666666666667 0.45849999999999996 0.19316666666666663 0.8240000000000002 0.193 0.09200000000000001 0.31716666666666654 0.7418333333333331 0.19149999999999998 0.7315 0.21833333333333335 0.7343333333333334 0.19166666666666665 0.8365000000000002 0.19166666666666665 0.6916666666666665 0.34133333333333327 0.5775000000000001 0.4643333333333332 0.7351666666666666 0.43150000000000005 0.21799999999999997 0.23533333333333326 0.20850000000000002 0.2206666666666667 0.12500000000000003 0.1893333333333333 0.6131666666666665 0.26333333333333336 0.4536666666666666 0.19133333333333333 0.8240000000000002 0.19266666666666662 0.25083333333333324 0.19149999999999995 0.5531666666666667 0.19349999999999995 0.504 0.37450000000000006 0.5194999999999999 0.20999999999999994 
0.49600000000000016 0.1383333333333333 0.6095000000000002 0.5844999999999999 0.4971666666666666 0.26433333333333336 0.6345000000000002 0.8944999999999997 0.5206666666666667 0.3236666666666666 0.5298333333333334 0.32400000000000007 0.45266666666666666 1.0 0.8359999999999999 0.6851666666666667 0.29516666666666663 0.0185 0.4316666666666667 0.23366666666666663 0.38350000000000006 0.38533333333333336 0.8321666666666667 0.8635 0.4730000000000001 0.24216666666666664 0.5773333333333333 0.48766666666666664 0.6088333333333333 0.019499999999999997 0.8221666666666667 0.6275 0.7148333333333333 0.7430000000000002 0.6250000000000001 0.6596666666666665 0.05100000000000002 0.018666666666666665 0.4235 0.40366666666666673 0.5126666666666666 0.022333333333333334 0.6215 0.6714999999999999 0.5840000000000001 0.5541666666666666 0.2916666666666667 0.18050000000000005 0.5856666666666667 0.5756666666666667 0.5286666666666665 0.018666666666666665 0.3899999999999999 0.48016666666666674 0.19566666666666663 0.3736666666666666 0.6006666666666663 0.018666666666666665 0.5519999999999998 0.05583333333333333 0.6796666666666665 0.019 0.5028333333333334 0.018166666666666668 0.6568333333333334 0.19650000000000006 0.5456666666666667 0.46016666666666667 0.6168333333333333 0.3878333333333333 0.061833333333333323 0.24549999999999994 0.5231666666666667 0.0675 0.5854999999999999 0.49700000000000016 0.4126666666666667 0.095 0.18999999999999992 0.018333333333333333 0.401 0.018000000000000002 0.22399999999999998 0.018666666666666665 0.6398333333333334 0.01833333333333333 0.8279999999999998 0.4535 0.5131666666666667 0.0165 
0.6018333333333331 0.09183333333333332 0.7183333333333334 0.5159999999999999 0.6316666666666667 0.26516666666666666 0.7403333333333333 0.7808333333333334 0.6563333333333332 0.2821666666666667 0.6358333333333335 0.27033333333333337 0.5486666666666669 0.8359999999999999 1.0 0.5893333333333333 0.2676666666666666 0.0 0.5385 0.3141666666666667 0.5281666666666667 0.5338333333333334 0.8864999999999996 0.7636666666666665 0.6035 0.19283333333333336 0.6986666666666668 0.5883333333333334 0.6768333333333332 0.0 0.7055 0.5255 0.7928333333333335 0.8213333333333331 0.6798333333333333 0.7199999999999999 0.1075 0.0 0.5569999999999999 0.5505 0.6408333333333335 0.0 0.7131666666666666 0.7759999999999998 0.6735 0.5565 0.3865000000000001 0.15533333333333338 0.6870000000000002 0.6645000000000002 0.6451666666666669 0.0003333333333333333 0.47600000000000015 0.4296666666666668 0.21366666666666675 0.5076666666666667 0.6789999999999999 0.0 0.6505000000000001 0.02383333333333333 0.7855000000000001 0.0 0.5801666666666668 0.0 0.7615000000000001 0.16633333333333333 0.6416666666666667 0.5240000000000001 0.694 0.47450000000000014 0.042166666666666665 0.1795 0.6111666666666666 0.047 0.5261666666666666 0.58 0.509 0.054833333333333324 0.31983333333333336 0.0 0.4806666666666668 0.0 0.1493333333333333 0.0 0.7263333333333333 0.00016666666666666666 0.8826666666666664 0.5870000000000001 0.6388333333333334 0.0011666666666666668 
0.48900000000000005 0.16649999999999998 0.5498333333333334 0.8165 0.5891666666666666 0.442 0.5245000000000001 0.7703333333333333 0.5946666666666666 0.25849999999999995 0.3998333333333332 0.15183333333333335 0.20833333333333331 0.6851666666666667 0.5893333333333333 1.0 0.10850000000000001 0.06249999999999998 0.4866666666666667 0.35950000000000004 0.5693333333333334 0.5726666666666668 0.6153333333333332 0.7675 0.3843333333333333 0.08883333333333333 0.4584999999999998 0.38433333333333336 0.3446666666666666 0.060666666666666653 0.6629999999999999 0.5195000000000001 0.4101666666666668 0.4385 0.5713333333333334 0.5741666666666667 0.03133333333333333 0.06683333333333331 0.3753333333333332 0.5906666666666667 0.6743333333333333 0.07416666666666662 0.41600000000000015 0.4585 0.4466666666666667 0.5513333333333333 0.1166666666666667 0.06566666666666665 0.44166666666666665 0.5429999999999999 0.42750000000000005 0.06166666666666664 0.11766666666666667 0.3386666666666667 0.2451666666666666 0.4061666666666667 0.3053333333333333 0.06733333333333331 0.3919999999999999 0.09483333333333331 0.4598333333333334 0.06533333333333331 0.20099999999999998 0.06283333333333331 0.5131666666666669 0.05499999999999999 0.4066666666666666 0.3846666666666666 0.32400000000000007 0.3268333333333333 0.27699999999999997 0.47783333333333344 0.7091666666666666 0.2753333333333333 0.8203333333333334 0.7116666666666666 0.29733333333333334 0.1085 0.23266666666666666 0.06416666666666665 0.11900000000000002 0.06183333333333332 0.3846666666666666 0.061499999999999985 0.4748333333333335 0.05933333333333332 0.5726666666666668 0.3943333333333332 0.5945 0.05716666666666666 
0.19533333333333336 0.6510000000000001 0.2058333333333333 0.08533333333333333 0.1421666666666667 0.3673333333333334 0.23899999999999996 0.26649999999999996 0.13333333333333333 0.5783333333333335 0.33049999999999996 0.7148333333333333 0.4766666666666666 0.29516666666666663 0.2676666666666666 0.10850000000000001 1.0 0.6338333333333334 0.19383333333333333 0.23049999999999998 0.07516666666666666 0.07149999999999998 0.2803333333333333 0.243 0.16033333333333333 0.7503333333333334 0.16683333333333333 0.17750000000000005 0.5291666666666669 0.6356666666666666 0.3351666666666665 0.513 0.29549999999999993 0.29783333333333334 0.1953333333333333 0.22799999999999992 0.5201666666666666 0.6311666666666667 0.10933333333333334 0.07383333333333333 0.08916666666666667 0.6255 0.2341666666666667 0.25916666666666666 0.18566666666666667 0.1475 0.5008333333333332 0.7245000000000001 0.18466666666666667 0.17300000000000001 0.14233333333333328 0.5968333333333333 0.5909999999999997 0.5568333333333334 0.28216666666666673 0.10766666666666666 0.33116666666666666 0.633 0.2739999999999999 0.6231666666666666 0.288 0.6336666666666667 0.4331666666666665 0.6335 0.2576666666666667 0.7346666666666667 0.17600000000000002 0.23983333333333326 0.3228333333333333 0.142 0.6316666666666667 0.41899999999999993 0.0815 0.6258333333333334 0.08316666666666665 0.20850000000000002 0.275 0.6279999999999999 0.3203333333333333 0.6331666666666667 0.5944999999999999 0.632 0.41266666666666657 0.6343333333333333 0.2701666666666666 0.6278333333333334 0.27649999999999997 0.11866666666666666 0.12083333333333333 0.6244999999999999 
0.012333333333333333 0.7863333333333331 0.013833333333333333 0.058166666666666665 0.025999999999999995 0.5486666666666669 0.0 0.03533333333333333 0.013166666666666669 0.5666666666666668 0.0776666666666667 0.6759999999999999 0.19149999999999998 0.0185 0.0 0.06249999999999998 0.6338333333333334 1.0 0.047499999999999994 0.2163333333333333 0.017333333333333336 0.011166666666666667 0.019666666666666666 0.060500000000000005 0.0265 0.7699999999999996 0.008166666666666668 0.023333333333333334 0.25250000000000006 0.9898333333333335 0.1 0.2906666666666668 0.0 0.0 0.114 0.07900000000000001 0.7044999999999999 0.9875000000000002 0.017166666666666667 0.016000000000000004 0.011166666666666668 0.9648333333333339 0.0115 0.0006666666666666666 0.08600000000000002 0.11800000000000001 0.3348333333333333 0.8013333333333335 0.0425 0.17450000000000002 0.055166666666666676 0.9096666666666667 0.33 0.5071666666666665 0.4471666666666667 0.1665 0.04666666666666667 0.987166666666667 0.03100000000000001 0.9383333333333331 0.0 0.9916666666666668 0.14649999999999996 0.9930000000000002 0.0 0.8185000000000003 0.03766666666666667 0.13849999999999996 0.03966666666666667 0.034833333333333334 0.7635 0.4916666666666666 0.014166666666666668 0.7709999999999998 0.054000000000000006 0.21883333333333332 0.1516666666666667 0.8146666666666667 0.3536666666666668 0.9916666666666668 0.3265 0.9925000000000002 0.4495 0.9923333333333333 0.1133333333333333 0.9441666666666666 0.014333333333333335 0.010833333333333332 0.005166666666666666 0.8936666666666667 
0.9191666666666667 0.10566666666666666 0.7991666666666667 0.41366666666666674 0.8056666666666668 0.4008333333333334 0.7933333333333334 0.42649999999999993 0.8206666666666668 0.14583333333333337 0.7354999999999998 0.11266666666666664 0.6071666666666666 0.4316666666666667 0.5385 0.4866666666666667 0.19383333333333333 0.047499999999999994 1.0 0.671 0.6285000000000001 0.6343333333333334 0.5316666666666666 0.36200000000000004 0.4361666666666666 0.06366666666666665 0.4110000000000001 0.5348333333333333 0.3253333333333333 0.04733333333333333 0.377 0.25950000000000006 0.7113333333333333 0.6848333333333332 0.3894999999999999 0.3913333333333334 0.14016666666666666 0.05116666666666665 0.48316666666666663 0.6151666666666668 0.5509999999999997 0.05083333333333335 0.7063333333333333 0.6661666666666666 0.6705 0.31433333333333324 0.529 0.06283333333333334 0.6826666666666666 0.4221666666666665 0.5819999999999999 0.04633333333333333 0.5373333333333332 0.22466666666666668 0.266 0.4928333333333334 0.7859999999999997 0.05133333333333332 0.8604999999999999 0.06916666666666668 0.7484999999999999 0.04833333333333333 0.6838333333333331 0.04816666666666666 0.7708333333333335 0.05766666666666665 0.687 0.5895 0.7988333333333331 0.5681666666666666 0.20916666666666667 0.22199999999999995 0.5016666666666666 0.20100000000000004 0.41766666666666674 0.4706666666666666 0.5780000000000001 0.0851666666666667 0.2973333333333334 0.048 0.5356666666666667 0.048666666666666664 0.24083333333333332 0.04716666666666667 0.5815000000000002 0.04766666666666666 0.4435 0.47883333333333344 0.8061666666666669 0.06833333333333333 
0.5984999999999999 0.2736666666666666 0.5309999999999999 0.47266666666666646 0.5855 0.38983333333333337 0.5063333333333335 0.23433333333333323 0.5793333333333331 0.16683333333333336 0.44 0.18316666666666667 0.3813333333333333 0.23366666666666663 0.3141666666666667 0.35950000000000004 0.23049999999999998 0.2163333333333333 0.671 1.0 0.6608333333333334 0.6673333333333332 0.2993333333333333 0.2111666666666667 0.4829999999999999 0.2051666666666667 0.462 0.5425 0.23766666666666672 0.2138333333333333 0.24716666666666667 0.2006666666666667 0.4256666666666667 0.4113333333333333 0.25216666666666665 0.2525 0.41499999999999987 0.22200000000000003 0.49033333333333323 0.6616666666666666 0.5985 0.23216666666666666 0.42050000000000004 0.4043333333333332 0.40233333333333327 0.37183333333333335 0.43299999999999983 0.21783333333333332 0.41283333333333344 0.3236666666666666 0.4006666666666666 0.215 0.43050000000000005 0.23099999999999998 0.5245000000000001 0.5265000000000001 0.49100000000000016 0.22383333333333325 0.5428333333333332 0.20933333333333334 0.45866666666666683 0.21916666666666668 0.4061666666666668 0.21716666666666665 0.48533333333333323 0.21833333333333332 0.42583333333333345 0.3968333333333332 0.49466666666666675 0.5388333333333333 0.3451666666666667 0.38083333333333336 0.5741666666666666 0.3311666666666666 0.4688333333333335 0.4029999999999999 0.3878333333333331 0.16550000000000004 0.4241666666666667 0.21816666666666668 0.43633333333333324 0.21849999999999997 0.5068333333333334 0.21566666666666662 0.3363333333333333 0.21683333333333332 0.27766666666666673 0.4943333333333333 0.6096666666666666 0.2315 
0.6178333333333335 0.10433333333333332 0.6116666666666666 0.7091666666666667 0.7783333333333331 0.41916666666666663 0.648 0.40416666666666673 0.7688333333333334 0.1385 0.5278333333333333 0.01 0.3363333333333333 0.38350000000000006 0.5281666666666667 0.5693333333333334 0.07516666666666666 0.017333333333333336 0.6285000000000001 0.6608333333333334 1.0 0.9781666666666672 0.49000000000000005 0.40533333333333343 0.763333333333333 0.003333333333333333 0.7393333333333335 0.7573333333333332 0.2283333333333334 0.012833333333333334 0.29533333333333334 0.17099999999999999 0.5391666666666667 0.5449999999999998 0.4868333333333332 0.4905 0.24099999999999994 0.023666666666666673 0.7624999999999998 0.9518333333333336 0.8566666666666669 0.04016666666666668 0.5458333333333333 0.5811666666666667 0.5438333333333333 0.5433333333333333 0.24116666666666667 0.002 0.5726666666666665 0.49750000000000005 0.6101666666666669 0.0155 0.24233333333333332 0.22499999999999992 0.4153333333333334 0.8166666666666665 0.4351666666666666 0.026000000000000006 0.5205 0.029833333333333333 0.5891666666666667 0.02066666666666667 0.3305 0.01766666666666667 0.6331666666666669 0.0034999999999999996 0.5591666666666668 0.5428333333333334 0.4535 0.6769999999999999 0.19766666666666663 0.32983333333333337 0.8460000000000001 0.18666666666666665 0.7249999999999999 0.6701666666666664 0.5129999999999998 0.020833333333333336 0.6183333333333335 0.02066666666666667 0.23866666666666667 0.017833333333333336 0.34266666666666673 0.016000000000000004 0.48516666666666663 0.013333333333333338 0.4698333333333333 0.7724999999999999 0.8014999999999999 0.01783333333333334 
0.6235000000000002 0.099 0.6176666666666667 0.7150000000000002 0.7851666666666666 0.415 0.6543333333333333 0.4063333333333334 0.7770000000000001 0.1386666666666667 0.5326666666666667 0.008333333333333333 0.3403333333333333 0.38533333333333336 0.5338333333333334 0.5726666666666668 0.07149999999999998 0.011166666666666667 0.6343333333333334 0.6673333333333332 0.9781666666666672 1.0 0.49183333333333323 0.4058333333333335 0.7699999999999999 0.002 0.7466666666666667 0.7609999999999997 0.23500000000000004 0.006666666666666667 0.2975 0.17366666666666672 0.5433333333333333 0.5481666666666667 0.48833333333333306 0.4921666666666667 0.23983333333333334 0.017500000000000005 0.7671666666666668 0.9625000000000005 0.8643333333333334 0.03400000000000001 0.5491666666666668 0.5881666666666667 0.5465 0.5486666666666666 0.24483333333333335 0.0 0.5761666666666667 0.5030000000000001 0.6151666666666666 0.010333333333333335 0.24533333333333332 0.2241666666666666 0.41866666666666674 0.8186666666666667 0.43849999999999995 0.01983333333333334 0.5251666666666668 0.02383333333333333 0.5936666666666665 0.014500000000000002 0.3336666666666666 0.011500000000000002 0.6379999999999999 0.00016666666666666666 0.5633333333333337 0.5434999999999999 0.4569999999999999 0.6796666666666665 0.19549999999999992 0.3278333333333335 0.8533333333333333 0.1848333333333333 0.726 0.6698333333333334 0.517 0.017833333333333333 0.6126666666666666 0.014500000000000002 0.24133333333333337 0.011666666666666669 0.3445000000000002 0.009833333333333333 0.4908333333333331 0.008000000000000002 0.4773333333333333 0.7786666666666667 0.8078333333333332 0.012666666666666668 
0.5974999999999999 0.09766666666666664 0.7150000000000002 0.5245000000000002 0.6008333333333333 0.25650000000000006 0.7364999999999998 0.8025000000000001 0.632 0.293 0.6586666666666667 0.2713333333333334 0.5463333333333332 0.8321666666666667 0.8864999999999996 0.6153333333333332 0.2803333333333333 0.019666666666666666 0.5316666666666666 0.2993333333333333 0.49000000000000005 0.49183333333333323 1.0 0.7915000000000001 0.5314999999999999 0.1975 0.6128333333333333 0.5176666666666666 0.6265000000000001 0.019666666666666666 0.7284999999999999 0.5864999999999998 0.7501666666666664 0.7766666666666668 0.6616666666666667 0.6933333333333331 0.08516666666666665 0.0195 0.4948333333333334 0.5083333333333333 0.602333333333333 0.019666666666666666 0.686 0.7254999999999999 0.6473333333333332 0.5095 0.37916666666666676 0.17200000000000004 0.6521666666666668 0.5996666666666668 0.6075 0.02116666666666667 0.46283333333333343 0.40049999999999997 0.17683333333333334 0.44699999999999995 0.6423333333333332 0.0195 0.6216666666666666 0.04650000000000001 0.7585000000000002 0.0195 0.5658333333333332 0.0195 0.7558333333333332 0.16700000000000007 0.6128333333333333 0.5186666666666667 0.6603333333333334 0.4483333333333332 0.07500000000000001 0.21883333333333335 0.5693333333333335 0.08 0.5321666666666666 0.5611666666666667 0.5108333333333334 0.08116666666666666 0.2891666666666666 0.019666666666666666 0.4631666666666667 0.0195 0.1855 0.019666666666666666 0.7176666666666666 0.019666666666666666 0.805 0.5216666666666667 0.6215000000000002 0.020166666666666666 
0.42583333333333334 0.16133333333333333 0.5438333333333332 0.6579999999999999 0.4418333333333333 0.31966666666666665 0.5643333333333332 0.8831666666666664 0.4718333333333334 0.36300000000000004 0.4588333333333332 0.338 0.3484999999999999 0.8635 0.7636666666666665 0.7675 0.243 0.060500000000000005 0.36200000000000004 0.2111666666666667 0.40533333333333343 0.4058333333333335 0.7915000000000001 1.0 0.4538333333333334 0.257 0.5420000000000001 0.4328333333333334 0.5208333333333334 0.06166666666666667 0.8236666666666668 0.6323333333333331 0.5878333333333334 0.6168333333333333 0.5951666666666667 0.6284999999999998 0.03966666666666667 0.060666666666666674 0.4070000000000001 0.42366666666666675 0.5223333333333333 0.06400000000000002 0.5193333333333334 0.5766666666666667 0.4865 0.5261666666666669 0.19483333333333328 0.2158333333333333 0.49483333333333357 0.5204999999999999 0.45283333333333337 0.06183333333333334 0.2798333333333333 0.4945000000000001 0.20183333333333325 0.36433333333333323 0.4798333333333333 0.060500000000000005 0.4513333333333332 0.0971666666666667 0.59 0.060666666666666674 0.3768333333333333 0.06000000000000001 0.5855 0.21216666666666661 0.4463333333333333 0.39100000000000007 0.4990000000000001 0.33900000000000013 0.1331666666666667 0.3253333333333333 0.5455 0.13783333333333334 0.6643333333333336 0.5633333333333334 0.32116666666666666 0.13450000000000004 0.18766666666666662 0.060166666666666674 0.285 0.06000000000000001 0.2643333333333333 0.060500000000000005 0.5493333333333336 0.060166666666666674 0.7466666666666668 0.44 0.4734999999999999 0.05866666666666668 
0.45350000000000024 0.10866666666666669 0.49900000000000005 0.5115 0.5870000000000001 0.268 0.5556666666666666 0.4181666666666667 0.5725000000000001 0.23416666666666663 0.4563333333333331 0.1231666666666667 0.3899999999999999 0.4730000000000001 0.6035 0.3843333333333333 0.16033333333333333 0.0265 0.4361666666666666 0.4829999999999999 0.763333333333333 0.7699999999999999 0.5314999999999999 0.4538333333333334 1.0 0.11233333333333335 0.8726666666666669 0.8556666666666665 0.35033333333333316 0.024499999999999997 0.38150000000000006 0.1966666666666666 0.6164999999999999 0.6255000000000003 0.5589999999999999 0.5765 0.2968333333333334 0.027999999999999997 0.8283333333333336 0.7509999999999999 0.6591666666666665 0.041333333333333326 0.5685 0.6306666666666667 0.5563333333333332 0.5986666666666668 0.3016666666666665 0.12116666666666669 0.5899999999999999 0.5193333333333333 0.6588333333333334 0.04366666666666667 0.33633333333333326 0.32616666666666666 0.41666666666666663 0.7629999999999998 0.5073333333333333 0.027333333333333334 0.4734999999999999 0.033 0.5966666666666666 0.026166666666666668 0.41999999999999976 0.026000000000000002 0.5718333333333335 0.10966666666666669 0.6051666666666669 0.5896666666666668 0.5215000000000001 0.7353333333333333 0.03216666666666668 0.15200000000000002 0.6485 0.02783333333333333 0.523 0.474 0.5489999999999999 0.07133333333333333 0.5853333333333333 0.027000000000000003 0.3381666666666667 0.026500000000000003 0.20899999999999996 0.025666666666666664 0.519 0.029333333333333336 0.6075 0.8421666666666664 0.6033333333333333 0.04416666666666666 
