1.0 0.25400000000000006 0.7261666666666666 0.15066666666666667 0.8856666666666666 0.3138333333333334 0.8904999999999998 0.05733333333333332 0.8881666666666664 0.26049999999999995 0.8903333333333329 0.06349999999999997 0.8710000000000001 0.162 0.8916666666666664 0.058999999999999976 0.2733333333333334 0.016500000000000004 0.8901666666666666 0.10433333333333332 0.4036666666666667 0.3756666666666667 0.6191666666666668 0.38783333333333336 0.604 0.6058333333333333 0.4788333333333334 0.3781666666666667 0.08949999999999997 0.059166666666666645 0.6621666666666667 0.6090000000000001 0.08066666666666665 0.06033333333333331 0.42383333333333334 0.2826666666666666 0.6098333333333332 0.1435 0.5026666666666667 0.29016666666666674 0.4235 0.07016666666666664 0.847 0.7038333333333334 0.8626666666666665 0.2866666666666667 0.6701666666666667 0.6245 0.6771666666666668 0.3518333333333334 0.0925 0.01633333333333334 0.15550000000000005 0.6334999999999998 0.40583333333333343 0.07816666666666666 0.5058333333333332 0.05166666666666665 0.1701666666666667 0.06116666666666663 0.3203333333333333 0.07349999999999998 0.08900000000000001 0.06149999999999997 0.7476666666666667 0.2283333333333334 0.23316666666666663 0.04383333333333332 0.09283333333333334 0.1913333333333333 0.5146666666666669 0.6299999999999999 0.8891666666666665 0.0638333333333333 0.8223333333333334 0.6901666666666668 0.4738333333333331 0.39833333333333326 0.23300000000000004 0.21249999999999997 0.06283333333333332 0.042833333333333334 0.8861666666666664 0.049666666666666644 0.37016666666666653 0.04266666666666666 0.47716666666666663 0.3361666666666666 0.4083333333333334 0.15249999999999997 
0.25400000000000006 1.0 0.07250000000000001 0.5826666666666666 0.1653333333333333 0.49966666666666654 0.16449999999999998 0.7810000000000002 0.18016666666666661 0.575 0.21716666666666667 0.7810000000000004 0.2208333333333333 0.6376666666666669 0.1941666666666666 0.7776666666666671 0.5803333333333334 0.5909999999999997 0.17199999999999996 0.8296666666666667 0.09649999999999999 0.20866666666666667 0.0006666666666666666 0.03466666666666667 0.0003333333333333333 0.0005 0.004666666666666666 0.06450000000000002 0.8191666666666666 0.7851666666666668 0.023333333333333338 0.001 0.8018333333333334 0.7855000000000001 0.017833333333333333 0.15966666666666668 0.001 0.5003333333333334 0.0013333333333333335 0.13516666666666666 0.113 0.6508333333333334 0.14783333333333334 0.0415 0.15883333333333333 0.5220000000000001 0.026500000000000003 0.0016666666666666666 0.09899999999999995 0.21099999999999997 0.8065000000000002 0.5063333333333335 0.5293333333333333 0.008833333333333335 0.20199999999999999 0.5345000000000001 0.4056666666666668 0.7730000000000001 0.8590000000000001 0.7853333333333335 0.7676666666666665 0.7685000000000002 0.8085000000000002 0.7861666666666668 0.07883333333333335 0.581 0.6886666666666664 0.7344999999999999 0.7788333333333333 0.4441666666666667 0.0005 0.0003333333333333333 0.184 0.7756666666666671 0.1313333333333334 0.3698333333333333 0.10616666666666667 0.317 0.29149999999999987 0.36716666666666664 0.7871666666666667 0.7501666666666666 0.17449999999999996 0.7693333333333335 0.22866666666666674 0.69 0.017166666666666667 0.1735 0.2851666666666667 0.4929999999999999 
0.7261666666666666 0.07250000000000001 1.0 0.13816666666666666 0.8226666666666668 0.25600000000000006 0.8155000000000001 0.0018333333333333333 0.7953333333333333 0.1848333333333333 0.7603333333333334 0.003333333333333333 0.7493333333333331 0.08883333333333335 0.7790000000000002 0.0034999999999999996 0.1721666666666667 0.08416666666666667 0.8253333333333334 0.0018333333333333335 0.6166666666666668 0.4816666666666666 0.8800000000000003 0.6426666666666666 0.8690000000000001 0.8676666666666668 0.7403333333333335 0.6325000000000001 0.0015000000000000002 0.0016666666666666668 0.8899999999999999 0.8463333333333333 0.015000000000000005 0.0021666666666666666 0.6823333333333333 0.48066666666666663 0.8670000000000002 0.1696666666666667 0.7653333333333332 0.5245000000000001 0.5466666666666667 0.018833333333333337 0.8439999999999999 0.9076666666666665 0.8416666666666666 0.23683333333333326 0.9079999999999999 0.8856666666666666 0.7190000000000001 0.4100000000000001 0.016000000000000007 0.1428333333333333 0.10850000000000001 0.8778333333333335 0.5630000000000002 0.14733333333333334 0.3731666666666667 0.0031666666666666666 0.05700000000000001 0.002 0.16116666666666668 0.006833333333333334 0.017666666666666667 0.0021666666666666666 0.9371666666666668 0.1526666666666667 0.14633333333333334 0.0026666666666666666 0.006166666666666667 0.27633333333333343 0.7738333333333334 0.8673333333333335 0.815 0.003333333333333333 0.8480000000000001 0.5503333333333333 0.7013333333333333 0.5536666666666666 0.2855000000000001 0.2915 0.0013333333333333333 0.0015 0.7931666666666668 0.0015 0.5123333333333333 0.0023333333333333335 0.7370000000000002 0.5476666666666666 0.5245 0.14433333333333334 
0.15066666666666667 0.5826666666666666 0.13816666666666666 1.0 0.1365 0.5239999999999999 0.13399999999999998 0.7801666666666663 0.15 0.5776666666666668 0.17683333333333334 0.7718333333333333 0.17666666666666672 0.6538333333333333 0.15583333333333332 0.7843333333333333 0.5718333333333333 0.5589999999999999 0.1446666666666667 0.7383333333333334 0.26400000000000007 0.3121666666666667 0.14316666666666664 0.20816666666666664 0.146 0.15449999999999997 0.16216666666666665 0.23916666666666667 0.7383333333333333 0.7779999999999997 0.14466666666666664 0.16249999999999992 0.7559999999999999 0.7793333333333333 0.1775 0.3568333333333333 0.13616666666666666 0.5443333333333336 0.1515 0.30933333333333335 0.20183333333333342 0.6008333333333333 0.14383333333333337 0.14133333333333334 0.13866666666666666 0.536333333333333 0.1421666666666667 0.14333333333333334 0.221 0.46833333333333327 0.7434999999999998 0.46783333333333316 0.7064999999999999 0.1353333333333333 0.3793333333333333 0.4551666666666665 0.45783333333333315 0.7751666666666663 0.6578333333333333 0.7756666666666665 0.561 0.7608333333333333 0.7461666666666669 0.7779999999999998 0.1305 0.5915 0.4459999999999999 0.7726666666666666 0.7101666666666666 0.4966666666666667 0.15316666666666667 0.14516666666666667 0.15583333333333335 0.7681666666666664 0.14150000000000001 0.3528333333333334 0.24166666666666667 0.46116666666666684 0.4280000000000001 0.2791666666666667 0.7764999999999997 0.7898333333333329 0.13616666666666663 0.7896666666666664 0.3958333333333332 0.7264999999999998 0.17116666666666672 0.3658333333333333 0.5086666666666665 0.7864999999999998 
0.8856666666666666 0.1653333333333333 0.8226666666666668 0.1365 1.0 0.2950000000000001 0.9846666666666671 0.01916666666666667 0.9618333333333335 0.22366666666666668 0.9214999999999999 0.023333333333333334 0.9126666666666666 0.12366666666666663 0.9423333333333335 0.022833333333333337 0.1845 0.009166666666666668 0.9560000000000001 0.019333333333333338 0.4651666666666667 0.32933333333333337 0.71 0.4663333333333334 0.6951666666666667 0.6984999999999998 0.5643333333333334 0.45649999999999996 0.01783333333333333 0.017666666666666664 0.7516666666666666 0.6964999999999999 0.042833333333333334 0.020500000000000004 0.5070000000000001 0.3038333333333333 0.6983333333333333 0.17600000000000002 0.589333333333333 0.35599999999999987 0.37916666666666665 0.008333333333333333 0.9415000000000002 0.799666666666667 0.9655000000000004 0.27483333333333343 0.764166666666667 0.7193333333333335 0.653 0.3428333333333334 0.05533333333333332 0.017000000000000005 0.09416666666666668 0.7205000000000003 0.4679999999999999 0.028666666666666663 0.4063333333333335 0.005333333333333333 0.13566666666666666 0.020999999999999998 0.2883333333333334 0.03216666666666667 0.049333333333333326 0.020833333333333336 0.8475 0.19233333333333338 0.25866666666666666 0.015 0.007166666666666667 0.2368333333333333 0.5974999999999998 0.7173333333333335 0.9553333333333336 0.02116666666666667 0.9144999999999996 0.7108333333333333 0.5385 0.42599999999999993 0.18016666666666667 0.16 0.012166666666666668 0.009500000000000001 0.9566666666666666 0.013166666666666669 0.4225 0.014833333333333332 0.5606666666666666 0.3976666666666667 0.45183333333333314 0.11683333333333337 
0.3138333333333334 0.49966666666666654 0.25600000000000006 0.5239999999999999 0.2950000000000001 1.0 0.29550000000000004 0.7083333333333331 0.3161666666666667 0.9153333333333333 0.31233333333333335 0.7094999999999999 0.31366666666666665 0.8135000000000001 0.3141666666666667 0.7103333333333335 0.4735000000000001 0.5508333333333334 0.3003333333333333 0.6555000000000001 0.04033333333333334 0.05149999999999998 0.2505 0.0345 0.2396666666666667 0.2501666666666667 0.10899999999999999 0.031166666666666665 0.6623333333333333 0.7018333333333332 0.2656666666666667 0.26750000000000007 0.6855 0.7041666666666668 0.053999999999999986 0.1848333333333333 0.23383333333333328 0.7281666666666666 0.137 0.09799999999999999 0.036666666666666674 0.5881666666666665 0.28916666666666674 0.27250000000000013 0.28933333333333333 0.9533333333333337 0.2635 0.25250000000000006 0.3646666666666667 0.4511666666666667 0.6618333333333335 0.4868333333333333 0.42583333333333356 0.24166666666666672 0.11416666666666662 0.3553333333333334 0.5748333333333332 0.6703333333333332 0.6 0.7058333333333331 0.5236666666666667 0.7195 0.6798333333333335 0.7041666666666666 0.2583333333333334 0.8838333333333331 0.4843333333333332 0.6996666666666667 0.579 0.3135 0.14933333333333335 0.2645 0.31550000000000006 0.7058333333333331 0.28366666666666673 0.5261666666666667 0.0965 0.08233333333333333 0.24599999999999997 0.22866666666666674 0.6849999999999998 0.696 0.2853333333333334 0.7001666666666666 0.12149999999999997 0.698 0.10833333333333332 0.04949999999999998 0.1258333333333333 0.4395 
0.8904999999999998 0.16449999999999998 0.8155000000000001 0.13399999999999998 0.9846666666666671 0.29550000000000004 1.0 0.018000000000000002 0.9633333333333337 0.22499999999999992 0.9254999999999999 0.022666666666666665 0.9161666666666666 0.12450000000000001 0.9466666666666669 0.021500000000000005 0.18650000000000003 0.007333333333333335 0.958166666666667 0.017833333333333333 0.4629999999999999 0.32666666666666666 0.7038333333333334 0.461 0.6886666666666664 0.6930000000000001 0.5583333333333332 0.45183333333333314 0.01633333333333333 0.0165 0.7471666666666669 0.6923333333333334 0.041166666666666664 0.01966666666666667 0.5011666666666666 0.2978333333333333 0.6923333333333334 0.17566666666666667 0.5829999999999999 0.3518333333333333 0.376 0.006666666666666666 0.9406666666666671 0.7945000000000003 0.9595000000000004 0.273 0.7590000000000002 0.713166666666667 0.6483333333333334 0.33849999999999997 0.055166666666666656 0.014000000000000004 0.09250000000000001 0.7168333333333337 0.46399999999999997 0.02783333333333333 0.4083333333333335 0.004999999999999999 0.13433333333333336 0.019833333333333335 0.29033333333333333 0.03283333333333334 0.04866666666666667 0.019333333333333334 0.843 0.19400000000000006 0.25916666666666666 0.013833333333333333 0.006999999999999999 0.23716666666666664 0.5914999999999999 0.7130000000000001 0.9526666666666668 0.02033333333333333 0.9116666666666664 0.7096666666666668 0.5353333333333333 0.4248333333333333 0.17650000000000005 0.15933333333333333 0.010666666666666668 0.0085 0.9610000000000001 0.011666666666666667 0.42316666666666664 0.013333333333333332 0.5543333333333332 0.39483333333333337 0.4499999999999998 0.11483333333333336 
0.05733333333333332 0.7810000000000002 0.0018333333333333333 0.7801666666666663 0.01916666666666667 0.7083333333333331 0.018000000000000002 1.0 0.03933333333333333 0.7848333333333332 0.07383333333333332 0.9881666666666669 0.07899999999999996 0.849333333333333 0.05183333333333333 0.9788333333333337 0.6688333333333333 0.7103333333333332 0.025333333333333336 0.9376666666666665 0.09566666666666665 0.148 0.0 0.032 0.0 0.0 0.002333333333333333 0.061499999999999985 0.9443333333333337 0.9828333333333338 0.0 0.001 0.9685000000000004 0.9850000000000004 0.015166666666666669 0.21449999999999997 0.0 0.6663333333333331 0.001 0.1408333333333333 0.05283333333333333 0.7374999999999998 0.012000000000000002 0.0006666666666666666 0.014500000000000004 0.7295000000000001 0.0 0.0 0.0981666666666667 0.3325 0.9351666666666668 0.5943333333333332 0.6038333333333332 0.001 0.2323333333333333 0.5008333333333332 0.38416666666666655 0.9498333333333331 0.8748333333333332 0.9891666666666669 0.7158333333333331 0.9753333333333335 0.9611666666666672 0.9868333333333337 0.0026666666666666666 0.7928333333333333 0.6186666666666668 0.9388333333333333 0.8573333333333332 0.526 0.00016666666666666666 0.0 0.03916666666666666 0.9800000000000003 0.009333333333333334 0.2805 0.10483333333333332 0.3204999999999999 0.28283333333333327 0.32583333333333336 0.9643333333333338 0.9528333333333336 0.0275 0.9706666666666668 0.25550000000000006 0.894 0.015499999999999998 0.17349999999999993 0.34316666666666684 0.6216666666666665 
0.8881666666666664 0.18016666666666661 0.7953333333333333 0.15 0.9618333333333335 0.3161666666666667 0.9633333333333337 0.03933333333333333 1.0 0.24633333333333332 0.9443333333333334 0.04416666666666666 0.9403333333333335 0.14583333333333337 0.9663333333333337 0.04300000000000001 0.19850000000000004 0.004999999999999999 0.9463333333333332 0.03866666666666666 0.4526666666666666 0.31600000000000006 0.6844999999999999 0.44216666666666654 0.6693333333333332 0.6726666666666666 0.5389999999999999 0.4329999999999999 0.037166666666666674 0.037000000000000005 0.7266666666666666 0.6731666666666666 0.06316666666666663 0.0405 0.4816666666666666 0.2801666666666666 0.6728333333333332 0.18350000000000008 0.5648333333333333 0.3431666666666668 0.364 0.01466666666666667 0.9161666666666668 0.7743333333333332 0.9341666666666667 0.2906666666666667 0.7388333333333335 0.6926666666666665 0.6371666666666667 0.33699999999999997 0.07366666666666666 0.010166666666666668 0.09733333333333336 0.6973333333333334 0.45799999999999996 0.021166666666666667 0.4171666666666667 0.020833333333333336 0.1548333333333333 0.041833333333333333 0.3116666666666667 0.05399999999999999 0.07049999999999998 0.04066666666666666 0.8206666666666664 0.21533333333333335 0.25066666666666665 0.031166666666666665 0.019333333333333334 0.2396666666666667 0.5748333333333331 0.6948333333333333 0.959166666666667 0.04133333333333334 0.8856666666666666 0.7128333333333337 0.5203333333333334 0.4258333333333333 0.17550000000000004 0.15166666666666667 0.030500000000000003 0.02616666666666666 0.9491666666666668 0.032 0.42399999999999993 0.030833333333333334 0.5356666666666666 0.3888333333333333 0.44716666666666655 0.11833333333333337 
0.26049999999999995 0.575 0.1848333333333333 0.5776666666666668 0.22366666666666668 0.9153333333333333 0.22499999999999992 0.7848333333333332 0.24633333333333332 1.0 0.27483333333333326 0.7875 0.2796666666666666 0.8600000000000001 0.25866666666666666 0.778 0.5173333333333331 0.579 0.23049999999999998 0.7323333333333334 0.03066666666666666 0.03933333333333333 0.18183333333333337 0.011000000000000001 0.17133333333333337 0.1813333333333334 0.07183333333333333 0.006166666666666667 0.7388333333333335 0.7763333333333332 0.19666666666666668 0.19633333333333333 0.7625 0.7791666666666666 0.026000000000000002 0.1581666666666667 0.16866666666666666 0.7211666666666666 0.09499999999999999 0.07866666666666663 0.022333333333333334 0.6201666666666664 0.21783333333333332 0.20066666666666666 0.21833333333333324 0.9315000000000001 0.1925 0.18216666666666664 0.29399999999999993 0.43400000000000005 0.7331666666666671 0.5101666666666668 0.46033333333333315 0.1715 0.10700000000000001 0.38316666666666677 0.5723333333333334 0.7431666666666666 0.6781666666666666 0.7835 0.591 0.7976666666666665 0.7563333333333334 0.7813333333333334 0.18849999999999995 0.8993333333333331 0.5025 0.7518333333333334 0.6493333333333335 0.34016666666666673 0.11466666666666665 0.19549999999999998 0.24583333333333335 0.7823333333333333 0.21316666666666662 0.48733333333333334 0.09033333333333336 0.11383333333333331 0.2553333333333333 0.23183333333333342 0.7583333333333334 0.7573333333333333 0.22849999999999998 0.769 0.1185 0.7428333333333335 0.07750000000000001 0.041499999999999995 0.14733333333333337 0.47083333333333344 
0.8903333333333329 0.21716666666666667 0.7603333333333334 0.17683333333333334 0.9214999999999999 0.31233333333333335 0.9254999999999999 0.07383333333333332 0.9443333333333334 0.27483333333333326 1.0 0.08033333333333331 0.9611666666666671 0.18350000000000002 0.9568333333333336 0.07399999999999995 0.2345 0.006666666666666666 0.9131666666666663 0.07399999999999998 0.4524999999999999 0.3178333333333333 0.654 0.43266666666666664 0.6385 0.6411666666666666 0.5163333333333334 0.42266666666666663 0.07283333333333332 0.07133333333333333 0.6975 0.6448333333333334 0.09816666666666667 0.07466666666666665 0.46599999999999986 0.2709999999999999 0.6450000000000001 0.193 0.5391666666666665 0.3408333333333334 0.3636666666666665 0.02083333333333334 0.8746666666666667 0.7353333333333333 0.8945000000000001 0.28750000000000003 0.7029999999999998 0.6575 0.6068333333333332 0.32733333333333337 0.10399999999999998 0.0095 0.10733333333333332 0.6666666666666665 0.4631666666666667 0.024499999999999997 0.42766666666666664 0.052166666666666674 0.19100000000000006 0.07683333333333332 0.3510000000000001 0.09199999999999997 0.10633333333333334 0.07566666666666663 0.7876666666666666 0.24916666666666665 0.23099999999999996 0.057999999999999996 0.05050000000000001 0.2533333333333333 0.556 0.6653333333333332 0.9284999999999998 0.07899999999999999 0.848 0.67 0.5191666666666668 0.4583333333333335 0.17916666666666664 0.153 0.06266666666666668 0.05399999999999999 0.9279999999999999 0.06133333333333333 0.43250000000000005 0.056833333333333326 0.5181666666666667 0.39233333333333326 0.4713333333333333 0.13600000000000004 
0.06349999999999997 0.7810000000000004 0.003333333333333333 0.7718333333333333 0.023333333333333334 0.7094999999999999 0.022666666666666665 0.9881666666666669 0.04416666666666666 0.7875 0.08033333333333331 1.0 0.08566666666666664 0.8534999999999998 0.05783333333333332 0.9746666666666671 0.6706666666666666 0.7046666666666666 0.030166666666666665 0.9386666666666668 0.09049999999999997 0.1428333333333333 0.0015000000000000002 0.02816666666666667 0.0013333333333333333 0.0013333333333333333 0.002833333333333333 0.05716666666666666 0.9455000000000007 0.9826666666666669 0.0013333333333333333 0.0023333333333333335 0.9681666666666671 0.9838333333333334 0.01416666666666667 0.2138333333333333 0.001 0.6638333333333332 0.0021666666666666666 0.1371666666666666 0.04883333333333334 0.7314999999999999 0.0155 0.002 0.018500000000000006 0.7311666666666669 0.0018333333333333335 0.0016666666666666668 0.0995 0.3306666666666666 0.9311666666666669 0.5903333333333332 0.5971666666666666 0.002 0.22699999999999992 0.4958333333333334 0.3886666666666667 0.9464999999999999 0.8791666666666664 0.9893333333333336 0.7223333333333332 0.9806666666666668 0.9631666666666671 0.984666666666667 0.0045000000000000005 0.7949999999999998 0.6160000000000001 0.9331666666666665 0.853 0.5201666666666668 0.001 0.0015000000000000002 0.04400000000000001 0.9855000000000003 0.012333333333333333 0.28516666666666673 0.10266666666666667 0.31733333333333325 0.27849999999999997 0.3213333333333333 0.9615000000000005 0.9471666666666669 0.03283333333333334 0.9665000000000002 0.2501666666666667 0.8876666666666665 0.01633333333333333 0.16833333333333333 0.33783333333333343 0.6143333333333332 
0.8710000000000001 0.2208333333333333 0.7493333333333331 0.17666666666666672 0.9126666666666666 0.31366666666666665 0.9161666666666666 0.07899999999999996 0.9403333333333335 0.2796666666666666 0.9611666666666671 0.08566666666666664 1.0 0.19000000000000006 0.948 0.07866666666666663 0.23850000000000005 0.017000000000000005 0.9026666666666666 0.07883333333333332 0.43999999999999984 0.30566666666666664 0.6408333333333333 0.4213333333333334 0.6255000000000001 0.6288333333333336 0.5050000000000001 0.4121666666666666 0.07766666666666665 0.07616666666666665 0.6836666666666666 0.6321666666666669 0.1035 0.07949999999999996 0.45416666666666666 0.26083333333333325 0.6315 0.20066666666666666 0.5253333333333334 0.3455 0.3516666666666666 0.028666666666666667 0.8658333333333332 0.7255000000000003 0.8861666666666663 0.29100000000000015 0.6923333333333335 0.6461666666666666 0.5971666666666667 0.33033333333333326 0.10966666666666669 0.018666666666666668 0.11133333333333333 0.6535 0.45683333333333337 0.031166666666666665 0.4248333333333333 0.05799999999999999 0.1978333333333334 0.08183333333333329 0.35800000000000004 0.09700000000000002 0.11116666666666668 0.08066666666666662 0.7765000000000002 0.2565000000000001 0.24750000000000008 0.06233333333333333 0.05533333333333334 0.2578333333333333 0.541 0.6523333333333334 0.9178333333333336 0.08399999999999996 0.8381666666666666 0.6713333333333334 0.5068333333333336 0.44300000000000006 0.18583333333333332 0.15966666666666668 0.06716666666666667 0.05783333333333332 0.9241666666666665 0.06516666666666665 0.44033333333333347 0.06083333333333333 0.5050000000000002 0.3939999999999999 0.4566666666666667 0.1386666666666667 
0.162 0.6376666666666669 0.08883333333333335 0.6538333333333333 0.12366666666666663 0.8135000000000001 0.12450000000000001 0.849333333333333 0.14583333333333337 0.8600000000000001 0.18350000000000002 0.8534999999999998 0.19000000000000006 1.0 0.16049999999999998 0.8461666666666666 0.5968333333333332 0.5953333333333333 0.12983333333333336 0.7966666666666664 0.07533333333333335 0.09533333333333331 0.08600000000000002 0.037 0.079 0.08700000000000001 0.03783333333333333 0.03233333333333333 0.8039999999999998 0.8410000000000001 0.09983333333333333 0.10249999999999998 0.8253333333333335 0.8425 0.03950000000000001 0.18433333333333335 0.08049999999999999 0.7488333333333337 0.05033333333333334 0.11216666666666669 0.06999999999999999 0.6461666666666664 0.11683333333333336 0.10266666666666667 0.11833333333333332 0.8030000000000003 0.094 0.08533333333333334 0.19683333333333328 0.3913333333333332 0.7908333333333333 0.5115 0.48566666666666647 0.07883333333333334 0.14950000000000002 0.39399999999999996 0.4694999999999998 0.8065000000000003 0.7411666666666668 0.8469999999999999 0.6490000000000002 0.8651666666666665 0.821 0.8438333333333332 0.09233333333333334 0.87 0.5063333333333333 0.8018333333333335 0.7138333333333331 0.3896666666666666 0.06133333333333331 0.09783333333333336 0.1443333333333333 0.8513333333333333 0.11233333333333333 0.3708333333333334 0.09183333333333335 0.2096666666666667 0.2993333333333334 0.24750000000000003 0.8210000000000001 0.8138333333333334 0.1355 0.829666666666667 0.17099999999999999 0.774 0.046833333333333345 0.0921666666666667 0.23399999999999999 0.529 
0.8916666666666664 0.1941666666666666 0.7790000000000002 0.15583333333333332 0.9423333333333335 0.3141666666666667 0.9466666666666669 0.05183333333333333 0.9663333333333337 0.25866666666666666 0.9568333333333336 0.05783333333333332 0.948 0.16049999999999998 1.0 0.053499999999999985 0.21150000000000002 0.004166666666666667 0.932 0.05199999999999999 0.4526666666666666 0.316 0.6698333333333334 0.4379999999999999 0.6548333333333332 0.6575 0.5298333333333334 0.4286666666666667 0.05066666666666666 0.04999999999999999 0.7134999999999998 0.6601666666666663 0.07599999999999997 0.05316666666666665 0.4749999999999999 0.2749999999999999 0.6596666666666668 0.18666666666666668 0.5518333333333332 0.3416666666666666 0.36399999999999993 0.013500000000000003 0.8973333333333331 0.7560000000000002 0.9158333333333334 0.28466666666666673 0.7214999999999999 0.6759999999999999 0.6226666666666667 0.32800000000000007 0.08083333333333334 0.009333333333333334 0.09833333333333334 0.6821666666666667 0.4571666666666668 0.021 0.41749999999999987 0.031 0.16683333333333333 0.054833333333333324 0.32666666666666666 0.06849999999999999 0.08366666666666665 0.053999999999999986 0.8061666666666665 0.22933333333333336 0.24116666666666664 0.037333333333333336 0.028833333333333336 0.2425 0.562 0.6813333333333332 0.948 0.05516666666666665 0.8686666666666669 0.6913333333333334 0.5215000000000001 0.43866666666666676 0.1761666666666667 0.15100000000000002 0.041499999999999995 0.03266666666666668 0.9518333333333335 0.04016666666666666 0.42416666666666664 0.036000000000000004 0.5244999999999999 0.3875 0.45349999999999985 0.12016666666666671 
0.058999999999999976 0.7776666666666671 0.0034999999999999996 0.7843333333333333 0.022833333333333337 0.7103333333333335 0.021500000000000005 0.9788333333333337 0.04300000000000001 0.778 0.07399999999999995 0.9746666666666671 0.07866666666666663 0.8461666666666666 0.053499999999999985 1.0 0.66 0.7119999999999997 0.028666666666666667 0.9278333333333331 0.10433333333333332 0.15966666666666662 0.0013333333333333333 0.04166666666666666 0.0013333333333333333 0.0018333333333333335 0.007833333333333333 0.07266666666666667 0.9351666666666667 0.9756666666666672 0.0013333333333333333 0.0045 0.9611666666666668 0.9818333333333337 0.022666666666666672 0.22416666666666657 0.0013333333333333333 0.6691666666666666 0.0036666666666666666 0.15249999999999997 0.06216666666666666 0.7390000000000001 0.015500000000000003 0.002333333333333333 0.017666666666666667 0.7228333333333335 0.0013333333333333333 0.0013333333333333333 0.098 0.3349999999999999 0.9330000000000004 0.596 0.6053333333333333 0.0023333333333333335 0.2413333333333333 0.5038333333333334 0.37983333333333336 0.9464999999999998 0.867 0.9790000000000005 0.7068333333333332 0.9645000000000001 0.9535000000000001 0.9786666666666671 0.004333333333333333 0.784833333333333 0.6228333333333332 0.9394999999999998 0.8519999999999999 0.5268333333333333 0.0026666666666666666 0.0013333333333333333 0.04300000000000002 0.9670000000000002 0.012333333333333333 0.28116666666666673 0.10533333333333335 0.32099999999999995 0.28983333333333333 0.32933333333333337 0.9595000000000004 0.9543333333333335 0.02783333333333333 0.9716666666666669 0.2646666666666666 0.8943333333333335 0.02 0.18499999999999997 0.34916666666666674 0.6311666666666667 
0.2733333333333334 0.5803333333333334 0.1721666666666667 0.5718333333333333 0.1845 0.4735000000000001 0.18650000000000003 0.6688333333333333 0.19850000000000004 0.5173333333333331 0.2345 0.6706666666666666 0.23850000000000005 0.5968333333333332 0.21150000000000002 0.66 1.0 0.4553333333333335 0.19150000000000003 0.7176666666666668 0.24016666666666667 0.33516666666666667 0.17400000000000004 0.19083333333333324 0.17366666666666672 0.17749999999999996 0.16466666666666677 0.21466666666666664 0.7129999999999999 0.6748333333333334 0.18483333333333335 0.18650000000000003 0.6459999999999999 0.6679999999999999 0.1746666666666667 0.1991666666666667 0.1726666666666667 0.5183333333333334 0.16666666666666663 0.272 0.27583333333333326 0.6114999999999998 0.185 0.1825 0.1831666666666667 0.4668333333333333 0.1781666666666667 0.1731666666666667 0.33483333333333326 0.32849999999999996 0.6233333333333334 0.3613333333333333 0.5638333333333334 0.17300000000000001 0.36383333333333334 0.43800000000000017 0.4184999999999999 0.6828333333333332 0.5539999999999999 0.6688333333333333 0.4538333333333333 0.6774999999999999 0.6404999999999998 0.6694999999999999 0.1731666666666667 0.5295 0.31549999999999995 0.6308333333333334 0.7661666666666666 0.6410000000000001 0.16866666666666663 0.18450000000000003 0.19766666666666666 0.6743333333333333 0.18333333333333335 0.117 0.2546666666666666 0.4315000000000002 0.36949999999999994 0.5473333333333333 0.6871666666666667 0.6568333333333333 0.19966666666666671 0.6641666666666665 0.4178333333333332 0.591 0.17966666666666664 0.33266666666666667 0.48783333333333334 0.49783333333333324 
0.016500000000000004 0.5909999999999997 0.08416666666666667 0.5589999999999999 0.009166666666666668 0.5508333333333334 0.007333333333333335 0.7103333333333332 0.004999999999999999 0.579 0.006666666666666666 0.7046666666666666 0.017000000000000005 0.5953333333333333 0.004166666666666667 0.7119999999999997 0.4553333333333335 1.0 0.004 0.6730000000000002 0.301 0.3628333333333332 0.13383333333333336 0.287 0.14033333333333334 0.13233333333333333 0.23916666666666672 0.3146666666666666 0.6788333333333334 0.7163333333333334 0.11566666666666664 0.13533333333333333 0.6909999999999996 0.7131666666666666 0.26350000000000007 0.4638333333333334 0.14483333333333337 0.6419999999999999 0.22583333333333327 0.4046666666666666 0.3176666666666667 0.7758333333333334 0.0075000000000000015 0.07200000000000001 0.014500000000000002 0.5778333333333334 0.0975 0.12599999999999997 0.17350000000000002 0.46366666666666645 0.7228333333333333 0.8535 0.6413333333333333 0.1391666666666667 0.4365000000000001 0.7668333333333334 0.34483333333333327 0.7378333333333335 0.6613333333333332 0.7094999999999998 0.5278333333333334 0.6951666666666667 0.6866666666666665 0.7121666666666664 0.08516666666666667 0.6001666666666667 0.6988333333333334 0.7618333333333333 0.6491666666666667 0.5185 0.21900000000000003 0.1335 0.0021666666666666666 0.7046666666666667 0.016500000000000004 0.2613333333333333 0.23316666666666666 0.23016666666666669 0.5193333333333333 0.6016666666666666 0.7198333333333333 0.7510000000000001 0.012333333333333333 0.7338333333333331 0.46216666666666667 0.8001666666666668 0.2503333333333333 0.4018333333333334 0.26233333333333336 0.5926666666666668 
0.8901666666666666 0.17199999999999996 0.8253333333333334 0.1446666666666667 0.9560000000000001 0.3003333333333333 0.958166666666667 0.025333333333333336 0.9463333333333332 0.23049999999999998 0.9131666666666663 0.030166666666666665 0.9026666666666666 0.12983333333333336 0.932 0.028666666666666667 0.19150000000000003 0.004 1.0 0.02666666666666667 0.47883333333333344 0.3421666666666666 0.7150000000000002 0.4724999999999999 0.6998333333333335 0.7035000000000001 0.5695000000000003 0.46333333333333315 0.02516666666666666 0.0245 0.7585 0.7028333333333333 0.04716666666666666 0.027833333333333328 0.5125 0.3103333333333333 0.7034999999999999 0.17533333333333334 0.5945 0.3596666666666665 0.3906666666666665 0.005 0.9496666666666669 0.8033333333333335 0.9533333333333337 0.2720000000000001 0.7688333333333336 0.7231666666666666 0.6598333333333335 0.3381666666666667 0.05999999999999999 0.010333333333333335 0.09266666666666667 0.7240000000000001 0.4623333333333332 0.024333333333333332 0.4278333333333333 0.014500000000000004 0.13916666666666666 0.027999999999999994 0.2851666666666667 0.03983333333333334 0.05466666666666665 0.027166666666666662 0.8306666666666668 0.1981666666666667 0.23333333333333336 0.018000000000000002 0.013166666666666669 0.24266666666666667 0.6039999999999999 0.7243333333333334 0.9643333333333337 0.029333333333333336 0.9248333333333332 0.6863333333333336 0.5503333333333336 0.45366666666666666 0.17650000000000002 0.15650000000000003 0.019 0.01466666666666667 0.937 0.0195 0.41400000000000003 0.016833333333333336 0.5663333333333334 0.4064999999999999 0.46949999999999986 0.11950000000000005 
0.10433333333333332 0.8296666666666667 0.0018333333333333335 0.7383333333333334 0.019333333333333338 0.6555000000000001 0.017833333333333333 0.9376666666666665 0.03866666666666666 0.7323333333333334 0.07399999999999998 0.9386666666666668 0.07883333333333332 0.7966666666666664 0.05199999999999999 0.9278333333333331 0.7176666666666668 0.6730000000000002 0.02666666666666667 1.0 0.09416666666666666 0.19166666666666668 0.0 0.030166666666666665 0.0 0.0 0.0016666666666666666 0.05949999999999998 0.9626666666666668 0.9438333333333334 0.00016666666666666666 0.0006666666666666666 0.9205 0.9416666666666665 0.01416666666666667 0.17016666666666672 0.0 0.6574999999999999 0.0011666666666666668 0.1378333333333333 0.09633333333333334 0.7841666666666667 0.012166666666666668 0.00016666666666666666 0.015000000000000005 0.6766666666666667 0.0 0.0 0.13799999999999998 0.3146666666666666 0.8931666666666663 0.5464999999999998 0.6485000000000001 0.001 0.2275 0.5466666666666667 0.4341666666666668 0.9225 0.8308333333333333 0.9428333333333332 0.6686666666666666 0.9268333333333334 0.9163333333333332 0.9421666666666667 0.0013333333333333333 0.7381666666666666 0.5683333333333332 0.8876666666666666 0.9066666666666664 0.5268333333333334 0.0 0.0 0.039 0.9378333333333333 0.011333333333333336 0.24866666666666667 0.10550000000000002 0.32216666666666655 0.33100000000000007 0.3728333333333334 0.9446666666666667 0.9056666666666664 0.029666666666666668 0.9248333333333332 0.25750000000000006 0.8421666666666667 0.015499999999999998 0.17383333333333337 0.3420000000000002 0.6163333333333333 
0.4036666666666667 0.09649999999999999 0.6166666666666668 0.26400000000000007 0.4651666666666667 0.04033333333333334 0.4629999999999999 0.09566666666666665 0.4526666666666666 0.03066666666666666 0.4524999999999999 0.09049999999999997 0.43999999999999984 0.07533333333333335 0.4526666666666666 0.10433333333333332 0.24016666666666667 0.301 0.47883333333333344 0.09416666666666666 1.0 0.82 0.7278333333333334 0.8763333333333335 0.7360000000000001 0.7239999999999998 0.8358333333333331 0.8563333333333335 0.09533333333333333 0.09833333333333334 0.6993333333333334 0.7173333333333332 0.09666666666666666 0.09866666666666667 0.8783333333333334 0.6768333333333334 0.7296666666666668 0.2223333333333333 0.8113333333333332 0.7636666666666665 0.8405 0.23500000000000004 0.5140000000000001 0.6523333333333333 0.4865 0.02833333333333334 0.6808333333333334 0.7183333333333333 0.5419999999999999 0.41583333333333344 0.10666666666666667 0.32599999999999985 0.33299999999999996 0.7031666666666667 0.7741666666666666 0.38283333333333325 0.20383333333333328 0.11050000000000003 0.08616666666666666 0.09416666666666666 0.09949999999999998 0.08066666666666668 0.09516666666666666 0.09733333333333333 0.5896666666666666 0.027000000000000007 0.161 0.14550000000000002 0.11633333333333334 0.4961666666666666 0.8046666666666669 0.7303333333333332 0.4761666666666666 0.08766666666666666 0.5411666666666667 0.20366666666666666 0.8135000000000001 0.7521666666666667 0.5248333333333334 0.5099999999999999 0.10283333333333335 0.12783333333333335 0.4533333333333332 0.113 0.7389999999999999 0.1768333333333333 0.8183333333333335 0.8356666666666667 0.7275 0.3718333333333333 
0.3756666666666667 0.20866666666666667 0.4816666666666666 0.3121666666666667 0.32933333333333337 0.05149999999999998 0.32666666666666666 0.148 0.31600000000000006 0.03933333333333333 0.3178333333333333 0.1428333333333333 0.30566666666666664 0.09533333333333331 0.316 0.15966666666666662 0.33516666666666667 0.3628333333333332 0.3421666666666666 0.19166666666666668 0.82 1.0 0.592 0.7721666666666666 0.5995000000000001 0.5998333333333332 0.699 0.7886666666666667 0.18733333333333338 0.15266666666666664 0.5631666666666668 0.6094999999999999 0.14949999999999997 0.15166666666666662 0.7383333333333333 0.7243333333333334 0.5924999999999998 0.1843333333333333 0.6755000000000001 0.7219999999999999 0.8561666666666666 0.3586666666666666 0.37799999999999995 0.5183333333333333 0.35116666666666674 0.034333333333333334 0.5461666666666668 0.5835 0.5358333333333333 0.42383333333333334 0.16383333333333333 0.3783333333333333 0.4753333333333334 0.5671666666666666 0.6881666666666666 0.503 0.2856666666666666 0.17166666666666663 0.13999999999999996 0.1466666666666666 0.15050000000000005 0.13249999999999995 0.14833333333333332 0.1505 0.4549999999999999 0.05600000000000001 0.21166666666666667 0.19849999999999998 0.25283333333333324 0.4225 0.6669999999999999 0.5955 0.3396666666666667 0.13966666666666663 0.4045 0.20933333333333334 0.6751666666666667 0.6925000000000001 0.6243333333333334 0.6114999999999999 0.16799999999999998 0.18116666666666667 0.31650000000000006 0.16616666666666663 0.659 0.23550000000000001 0.6849999999999997 0.7833333333333333 0.6354999999999998 0.4613333333333334 
0.6191666666666668 0.0006666666666666666 0.8800000000000003 0.14316666666666664 0.71 0.2505 0.7038333333333334 0.0 0.6844999999999999 0.18183333333333337 0.654 0.0015000000000000002 0.6408333333333333 0.08600000000000002 0.6698333333333334 0.0013333333333333333 0.17400000000000004 0.13383333333333336 0.7150000000000002 0.0 0.7278333333333334 0.592 1.0 0.7553333333333334 0.9770000000000002 0.9751666666666671 0.8488333333333334 0.7448333333333335 0.0 0.0 0.9413333333333334 0.9533333333333336 0.00016666666666666666 0.0 0.7941666666666667 0.5919999999999999 0.968166666666667 0.179 0.8776666666666667 0.6349999999999999 0.6575000000000003 0.030333333333333337 0.7546666666666666 0.9063333333333334 0.7349999999999999 0.23149999999999996 0.9403333333333331 0.9800000000000005 0.7798333333333334 0.4574999999999998 0.001 0.22199999999999995 0.1298333333333333 0.9528333333333334 0.6135 0.229 0.38966666666666666 0.006333333333333333 0.0011666666666666668 0.0 0.06933333333333333 0.004 0.0 0.0 0.8515000000000001 0.14866666666666667 0.04699999999999997 0.0005 0.008666666666666666 0.3363333333333333 0.8848333333333334 0.9745000000000001 0.7070000000000001 0.0016666666666666668 0.7849999999999998 0.44316666666666665 0.8131666666666668 0.6505000000000001 0.36000000000000015 0.3771666666666666 0.0 0.00016666666666666666 0.682 0.0 0.5688333333333334 0.0008333333333333333 0.8466666666666669 0.6541666666666667 0.599 0.18549999999999994 
0.38783333333333336 0.03466666666666667 0.6426666666666666 0.20816666666666664 0.4663333333333334 0.0345 0.461 0.032 0.44216666666666654 0.011000000000000001 0.43266666666666664 0.02816666666666667 0.4213333333333334 0.037 0.4379999999999999 0.04166666666666666 0.19083333333333324 0.287 0.4724999999999999 0.030166666666666665 0.8763333333333335 0.7721666666666666 0.7553333333333334 1.0 0.7699999999999999 0.7645000000000002 0.8988333333333329 0.9563333333333334 0.0305 0.033 0.7116666666666666 0.7541666666666669 0.032833333333333325 0.034666666666666665 0.9514999999999999 0.7851666666666667 0.7655 0.1778333333333333 0.8728333333333331 0.8463333333333333 0.8354999999999997 0.19166666666666665 0.5135 0.6643333333333333 0.49183333333333323 0.01566666666666667 0.7006666666666668 0.7468333333333335 0.5433333333333334 0.452 0.044333333333333336 0.39833333333333343 0.279 0.7358333333333335 0.7509999999999999 0.3919999999999998 0.19283333333333336 0.04516666666666667 0.029500000000000002 0.03066666666666667 0.07299999999999998 0.026166666666666668 0.0315 0.032499999999999994 0.6141666666666666 0.017000000000000005 0.18116666666666664 0.07866666666666666 0.04883333333333332 0.42566666666666664 0.8571666666666666 0.7438333333333333 0.46533333333333343 0.026000000000000006 0.5433333333333334 0.20116666666666672 0.8021666666666667 0.6918333333333332 0.5548333333333332 0.5541666666666667 0.03816666666666666 0.061 0.4511666666666668 0.047666666666666656 0.6955 0.12283333333333334 0.8829999999999998 0.8199999999999997 0.6443333333333334 0.3185 
