1.0 0.6396666666666665 0.25233333333333324 0.552 0.106 0.0034999999999999996 0.16516666666666668 0.3068333333333334 0.06433333333333331 0.23999999999999996 0.4396666666666666 0.12466666666666663 0.22899999999999995 0.11333333333333337 0.16133333333333333 0.020000000000000004 0.31933333333333336 0.3293333333333334 0.7480000000000001 0.6010000000000001 0.22049999999999997 0.1991666666666667 0.2514999999999999 0.25183333333333324 0.3619999999999999 0.005166666666666666 0.078 0.004166666666666667 0.18916666666666665 0.1848333333333333 0.3338333333333335 0.205 0.5318333333333335 0.5844999999999999 0.5576666666666669 0.5511666666666668 0.0021666666666666666 0.038333333333333316 0.013999999999999999 0.0031666666666666666 0.04999999999999999 0.07750000000000001 0.5843333333333331 0.5871666666666664 0.7630000000000001 0.7749999999999999 0.7408333333333335 0.7488333333333336 0.7184999999999999 0.6203333333333333 0.7966666666666664 0.2815000000000001 0.7611666666666664 0.73 0.6661666666666669 0.5101666666666665 0.7253333333333336 0.6643333333333332 0.14166666666666666 0.5740000000000001 0.18649999999999992 0.2858333333333332 0.19716666666666666 0.24283333333333335 0.25199999999999995 0.28350000000000003 0.5638333333333333 0.6103333333333333 0.7838333333333334 0.7626666666666665 0.12833333333333333 0.31116666666666676 0.04033333333333334 0.5831666666666666 0.06916666666666668 0.0018333333333333335 0.0795 0.08500000000000002 0.23683333333333334 0.3826666666666667 0.2356666666666667 0.26466666666666666 0.13033333333333333 0.21666666666666662 0.39866666666666667 0.2456666666666666 0.0876666666666667 0.19749999999999995 0.19516666666666677 0.2523333333333333 
0.6396666666666665 1.0 0.12400000000000004 0.4375 0.050333333333333334 0.08600000000000002 0.0275 0.02416666666666667 0.1015 0.11316666666666665 0.3015000000000001 0.17216666666666666 0.267 0.17116666666666663 0.028333333333333335 0.07983333333333333 0.19783333333333336 0.20900000000000002 0.7123333333333335 0.8119999999999998 0.4125000000000001 0.3505 0.12500000000000003 0.1231666666666667 0.3971666666666668 0.12533333333333332 0.23250000000000004 0.13216666666666665 0.04916666666666668 0.05100000000000002 0.373 0.056166666666666656 0.41816666666666663 0.4761666666666667 0.4345000000000001 0.42766666666666664 0.07466666666666667 0.033 0.14516666666666667 0.03166666666666667 0.07716666666666666 0.038 0.4746666666666667 0.482 0.5941666666666667 0.6826666666666666 0.6906666666666667 0.6795 0.7606666666666668 0.8233333333333335 0.8118333333333334 0.42233333333333334 0.7163333333333333 0.6728333333333333 0.6918333333333334 0.38383333333333347 0.6559999999999999 0.9520000000000006 0.05399999999999999 0.8588333333333332 0.05833333333333333 0.16533333333333336 0.069 0.11583333333333329 0.12399999999999999 0.1465 0.4936666666666666 0.5403333333333333 0.8171666666666668 0.8303333333333335 0.13199999999999995 0.19683333333333342 0.15633333333333332 0.47216666666666673 0.1963333333333334 0.08283333333333333 0.15766666666666668 0.18616666666666665 0.10983333333333332 0.2695 0.10849999999999994 0.14166666666666666 0.09933333333333333 0.09133333333333335 0.3163333333333333 0.1266666666666667 0.1421666666666666 0.31683333333333336 0.3525 0.12183333333333335 
0.25233333333333324 0.12400000000000004 1.0 0.6761666666666666 0.3408333333333334 0.2716666666666667 0.41600000000000004 0.38016666666666665 0.31533333333333335 0.6326666666666667 0.05783333333333332 0.3891666666666665 0.27649999999999997 0.48783333333333334 0.30183333333333334 0.615 0.09899999999999999 0.07466666666666666 0.4065000000000001 0.028999999999999998 0.04349999999999999 0.07133333333333335 0.966833333333334 0.8498333333333337 0.08299999999999998 0.2553333333333333 0.3078333333333333 0.27216666666666667 0.26966666666666667 0.2486666666666667 0.18299999999999997 0.6045000000000001 0.004666666666666667 0.0008333333333333333 0.6698333333333334 0.6770000000000002 0.4038333333333334 0.5683333333333334 0.32550000000000007 0.34333333333333327 0.3098333333333334 0.4018333333333333 0.5884999999999999 0.5863333333333334 0.357 0.0705 0.423 0.425 0.005666666666666668 0.05333333333333334 0.30133333333333334 0.15766666666666668 0.38900000000000007 0.4393333333333333 0.26733333333333337 0.6306666666666666 0.003 0.14183333333333337 0.23900000000000002 0.0535 0.11383333333333331 0.10400000000000001 0.10433333333333332 0.10099999999999999 0.9758333333333337 0.9341666666666663 0.5015 0.518 0.29833333333333345 0.26983333333333337 0.5673333333333335 0.6744999999999999 0.4728333333333334 0.003333333333333333 0.5286666666666666 0.3326666666666667 0.6171666666666668 0.552666666666667 0.08083333333333334 0.07883333333333335 0.10966666666666662 0.10199999999999994 0.288 0.07733333333333332 0.6933333333333332 0.7629999999999998 0.5026666666666667 0.31566666666666665 0.44216666666666676 0.9403333333333337 
0.552 0.4375 0.6761666666666666 1.0 0.21633333333333327 0.187 0.18466666666666667 0.2780000000000001 0.12416666666666665 0.5828333333333334 0.23566666666666666 0.3276666666666667 0.25483333333333325 0.35199999999999987 0.014166666666666668 0.34283333333333327 0.07383333333333335 0.02283333333333334 0.7201666666666664 0.3396666666666667 0.05666666666666667 0.07633333333333332 0.6763333333333335 0.6768333333333332 0.3185 0.1925 0.3068333333333333 0.18916666666666668 0.011666666666666667 0.009833333333333335 0.4231666666666667 0.4946666666666666 0.3053333333333333 0.3048333333333333 0.9560000000000004 0.9491666666666668 0.19566666666666663 0.3011666666666666 0.19266666666666665 0.18833333333333335 0.19399999999999995 0.17949999999999997 0.8780000000000001 0.8844999999999998 0.6571666666666667 0.3758333333333334 0.7338333333333332 0.7308333333333333 0.31083333333333324 0.3635 0.6138333333333332 0.07950000000000002 0.7038333333333333 0.7455000000000002 0.5700000000000001 0.5815 0.3036666666666666 0.4538333333333334 0.16116666666666668 0.3681666666666667 0.017499999999999998 0.012333333333333332 0.011500000000000002 0.011166666666666665 0.6755 0.6805000000000001 0.7951666666666669 0.813166666666667 0.613 0.5823333333333334 0.32549999999999996 0.5396666666666668 0.2428333333333333 0.295 0.2903333333333332 0.18283333333333332 0.3436666666666666 0.3155 0.011833333333333333 0.1005 0.012666666666666668 0.0175 0.13016666666666668 0.0115 0.5188333333333331 0.6368333333333334 0.322 0.22616666666666663 0.22833333333333336 0.6731666666666666 
0.106 0.050333333333333334 0.3408333333333334 0.21633333333333327 1.0 0.6033333333333332 0.6623333333333332 0.34916666666666657 0.6175000000000002 0.3814999999999999 0.36766666666666653 0.5144999999999998 0.33799999999999997 0.4925 0.5973333333333334 0.6219999999999998 0.47083333333333344 0.5431666666666668 0.025333333333333347 0.04083333333333333 0.2885 0.3125 0.3531666666666667 0.36333333333333345 0.3583333333333333 0.5283333333333333 0.5401666666666667 0.541 0.5286666666666665 0.5455000000000001 0.4489999999999999 0.38866666666666666 0.359 0.3381666666666666 0.2281666666666666 0.2339999999999999 0.5471666666666666 0.5440000000000002 0.5896666666666668 0.7328333333333332 0.6911666666666666 0.47383333333333333 0.1565 0.16283333333333336 0.10516666666666664 0.22999999999999995 0.03000000000000001 0.038833333333333345 0.20966666666666675 0.14516666666666667 0.027833333333333345 0.4321666666666666 0.02433333333333334 0.02383333333333334 0.10466666666666667 0.10816666666666669 0.29950000000000004 0.03733333333333335 0.6951666666666665 0.03616666666666667 0.5133333333333333 0.47816666666666663 0.5073333333333333 0.5081666666666668 0.34049999999999997 0.3413333333333333 0.2958333333333332 0.2425 0.02933333333333334 0.030333333333333344 0.4281666666666667 0.4256666666666667 0.4756666666666666 0.3178333333333333 0.5023333333333333 0.6198333333333335 0.5443333333333331 0.49316666666666664 0.5661666666666667 0.5448333333333335 0.5176666666666667 0.5248333333333334 0.4351666666666666 0.5331666666666666 0.16166666666666665 0.4138333333333333 0.5720000000000002 0.37749999999999995 0.35933333333333345 0.32466666666666666 
0.0034999999999999996 0.08600000000000002 0.2716666666666667 0.187 0.6033333333333332 1.0 0.39699999999999996 0.23816666666666664 0.43983333333333335 0.48133333333333334 0.10933333333333335 0.39033333333333337 0.15533333333333327 0.4413333333333332 0.273 0.4696666666666667 0.25933333333333336 0.35949999999999993 0.0105 0.18366666666666667 0.573 0.6491666666666666 0.28183333333333344 0.36950000000000005 0.2806666666666666 0.889 0.7213333333333332 0.885 0.2081666666666667 0.23083333333333325 0.44966666666666655 0.6001666666666667 0.0935 0.0695 0.18900000000000006 0.1916666666666667 0.8286666666666669 0.491 0.8016666666666667 0.7948333333333331 0.7164999999999999 0.46950000000000003 0.12533333333333332 0.12999999999999995 0.052666666666666674 0.03583333333333333 0.0125 0.017333333333333336 0.06916666666666665 0.04216666666666668 0.013000000000000001 0.32199999999999995 0.010666666666666666 0.013666666666666669 0.06633333333333334 0.1451666666666666 0.034666666666666665 0.07983333333333333 0.5279999999999999 0.2008333333333333 0.3373333333333332 0.309 0.33699999999999997 0.33816666666666656 0.27299999999999996 0.2515 0.2578333333333333 0.2053333333333334 0.013833333333333333 0.022666666666666675 0.5153333333333334 0.35200000000000004 0.5863333333333334 0.048 0.5176666666666666 0.8893333333333331 0.43866666666666654 0.4971666666666668 0.3993333333333333 0.2656666666666666 0.34883333333333333 0.34450000000000003 0.27299999999999996 0.36466666666666653 0.19333333333333333 0.4473333333333334 0.5221666666666668 0.5998333333333333 0.42499999999999993 0.28800000000000003 
0.16516666666666668 0.0275 0.41600000000000004 0.18466666666666667 0.6623333333333332 0.39699999999999996 1.0 0.5605 0.6416666666666668 0.3096666666666666 0.49533333333333324 0.5013333333333332 0.4213333333333334 0.47933333333333344 0.7390000000000001 0.6706666666666667 0.5471666666666668 0.5968333333333331 0.049666666666666665 0.048000000000000015 0.12600000000000003 0.1281666666666667 0.4198333333333334 0.38916666666666666 0.3396666666666666 0.32199999999999995 0.2626666666666667 0.32499999999999996 0.6866666666666665 0.6685000000000001 0.3565 0.40666666666666673 0.4431666666666667 0.4211666666666667 0.1728333333333334 0.17616666666666675 0.5203333333333334 0.6356666666666668 0.33233333333333337 0.5706666666666667 0.5451666666666667 0.6293333333333334 0.16166666666666668 0.1586666666666666 0.1001666666666667 0.25483333333333336 0.05183333333333334 0.051833333333333335 0.24299999999999994 0.15400000000000003 0.0075 0.41483333333333333 0.05333333333333335 0.060166666666666646 0.09716666666666661 0.19116666666666662 0.34616666666666673 0.017 0.6526666666666666 0.0034999999999999996 0.6525 0.6099999999999999 0.6438333333333334 0.6329999999999999 0.4161666666666667 0.36250000000000004 0.1598333333333333 0.11983333333333335 0.003333333333333333 0.002333333333333333 0.3416666666666666 0.2973333333333333 0.3393333333333333 0.40683333333333344 0.3623333333333333 0.43916666666666676 0.44316666666666654 0.3615 0.6304999999999998 0.5309999999999999 0.649 0.6393333333333332 0.6416666666666667 0.6111666666666667 0.30766666666666664 0.3803333333333333 0.5818333333333333 0.2538333333333334 0.3116666666666666 0.4206666666666667 
0.3068333333333334 0.02416666666666667 0.38016666666666665 0.2780000000000001 0.34916666666666657 0.23816666666666664 0.5605 1.0 0.4649999999999999 0.5348333333333334 0.41833333333333333 0.3391666666666666 0.3503333333333334 0.32433333333333336 0.5166666666666668 0.3106666666666667 0.47783333333333344 0.5696666666666667 0.23183333333333334 0.05800000000000001 0.2163333333333333 0.21366666666666667 0.3905000000000001 0.49733333333333357 0.3118333333333333 0.26566666666666666 0.15983333333333338 0.24433333333333326 0.47516666666666657 0.4531666666666668 0.15083333333333332 0.5193333333333332 0.39783333333333326 0.3924999999999999 0.26716666666666666 0.26783333333333337 0.22150000000000003 0.30000000000000004 0.13200000000000003 0.25533333333333336 0.2364999999999999 0.4346666666666666 0.30199999999999994 0.298 0.2863333333333333 0.24966666666666665 0.23816666666666664 0.23533333333333328 0.2415 0.1275 0.1391666666666667 0.3643333333333333 0.23483333333333337 0.24733333333333335 0.2095 0.26066666666666666 0.259 0.021333333333333336 0.5205 0.0034999999999999996 0.7053333333333334 0.6253333333333334 0.7021666666666665 0.655 0.38050000000000006 0.3276666666666666 0.11649999999999999 0.13466666666666666 0.12049999999999995 0.10316666666666668 0.11633333333333336 0.18416666666666665 0.04966666666666665 0.4006666666666667 0.07316666666666666 0.18416666666666667 0.09983333333333338 0.05833333333333334 0.6243333333333334 0.3949999999999999 0.6463333333333334 0.6409999999999999 0.6136666666666667 0.6550000000000001 0.4640000000000001 0.5299999999999999 0.36266666666666664 0.24100000000000005 0.2208333333333333 0.4138333333333335 
0.06433333333333331 0.1015 0.31533333333333335 0.12416666666666665 0.6175000000000002 0.43983333333333335 0.6416666666666668 0.4649999999999999 1.0 0.34766666666666673 0.40633333333333327 0.4726666666666667 0.5475000000000003 0.4850000000000001 0.6911666666666669 0.6246666666666667 0.48516666666666663 0.5289999999999997 0.07450000000000002 0.11566666666666667 0.23366666666666672 0.2333333333333333 0.33333333333333337 0.33399999999999996 0.369 0.377 0.32516666666666666 0.38599999999999995 0.6005 0.6003333333333332 0.27616666666666667 0.3373333333333332 0.3671666666666667 0.35 0.12383333333333335 0.12616666666666665 0.5031666666666667 0.44300000000000006 0.3856666666666667 0.5918333333333333 0.5065 0.5313333333333332 0.08166666666666668 0.0825 0.09233333333333336 0.13200000000000003 0.06466666666666669 0.06116666666666668 0.1205 0.2443333333333333 0.07183333333333333 0.5475 0.08566666666666672 0.07516666666666669 0.19533333333333336 0.149 0.21599999999999997 0.08316666666666667 0.5293333333333332 0.073 0.6138333333333333 0.5283333333333333 0.6073333333333335 0.5799999999999998 0.32233333333333336 0.26799999999999996 0.15983333333333333 0.10999999999999999 0.07633333333333335 0.06716666666666667 0.32533333333333325 0.30800000000000005 0.3285 0.34083333333333327 0.3973333333333335 0.4746666666666666 0.46649999999999986 0.3683333333333335 0.5843333333333333 0.45733333333333326 0.5931666666666667 0.5868333333333332 0.7036666666666669 0.5788333333333331 0.2918333333333334 0.3956666666666667 0.5823333333333331 0.34849999999999987 0.44233333333333325 0.3238333333333333 
0.23999999999999996 0.11316666666666665 0.6326666666666667 0.5828333333333334 0.3814999999999999 0.48133333333333334 0.3096666666666666 0.5348333333333334 0.34766666666666673 1.0 0.019000000000000003 0.44166666666666676 0.1706666666666666 0.5313333333333333 0.06816666666666667 0.4353333333333333 0.1381666666666667 0.2963333333333334 0.379 0.07900000000000001 0.2858333333333334 0.3294999999999999 0.6500000000000001 0.7573333333333336 0.16416666666666668 0.5093333333333334 0.37633333333333346 0.488 0.034499999999999996 0.031166666666666665 0.26883333333333337 0.7401666666666665 0.01566666666666667 0.014166666666666668 0.5886666666666669 0.5870000000000002 0.36583333333333334 0.35483333333333333 0.3659999999999999 0.42333333333333334 0.40083333333333326 0.298 0.5006666666666667 0.5043333333333334 0.3061666666666667 0.07866666666666665 0.37616666666666665 0.36800000000000005 0.019333333333333338 0.11299999999999999 0.2790000000000001 0.3593333333333333 0.3776666666666668 0.3961666666666666 0.3283333333333334 0.4603333333333333 0.014833333333333336 0.12649999999999997 0.4654999999999999 0.08733333333333336 0.28266666666666673 0.2833333333333333 0.2811666666666666 0.2846666666666666 0.6410000000000001 0.6075 0.4223333333333333 0.44066666666666665 0.2715 0.24299999999999994 0.3093333333333333 0.4196666666666667 0.2071666666666666 0.013333333333333334 0.27916666666666673 0.4210000000000001 0.28883333333333344 0.25000000000000006 0.3116666666666667 0.14083333333333337 0.2809999999999999 0.2771666666666668 0.37349999999999994 0.3115 0.5778333333333334 0.7878333333333335 0.5068333333333334 0.4655000000000002 0.3465 0.6801666666666668 
0.4396666666666666 0.3015000000000001 0.05783333333333332 0.23566666666666666 0.36766666666666653 0.10933333333333335 0.49533333333333324 0.41833333333333333 0.40633333333333327 0.019000000000000003 1.0 0.4426666666666667 0.6488333333333336 0.3206666666666667 0.6238333333333334 0.26766666666666666 0.6006666666666667 0.5096666666666667 0.24100000000000005 0.3275 0.046166666666666654 0.04066666666666666 0.051499999999999976 0.040166666666666656 0.5254999999999999 0.05 0.07583333333333334 0.0425 0.704 0.6669999999999997 0.4599999999999999 0.035166666666666666 0.871166666666667 0.8161666666666665 0.23866666666666667 0.23216666666666672 0.13950000000000004 0.2971666666666667 0.04666666666666666 0.21116666666666667 0.30683333333333346 0.35300000000000004 0.2771666666666667 0.2778333333333334 0.40233333333333327 0.5546666666666668 0.23916666666666675 0.2433333333333334 0.5188333333333334 0.42833333333333334 0.2688333333333333 0.25233333333333335 0.25050000000000006 0.24316666666666667 0.3116666666666666 0.1811666666666667 0.6401666666666668 0.2929999999999999 0.49600000000000016 0.27466666666666667 0.6766666666666665 0.5760000000000001 0.664 0.6168333333333332 0.05683333333333331 0.09233333333333332 0.3385000000000001 0.29766666666666663 0.26833333333333337 0.2700000000000001 0.12749999999999997 0.16149999999999998 0.12783333333333333 0.8178333333333332 0.13299999999999998 0.09449999999999999 0.18933333333333327 0.14816666666666667 0.5706666666666665 0.6184999999999998 0.61 0.5821666666666667 0.4898333333333332 0.6285 0.046833333333333324 0.03216666666666667 0.2021666666666666 0.03650000000000001 0.07716666666666669 0.05016666666666665 
0.12466666666666663 0.17216666666666666 0.3891666666666665 0.3276666666666667 0.5144999999999998 0.39033333333333337 0.5013333333333332 0.3391666666666666 0.4726666666666667 0.44166666666666676 0.4426666666666667 1.0 0.6441666666666666 0.8438333333333335 0.3738333333333334 0.631 0.39266666666666666 0.4731666666666666 0.10483333333333332 0.14866666666666664 0.16683333333333328 0.19466666666666668 0.40033333333333326 0.4693333333333333 0.3691666666666667 0.36866666666666653 0.33766666666666667 0.3396666666666666 0.39033333333333337 0.34800000000000003 0.5305 0.4076666666666667 0.40349999999999997 0.3636666666666666 0.3266666666666667 0.32483333333333325 0.40149999999999997 0.4836666666666665 0.24516666666666664 0.4626666666666669 0.5221666666666667 0.3783333333333332 0.23666666666666664 0.2418333333333333 0.1945 0.24983333333333338 0.11049999999999999 0.11999999999999994 0.206 0.27633333333333343 0.1378333333333333 0.44166666666666665 0.10149999999999998 0.11316666666666667 0.2113333333333333 0.20266666666666677 0.3145 0.1515 0.6933333333333332 0.1515 0.5789999999999998 0.5996666666666666 0.5745 0.5723333333333332 0.3911666666666666 0.3418333333333333 0.3940000000000001 0.3825000000000001 0.15466666666666667 0.14666666666666667 0.27683333333333326 0.2821666666666667 0.3043333333333333 0.3413333333333334 0.3635000000000001 0.3336666666666667 0.43449999999999994 0.3468333333333333 0.5131666666666667 0.3578333333333334 0.5591666666666667 0.5230000000000001 0.5208333333333333 0.5488333333333332 0.2693333333333333 0.48466666666666647 0.5145000000000001 0.2843333333333333 0.33616666666666667 0.4283333333333335 
0.22899999999999995 0.267 0.27649999999999997 0.25483333333333325 0.33799999999999997 0.15533333333333327 0.4213333333333334 0.3503333333333334 0.5475000000000003 0.1706666666666666 0.6488333333333336 0.6441666666666666 1.0 0.5715 0.5536666666666665 0.45083333333333336 0.4704999999999999 0.4306666666666667 0.204 0.2414999999999999 0.08816666666666668 0.09000000000000002 0.2803333333333334 0.28083333333333327 0.43800000000000006 0.1195 0.1555 0.11549999999999999 0.5694999999999998 0.5435 0.37983333333333336 0.15616666666666668 0.5814999999999999 0.5500000000000002 0.2525000000000001 0.2513333333333334 0.21483333333333335 0.3281666666666667 0.1111666666666667 0.2703333333333333 0.30700000000000005 0.39250000000000007 0.2318333333333333 0.2328333333333334 0.2778333333333334 0.32800000000000007 0.20983333333333326 0.21800000000000005 0.29116666666666674 0.3603333333333334 0.23183333333333334 0.358 0.2025 0.2101666666666666 0.2738333333333333 0.22566666666666665 0.4021666666666667 0.24799999999999994 0.4320000000000001 0.2236666666666667 0.5761666666666666 0.5396666666666666 0.5718333333333333 0.5488333333333333 0.27533333333333343 0.23883333333333323 0.31633333333333336 0.30200000000000005 0.24783333333333324 0.23883333333333334 0.1979999999999999 0.22016666666666665 0.20999999999999996 0.5355000000000003 0.2576666666666666 0.1493333333333333 0.36016666666666663 0.2638333333333333 0.4866666666666668 0.4388333333333334 0.5453333333333333 0.5176666666666666 0.5636666666666665 0.55 0.24016666666666667 0.26049999999999995 0.3608333333333333 0.15200000000000002 0.267 0.2726666666666667 
0.11333333333333337 0.17116666666666663 0.48783333333333334 0.35199999999999987 0.4925 0.4413333333333332 0.47933333333333344 0.32433333333333336 0.4850000000000001 0.5313333333333333 0.3206666666666667 0.8438333333333335 0.5715 1.0 0.32249999999999995 0.6161666666666669 0.3425000000000001 0.45049999999999996 0.12499999999999996 0.08999999999999998 0.2046666666666666 0.23116666666666663 0.4968333333333333 0.5926666666666667 0.2676666666666667 0.4198333333333333 0.3771666666666666 0.39249999999999985 0.33366666666666667 0.28699999999999987 0.4375 0.503 0.2831666666666667 0.24333333333333335 0.3483333333333334 0.34766666666666673 0.45616666666666683 0.45533333333333315 0.2823333333333333 0.48366666666666674 0.5385000000000001 0.3918333333333333 0.2608333333333334 0.26683333333333326 0.20016666666666663 0.18783333333333332 0.13350000000000004 0.14416666666666664 0.0955 0.18483333333333335 0.15916666666666665 0.4415 0.11749999999999998 0.13449999999999995 0.14600000000000002 0.2615 0.1983333333333334 0.16649999999999995 0.6738333333333333 0.10650000000000003 0.5599999999999999 0.5818333333333332 0.5543333333333333 0.5521666666666667 0.48833333333333334 0.4346666666666667 0.419 0.40916666666666657 0.17733333333333332 0.16733333333333333 0.3179999999999999 0.3436666666666667 0.3156666666666666 0.22266666666666662 0.37866666666666665 0.37983333333333336 0.5019999999999999 0.3941666666666667 0.49550000000000005 0.2918333333333334 0.5426666666666667 0.5035 0.49949999999999994 0.5288333333333334 0.38099999999999995 0.614 0.5521666666666668 0.3470000000000001 0.4068333333333335 0.5231666666666667 
0.16133333333333333 0.028333333333333335 0.30183333333333334 0.014166666666666668 0.5973333333333334 0.273 0.7390000000000001 0.5166666666666668 0.6911666666666669 0.06816666666666667 0.6238333333333334 0.3738333333333334 0.5536666666666665 0.32249999999999995 1.0 0.5586666666666669 0.6526666666666668 0.5591666666666668 0.0008333333333333334 0.05766666666666667 0.11183333333333334 0.11133333333333334 0.2975000000000001 0.1828333333333333 0.39233333333333326 0.20566666666666666 0.2058333333333333 0.2225 0.8986666666666667 0.8906666666666666 0.25866666666666666 0.171 0.5468333333333335 0.527 0.004 0.009500000000000001 0.3931666666666666 0.5108333333333334 0.2953333333333334 0.45666666666666655 0.407 0.5541666666666667 0.03849999999999999 0.03816666666666666 0.13266666666666663 0.26483333333333337 0.001 0.004166666666666667 0.24816666666666662 0.15700000000000003 0.0055 0.35350000000000004 0.009500000000000001 0.00016666666666666666 0.06399999999999999 0.16866666666666666 0.354 0.019333333333333338 0.5065000000000002 0.004 0.6788333333333334 0.5643333333333332 0.6731666666666665 0.6221666666666665 0.30183333333333334 0.25999999999999995 0.07033333333333332 0.017833333333333333 0.0021666666666666666 0.0018333333333333333 0.38849999999999996 0.3288333333333334 0.3833333333333334 0.5211666666666668 0.4035000000000001 0.33983333333333343 0.4885000000000001 0.4076666666666667 0.6201666666666668 0.5974999999999999 0.6416666666666666 0.6353333333333332 0.6058333333333337 0.6216666666666665 0.2041666666666667 0.1761666666666666 0.3906666666666667 0.16516666666666668 0.313 0.2723333333333333 
0.020000000000000004 0.07983333333333333 0.615 0.34283333333333327 0.6219999999999998 0.4696666666666667 0.6706666666666667 0.3106666666666667 0.6246666666666667 0.4353333333333333 0.26766666666666666 0.631 0.45083333333333336 0.6161666666666669 0.5586666666666669 1.0 0.3531666666666668 0.34033333333333327 0.09966666666666668 0.058666666666666645 0.12366666666666667 0.16600000000000004 0.6250000000000002 0.5305 0.34149999999999997 0.3990000000000001 0.37866666666666676 0.4006666666666667 0.4865 0.4898333333333333 0.42999999999999994 0.461 0.21649999999999994 0.20433333333333337 0.3425 0.34416666666666673 0.5899999999999999 0.7630000000000001 0.4218333333333333 0.6335000000000001 0.5616666666666665 0.5995000000000001 0.254 0.25666666666666665 0.0903333333333333 0.09833333333333334 0.11049999999999999 0.11383333333333331 0.08800000000000001 0.17150000000000007 0.05399999999999999 0.4103333333333333 0.09033333333333335 0.11916666666666663 0.1808333333333334 0.3356666666666666 0.17016666666666666 0.060999999999999985 0.517 0.06599999999999999 0.37783333333333324 0.35516666666666663 0.36999999999999994 0.36466666666666653 0.621 0.5673333333333332 0.299 0.2753333333333333 0.0665 0.055999999999999994 0.4873333333333333 0.4415 0.5135000000000001 0.18516666666666673 0.5763333333333334 0.5091666666666667 0.6391666666666667 0.5499999999999999 0.36166666666666664 0.307 0.38049999999999984 0.3678333333333334 0.5345000000000001 0.34466666666666657 0.39466666666666655 0.5113333333333333 0.688 0.3726666666666667 0.45566666666666655 0.6268333333333334 
0.31933333333333336 0.19783333333333336 0.09899999999999999 0.07383333333333335 0.47083333333333344 0.25933333333333336 0.5471666666666668 0.47783333333333344 0.48516666666666663 0.1381666666666667 0.6006666666666667 0.39266666666666666 0.4704999999999999 0.3425000000000001 0.6526666666666668 0.3531666666666668 1.0 0.6958333333333332 0.14883333333333337 0.22766666666666663 0.30883333333333346 0.3036666666666667 0.09549999999999993 0.14716666666666667 0.5483333333333333 0.24466666666666664 0.25683333333333336 0.22516666666666674 0.6555 0.6895 0.398 0.17916666666666664 0.5781666666666665 0.5686666666666667 0.07883333333333335 0.08083333333333335 0.2346666666666666 0.3606666666666667 0.16049999999999998 0.32516666666666666 0.3275 0.4465000000000001 0.09549999999999999 0.09766666666666665 0.20033333333333336 0.42916666666666664 0.14683333333333334 0.15150000000000002 0.415 0.31466666666666665 0.16099999999999998 0.4021666666666666 0.15683333333333338 0.1408333333333333 0.2145 0.1876666666666667 0.5061666666666668 0.18916666666666665 0.5271666666666666 0.17350000000000002 0.6433333333333334 0.6458333333333333 0.6625 0.6985000000000001 0.09916666666666663 0.12766666666666665 0.17466666666666664 0.12416666666666668 0.15816666666666668 0.15966666666666668 0.21533333333333335 0.1706666666666667 0.22099999999999997 0.562 0.2365 0.20616666666666666 0.2718333333333333 0.24066666666666667 0.7131666666666666 0.6436666666666666 0.722166666666667 0.7295000000000001 0.5246666666666665 0.6775 0.1838333333333333 0.14949999999999994 0.29600000000000004 0.19883333333333336 0.1893333333333333 0.10616666666666663 
0.3293333333333334 0.20900000000000002 0.07466666666666666 0.02283333333333334 0.5431666666666668 0.35949999999999993 0.5968333333333331 0.5696666666666667 0.5289999999999997 0.2963333333333334 0.5096666666666667 0.4731666666666666 0.4306666666666667 0.45049999999999996 0.5591666666666668 0.34033333333333327 0.6958333333333332 1.0 0.14766666666666672 0.235 0.4373333333333334 0.43466666666666653 0.08633333333333328 0.19583333333333333 0.4440000000000001 0.3406666666666666 0.22466666666666663 0.3148333333333334 0.5478333333333333 0.5343333333333333 0.38600000000000007 0.30266666666666675 0.513 0.5166666666666667 0.011333333333333338 0.011333333333333336 0.27599999999999997 0.28733333333333333 0.1945 0.4378333333333334 0.45166666666666677 0.3971666666666666 0.017833333333333336 0.024333333333333332 0.16116666666666668 0.45266666666666666 0.14333333333333337 0.14783333333333334 0.4286666666666666 0.3368333333333334 0.18183333333333335 0.6633333333333334 0.1576666666666667 0.12833333333333335 0.218 0.13466666666666666 0.5391666666666667 0.20050000000000004 0.7243333333333334 0.18533333333333335 0.7731666666666668 0.8418333333333335 0.7903333333333336 0.8423333333333332 0.07683333333333332 0.028500000000000004 0.13416666666666668 0.09833333333333333 0.17933333333333337 0.1801666666666667 0.06316666666666665 0.06266666666666666 0.0655 0.4978333333333333 0.08916666666666664 0.29716666666666663 0.15900000000000003 0.08466666666666668 0.8731666666666666 0.7478333333333333 0.8403333333333335 0.8781666666666663 0.5941666666666666 0.8429999999999999 0.26416666666666666 0.26116666666666677 0.4441666666666667 0.3625 0.3096666666666667 0.10566666666666669 
0.7480000000000001 0.7123333333333335 0.4065000000000001 0.7201666666666664 0.025333333333333347 0.0105 0.049666666666666665 0.23183333333333334 0.07450000000000002 0.379 0.24100000000000005 0.10483333333333332 0.204 0.12499999999999996 0.0008333333333333334 0.09966666666666668 0.14883333333333337 0.14766666666666672 1.0 0.57 0.27249999999999996 0.20800000000000007 0.40750000000000014 0.4065000000000001 0.3701666666666666 0.012333333333333332 0.11683333333333333 0.011000000000000001 0.0036666666666666666 0.010500000000000002 0.2961666666666667 0.2799999999999999 0.3366666666666665 0.36950000000000016 0.7173333333333334 0.7103333333333333 0.0034999999999999996 0.07766666666666663 0.021500000000000005 0.0016666666666666666 0.02933333333333335 0.057666666666666665 0.7541666666666668 0.7598333333333334 0.7209999999999998 0.5843333333333333 0.9668333333333338 0.9483333333333337 0.5183333333333333 0.602 0.8851666666666665 0.29900000000000004 0.964166666666667 0.951666666666667 0.7673333333333333 0.6373333333333334 0.5038333333333334 0.7263333333333335 0.0005 0.6205 0.0015 0.09266666666666672 0.012500000000000002 0.06050000000000002 0.40666666666666673 0.42983333333333335 0.6221666666666666 0.6556666666666667 0.8751666666666666 0.8521666666666667 0.15199999999999997 0.3861666666666668 0.03950000000000001 0.3479999999999999 0.08416666666666668 0.003833333333333333 0.12549999999999997 0.10949999999999997 0.06650000000000005 0.21433333333333335 0.05866666666666668 0.0836666666666667 0.13033333333333333 0.03699999999999999 0.5993333333333333 0.396 0.18216666666666664 0.2235 0.2456666666666666 0.40366666666666673 
0.6010000000000001 0.8119999999999998 0.028999999999999998 0.3396666666666667 0.04083333333333333 0.18366666666666667 0.048000000000000015 0.05800000000000001 0.11566666666666667 0.07900000000000001 0.3275 0.14866666666666664 0.2414999999999999 0.08999999999999998 0.05766666666666667 0.058666666666666645 0.22766666666666663 0.235 0.57 1.0 0.4711666666666667 0.43833333333333335 0.034333333333333334 0.0315 0.397 0.22283333333333333 0.31316666666666665 0.23 0.07616666666666667 0.07949999999999999 0.37650000000000006 0.03549999999999999 0.44733333333333347 0.4985000000000001 0.3446666666666667 0.33599999999999997 0.17016666666666666 0.03533333333333335 0.24916666666666654 0.07433333333333333 0.10299999999999997 0.10649999999999998 0.3528333333333332 0.36200000000000004 0.5015000000000002 0.6478333333333333 0.551 0.541 0.7646666666666665 0.8123333333333332 0.6706666666666667 0.4018333333333333 0.5935 0.5358333333333333 0.6491666666666667 0.29366666666666674 0.6548333333333332 0.8043333333333333 0.05099999999999999 0.8951666666666667 0.08633333333333332 0.19083333333333338 0.09733333333333329 0.14416666666666664 0.034333333333333334 0.05149999999999998 0.39783333333333337 0.44349999999999995 0.6766666666666667 0.6936666666666664 0.15 0.11383333333333334 0.2545 0.4955 0.2595 0.18050000000000005 0.09483333333333331 0.18616666666666673 0.13783333333333328 0.3003333333333334 0.13733333333333334 0.16950000000000004 0.14216666666666664 0.12083333333333333 0.19633333333333347 0.03216666666666667 0.1298333333333333 0.35150000000000003 0.3388333333333333 0.03649999999999999 
0.22049999999999997 0.4125000000000001 0.04349999999999999 0.05666666666666667 0.2885 0.573 0.12600000000000003 0.2163333333333333 0.23366666666666672 0.2858333333333334 0.046166666666666654 0.16683333333333328 0.08816666666666668 0.2046666666666666 0.11183333333333334 0.12366666666666667 0.30883333333333346 0.4373333333333334 0.27249999999999996 0.4711666666666667 1.0 0.9066666666666667 0.055666666666666656 0.17350000000000004 0.2796666666666666 0.6523333333333333 0.5831666666666669 0.6463333333333334 0.04583333333333332 0.08966666666666663 0.26483333333333325 0.3349999999999999 0.07416666666666667 0.10050000000000002 0.048500000000000015 0.050166666666666665 0.4376666666666666 0.13666666666666663 0.5721666666666667 0.3993333333333332 0.3250000000000001 0.25983333333333336 0.09850000000000003 0.105 0.17333333333333328 0.2791666666666666 0.2715 0.2798333333333334 0.34850000000000003 0.3305 0.2918333333333332 0.4784999999999998 0.26683333333333326 0.24 0.2808333333333333 0.1868333333333334 0.24316666666666664 0.4076666666666667 0.268 0.5061666666666668 0.2371666666666667 0.31900000000000006 0.2533333333333333 0.3053333333333333 0.043166666666666666 0.03466666666666668 0.12350000000000003 0.12283333333333334 0.299 0.32283333333333325 0.3083333333333333 0.16616666666666668 0.4053333333333333 0.09450000000000003 0.33649999999999997 0.5246666666666663 0.22149999999999995 0.30833333333333335 0.349 0.3173333333333333 0.3005 0.33399999999999996 0.19566666666666666 0.306 0.2735000000000001 0.2245 0.2813333333333334 0.6003333333333333 0.43483333333333346 0.0635 
0.1991666666666667 0.3505 0.07133333333333335 0.07633333333333332 0.3125 0.6491666666666666 0.1281666666666667 0.21366666666666667 0.2333333333333333 0.3294999999999999 0.04066666666666666 0.19466666666666668 0.09000000000000002 0.23116666666666663 0.11133333333333334 0.16600000000000004 0.3036666666666667 0.43466666666666653 0.20800000000000007 0.43833333333333335 0.9066666666666667 1.0 0.08316666666666665 0.20200000000000007 0.31866666666666665 0.7276666666666667 0.6048333333333336 0.7231666666666666 0.04316666666666666 0.08583333333333334 0.3383333333333334 0.40850000000000003 0.06633333333333334 0.08800000000000001 0.07300000000000001 0.07433333333333333 0.5138333333333334 0.20783333333333323 0.6440000000000002 0.4746666666666666 0.39533333333333326 0.29949999999999993 0.05916666666666669 0.06783333333333334 0.13316666666666668 0.2473333333333333 0.20633333333333334 0.21116666666666667 0.32600000000000007 0.30100000000000005 0.2308333333333334 0.44883333333333325 0.20966666666666672 0.18883333333333333 0.26749999999999996 0.24533333333333332 0.22616666666666663 0.3443333333333333 0.30000000000000004 0.4688333333333332 0.23383333333333334 0.314 0.2508333333333333 0.3015 0.071 0.05833333333333332 0.14183333333333334 0.13816666666666666 0.23750000000000004 0.2588333333333333 0.3458333333333334 0.1511666666666667 0.4383333333333333 0.08683333333333336 0.3641666666666666 0.6016666666666667 0.24316666666666664 0.3331666666666667 0.34583333333333327 0.31299999999999994 0.29716666666666663 0.33083333333333337 0.19150000000000006 0.3024999999999999 0.2740000000000001 0.24949999999999994 0.3238333333333334 0.6736666666666666 0.46083333333333326 0.09300000000000001 
0.2514999999999999 0.12500000000000003 0.966833333333334 0.6763333333333335 0.3531666666666667 0.28183333333333344 0.4198333333333334 0.3905000000000001 0.33333333333333337 0.6500000000000001 0.051499999999999976 0.40033333333333326 0.2803333333333334 0.4968333333333333 0.2975000000000001 0.6250000000000002 0.09549999999999993 0.08633333333333328 0.40750000000000014 0.034333333333333334 0.055666666666666656 0.08316666666666665 1.0 0.8654999999999998 0.08633333333333329 0.26583333333333337 0.3131666666666668 0.28200000000000003 0.2576666666666667 0.23850000000000005 0.1851666666666667 0.6140000000000001 0.0045000000000000005 0.0008333333333333333 0.676 0.6806666666666666 0.40666666666666657 0.5524999999999999 0.33716666666666667 0.3515 0.3133333333333334 0.39949999999999997 0.5803333333333335 0.5796666666666668 0.3505 0.07016666666666665 0.4198333333333332 0.4193333333333334 0.005666666666666668 0.05949999999999999 0.30150000000000005 0.17550000000000004 0.393 0.4403333333333334 0.2743333333333334 0.6246666666666665 0.0025 0.1413333333333333 0.2503333333333333 0.06049999999999998 0.12449999999999997 0.11499999999999998 0.11516666666666663 0.11166666666666662 0.9666666666666669 0.923333333333333 0.49533333333333324 0.5133333333333333 0.30083333333333345 0.26933333333333337 0.5531666666666666 0.6584999999999998 0.4605 0.0015 0.519 0.3390000000000001 0.5988333333333332 0.5371666666666667 0.09099999999999996 0.08199999999999998 0.11999999999999994 0.1128333333333333 0.30349999999999994 0.08799999999999995 0.7019999999999997 0.7736666666666671 0.5138333333333333 0.3306666666666666 0.45433333333333337 0.9451666666666668 
0.25183333333333324 0.1231666666666667 0.8498333333333337 0.6768333333333332 0.36333333333333345 0.36950000000000005 0.38916666666666666 0.49733333333333357 0.33399999999999996 0.7573333333333336 0.040166666666666656 0.4693333333333333 0.28083333333333327 0.5926666666666667 0.1828333333333333 0.5305 0.14716666666666667 0.19583333333333333 0.4065000000000001 0.0315 0.17350000000000004 0.20200000000000007 0.8654999999999998 1.0 0.12216666666666665 0.37666666666666665 0.4093333333333332 0.38750000000000007 0.13900000000000004 0.1291666666666667 0.21850000000000003 0.7248333333333333 0.004666666666666667 0.001 0.6735000000000001 0.6783333333333335 0.3981666666666668 0.4353333333333332 0.3171666666666666 0.3565 0.3121666666666666 0.36766666666666664 0.5835000000000001 0.5821666666666667 0.3528333333333334 0.0705 0.42133333333333334 0.4215 0.005833333333333334 0.056666666666666664 0.3 0.25033333333333335 0.38966666666666677 0.4379999999999999 0.27149999999999996 0.5364999999999996 0.0025 0.14066666666666666 0.349 0.058166666666666644 0.22316666666666662 0.22266666666666654 0.22033333333333333 0.21949999999999992 0.8483333333333337 0.8056666666666663 0.4981666666666667 0.5156666666666666 0.29933333333333345 0.26833333333333337 0.4401666666666668 0.5641666666666667 0.34666666666666673 0.0013333333333333333 0.40383333333333327 0.33233333333333337 0.4846666666666667 0.42333333333333334 0.1988333333333333 0.06516666666666668 0.22633333333333325 0.22116666666666668 0.32133333333333325 0.19683333333333333 0.6950000000000002 0.8768333333333335 0.5100000000000001 0.3746666666666667 0.39666666666666683 0.8438333333333334 
