1.0 0.931 0.06149999999999999 0.6483333333333334 0.02966666666666667 0.16416666666666668 0.04650000000000001 0.2016666666666667 0.05199999999999999 0.04633333333333334 0.41466666666666674 0.2751666666666667 0.07383333333333333 0.11599999999999999 0.024500000000000008 0.08616666666666668 0.035166666666666666 0.285 0.37449999999999994 0.37949999999999995 0.06849999999999999 0.10749999999999998 0.05266666666666666 0.07616666666666666 0.044833333333333336 0.039333333333333345 0.16266666666666665 0.4390000000000001 0.08483333333333333 0.031166666666666676 0.014500000000000004 0.02066666666666667 0.07033333333333334 0.14766666666666667 0.1093333333333333 0.14516666666666667 0.052333333333333315 0.5291666666666667 0.06599999999999999 0.09050000000000002 0.027333333333333338 0.3401666666666667 0.827833333333333 0.87 0.6333333333333335 0.8248333333333333 0.6656666666666665 0.9301666666666665 0.8845000000000003 0.8851666666666663 0.7630000000000001 0.8859999999999998 0.45933333333333337 0.523 0.22099999999999997 0.3278333333333333 0.9351666666666665 0.8838333333333332 0.5081666666666668 0.5993333333333334 0.11699999999999999 0.05366666666666666 0.07783333333333332 0.05716666666666668 0.07833333333333332 0.07516666666666665 0.08350000000000002 0.11133333333333334 0.8536666666666665 0.10666666666666666 0.06083333333333332 0.1173333333333334 0.44333333333333336 0.4159999999999999 0.412 0.49083333333333345 0.14033333333333334 0.6303333333333332 0.027000000000000003 0.03283333333333334 0.0335 0.042 0.037000000000000005 0.05799999999999999 0.0375 0.11200000000000002 0.07066666666666666 0.07616666666666667 0.013666666666666669 0.046000000000000006 
0.931 1.0 0.10233333333333333 0.6935000000000001 0.05033333333333332 0.16483333333333333 0.0825 0.2388333333333334 0.05299999999999997 0.04866666666666666 0.4381666666666667 0.26733333333333337 0.09983333333333334 0.14266666666666666 0.0175 0.10983333333333332 0.004833333333333333 0.2596666666666666 0.3555 0.3508333333333333 0.04583333333333333 0.08116666666666665 0.08100000000000002 0.0745 0.05783333333333334 0.04833333333333332 0.1431666666666667 0.42449999999999993 0.06333333333333332 0.005333333333333333 0.019666666666666673 0.032833333333333325 0.11016666666666666 0.19449999999999995 0.15900000000000003 0.195 0.02966666666666667 0.49566666666666676 0.043500000000000004 0.06783333333333333 0.0008333333333333334 0.31050000000000005 0.8553333333333336 0.894833333333333 0.6771666666666666 0.8745000000000002 0.6391666666666665 0.9056666666666666 0.87 0.9051666666666667 0.7418333333333329 0.9296666666666665 0.4363333333333334 0.5023333333333335 0.19833333333333336 0.3033333333333333 0.9063333333333334 0.9273333333333335 0.4871666666666667 0.6446666666666667 0.15316666666666667 0.09 0.10116666666666667 0.09283333333333334 0.12399999999999997 0.12050000000000002 0.12533333333333332 0.15866666666666662 0.8726666666666665 0.0845 0.057333333333333306 0.07916666666666665 0.44849999999999995 0.42166666666666663 0.43199999999999994 0.5201666666666668 0.14783333333333334 0.5886666666666671 0.00016666666666666666 0.0025 0.003 0.019333333333333338 0.013166666666666669 0.03516666666666667 0.054166666666666675 0.15300000000000005 0.048499999999999995 0.05366666666666666 0.026500000000000003 0.04466666666666667 
0.06149999999999999 0.10233333333333333 1.0 0.3641666666666667 0.6629999999999998 0.2588333333333333 0.8086666666666666 0.5785 0.694166666666667 0.6348333333333334 0.4758333333333332 0.3835 0.7300000000000001 0.40466666666666656 0.5158333333333334 0.5958333333333333 0.19266666666666665 0.09100000000000001 0.4078333333333333 0.0006666666666666666 0.017333333333333333 0.051166666666666666 0.5535000000000003 0.43216666666666675 0.4936666666666666 0.45533333333333326 0.12066666666666666 0.1515 0.3400000000000001 0.23950000000000007 0.47900000000000004 0.4481666666666667 0.7708333333333335 0.6198333333333332 0.5856666666666667 0.5770000000000001 0.024166666666666666 0.060666666666666674 0.0175 0.017166666666666667 0.17133333333333334 0.03350000000000001 0.20566666666666675 0.15649999999999997 0.3561666666666667 0.19466666666666663 0.008166666666666666 0.06416666666666668 0.04583333333333332 0.07233333333333332 0.027500000000000004 0.13750000000000007 0.0024999999999999996 0.027833333333333335 0.016500000000000004 0.01916666666666667 0.045666666666666654 0.15633333333333335 0.252 0.3753333333333333 0.7770000000000001 0.7783333333333335 0.7218333333333333 0.7895000000000002 0.6321666666666669 0.6178333333333333 0.6905000000000002 0.6321666666666665 0.15833333333333333 0.019000000000000003 0.29633333333333334 0.2513333333333333 0.3318333333333333 0.4008333333333332 0.46649999999999997 0.45300000000000007 0.6653333333333332 0.2705000000000001 0.2794999999999999 0.31483333333333313 0.21250000000000002 0.1985 0.06166666666666666 0.019166666666666672 0.39566666666666656 0.29899999999999993 0.01583333333333333 0.01816666666666667 0.45549999999999996 0.41433333333333344 
0.6483333333333334 0.6935000000000001 0.3641666666666667 1.0 0.27366666666666667 0.27116666666666667 0.32566666666666677 0.49666666666666665 0.22883333333333325 0.23266666666666658 0.5448333333333332 0.32866666666666666 0.2823333333333333 0.18283333333333332 0.051 0.15749999999999997 0.0016666666666666666 0.24299999999999994 0.3903333333333333 0.3321666666666666 0.04033333333333333 0.08066666666666665 0.23416666666666663 0.17099999999999999 0.1971666666666667 0.1638333333333333 0.18416666666666665 0.45299999999999996 0.022666666666666672 0.0008333333333333333 0.11933333333333332 0.14416666666666667 0.3596666666666668 0.4689999999999999 0.34783333333333316 0.3831666666666667 0.020500000000000004 0.23433333333333337 0.030000000000000006 0.05083333333333334 0.0003333333333333333 0.13849999999999998 0.7116666666666667 0.7111666666666667 0.8865 0.7545000000000001 0.4885 0.6363333333333332 0.6171666666666669 0.6531666666666668 0.5381666666666666 0.7236666666666668 0.26916666666666667 0.293 0.06833333333333332 0.11516666666666665 0.6258333333333332 0.7509999999999999 0.6758333333333333 0.9060000000000001 0.4023333333333332 0.3428333333333333 0.2769999999999999 0.3238333333333333 0.34583333333333327 0.32666666666666666 0.39050000000000007 0.43000000000000005 0.754833333333333 0.06033333333333333 0.044000000000000004 0.03166666666666666 0.5131666666666669 0.4533333333333332 0.5558333333333336 0.6309999999999999 0.23783333333333329 0.5561666666666667 0.0 0.0003333333333333333 0.0005 0.006 0.010166666666666666 0.030000000000000006 0.10066666666666667 0.2483333333333333 0.03916666666666666 0.03916666666666667 0.12066666666666669 0.15833333333333333 
0.02966666666666667 0.05033333333333332 0.6629999999999998 0.27366666666666667 1.0 0.24750000000000003 0.7964999999999998 0.5710000000000002 0.7823333333333332 0.8826666666666668 0.579 0.5209999999999999 0.7610000000000002 0.5618333333333334 0.5614999999999999 0.6058333333333332 0.38316666666666666 0.1495 0.4494999999999999 0.011833333333333333 0.146 0.12699999999999997 0.25916666666666655 0.14 0.2211666666666667 0.19800000000000006 0.11266666666666668 0.051500000000000004 0.5203333333333334 0.44916666666666666 0.2741666666666666 0.21383333333333332 0.6633333333333334 0.35666666666666663 0.27033333333333326 0.26550000000000007 0.15866666666666673 0.15433333333333338 0.14550000000000002 0.1421666666666667 0.33366666666666667 0.15266666666666667 0.1595 0.10983333333333337 0.31183333333333335 0.13783333333333328 0.007666666666666667 0.02316666666666667 0.022833333333333337 0.03766666666666666 0.0075000000000000015 0.08566666666666668 0.023 0.06316666666666666 0.13483333333333333 0.13916666666666663 0.02333333333333333 0.09949999999999999 0.1758333333333333 0.27083333333333326 0.7098333333333333 0.6738333333333333 0.7631666666666667 0.8008333333333334 0.3146666666666667 0.2981666666666667 0.49566666666666664 0.3463333333333334 0.12049999999999994 0.14533333333333334 0.3286666666666667 0.35266666666666674 0.3299999999999999 0.40449999999999997 0.4206666666666666 0.3229999999999999 0.6730000000000002 0.1678333333333333 0.42433333333333323 0.4684999999999999 0.4071666666666666 0.4049999999999999 0.22683333333333333 0.15699999999999997 0.3953333333333333 0.28233333333333327 0.139 0.1445 0.4529999999999999 0.3764999999999999 
0.16416666666666668 0.16483333333333333 0.2588333333333333 0.27116666666666667 0.24750000000000003 1.0 0.1285 0.17083333333333336 0.10550000000000002 0.19200000000000003 0.08266666666666668 0.12200000000000005 0.07549999999999998 0.16866666666666666 0.11850000000000004 0.06333333333333332 0.3918333333333333 0.229 0.06233333333333332 0.2786666666666666 0.5524999999999999 0.5635000000000001 0.3533333333333333 0.39049999999999996 0.38266666666666665 0.3759999999999999 0.736 0.6624999999999999 0.18033333333333332 0.3293333333333333 0.26966666666666667 0.2526666666666666 0.13033333333333336 0.20999999999999996 0.27316666666666667 0.26933333333333326 0.5361666666666668 0.5328333333333334 0.548 0.5626666666666668 0.37349999999999994 0.5528333333333333 0.17900000000000002 0.1568333333333333 0.2108333333333334 0.16399999999999998 0.2683333333333333 0.17016666666666663 0.23733333333333334 0.21566666666666667 0.3308333333333332 0.17099999999999999 0.4566666666666667 0.5523333333333335 0.564 0.5916666666666667 0.20516666666666666 0.17149999999999999 0.3478333333333332 0.2596666666666666 0.13466666666666666 0.14233333333333337 0.078 0.10716666666666665 0.29433333333333334 0.30216666666666664 0.15183333333333332 0.2123333333333334 0.17516666666666666 0.5695 0.19816666666666663 0.24433333333333337 0.07350000000000001 0.03933333333333333 0.1086666666666666 0.15266666666666667 0.05516666666666664 0.18883333333333333 0.2800000000000001 0.25333333333333335 0.3521666666666667 0.35383333333333333 0.4826666666666665 0.5395 0.1955 0.6098333333333333 0.555 0.5573333333333335 0.3511666666666667 0.5796666666666668 
0.04650000000000001 0.0825 0.8086666666666666 0.32566666666666677 0.7964999999999998 0.1285 1.0 0.6273333333333334 0.8623333333333337 0.7763333333333334 0.5984999999999999 0.5085 0.909 0.5076666666666666 0.6460000000000001 0.7403333333333333 0.2316666666666667 0.12566666666666668 0.55 0.0006666666666666666 0.006666666666666666 0.007833333333333333 0.40966666666666657 0.29000000000000004 0.3503333333333332 0.3198333333333333 0.029333333333333333 0.039999999999999994 0.40466666666666673 0.2880000000000001 0.3908333333333335 0.34333333333333343 0.8508333333333334 0.5455000000000001 0.4545000000000001 0.45399999999999996 0.011333333333333336 0.027000000000000003 0.0021666666666666666 0.0013333333333333333 0.18466666666666673 0.01966666666666667 0.19166666666666665 0.14050000000000004 0.36166666666666664 0.1726666666666667 0.0003333333333333333 0.04299999999999999 0.024333333333333335 0.051166666666666645 0.0031666666666666666 0.1166666666666667 0.0008333333333333333 0.0023333333333333335 0.0013333333333333333 0.0021666666666666666 0.025666666666666664 0.1371666666666667 0.18949999999999995 0.32400000000000007 0.8943333333333331 0.8583333333333334 0.8963333333333335 0.9588333333333339 0.49816666666666676 0.478 0.6848333333333333 0.5343333333333331 0.153 0.0018333333333333335 0.31133333333333335 0.2768333333333333 0.4613333333333333 0.5401666666666668 0.5950000000000002 0.5021666666666668 0.8161666666666667 0.29900000000000004 0.3243333333333333 0.36300000000000004 0.2591666666666667 0.24050000000000002 0.06866666666666667 0.006666666666666667 0.37133333333333335 0.1795 0.0025 0.0016666666666666666 0.3891666666666667 0.2801666666666667 
0.2016666666666667 0.2388333333333334 0.5785 0.49666666666666665 0.5710000000000002 0.17083333333333336 0.6273333333333334 1.0 0.5151666666666667 0.5211666666666666 0.6016666666666667 0.46083333333333343 0.5556666666666668 0.4588333333333333 0.29750000000000004 0.39116666666666666 0.10200000000000001 0.18233333333333335 0.3586666666666666 0.149 0.02116666666666667 0.0415 0.4316666666666667 0.35066666666666685 0.41066666666666685 0.3776666666666667 0.09866666666666664 0.18866666666666668 0.16299999999999998 0.10483333333333329 0.3426666666666668 0.3905000000000001 0.7085000000000001 0.6038333333333334 0.5136666666666667 0.5058333333333335 0.004833333333333333 0.0395 0.0085 0.01 0.07533333333333332 0.02966666666666667 0.33949999999999997 0.29216666666666663 0.54 0.35216666666666674 0.15216666666666667 0.199 0.17933333333333334 0.20700000000000007 0.1581666666666667 0.2718333333333334 0.13366666666666666 0.10183333333333333 0.017 0.013666666666666669 0.18100000000000005 0.29516666666666674 0.37316666666666654 0.5075000000000001 0.6236666666666666 0.7393333333333334 0.5453333333333333 0.6101666666666666 0.5541666666666668 0.5393333333333333 0.6831666666666668 0.5933333333333334 0.30933333333333346 0.007833333333333333 0.12399999999999999 0.07933333333333331 0.3081666666666666 0.3715 0.4288333333333334 0.37733333333333335 0.4923333333333334 0.1768333333333334 0.14716666666666664 0.1355 0.10133333333333329 0.09866666666666665 0.018666666666666668 0.011333333333333338 0.3266666666666667 0.25666666666666665 0.016833333333333332 0.008333333333333333 0.3504999999999999 0.30133333333333334 
0.05199999999999999 0.05299999999999997 0.694166666666667 0.22883333333333325 0.7823333333333332 0.10550000000000002 0.8623333333333337 0.5151666666666667 1.0 0.8673333333333336 0.5895000000000001 0.5306666666666668 0.9135 0.5078333333333334 0.7471666666666665 0.7585 0.28733333333333333 0.1845 0.6185000000000002 0.03616666666666666 0.04249999999999999 0.024666666666666674 0.33183333333333337 0.22899999999999995 0.3128333333333333 0.3036666666666667 0.03016666666666666 0.029166666666666664 0.4983333333333334 0.3558333333333332 0.3864999999999999 0.30999999999999994 0.7408333333333335 0.42950000000000005 0.33666666666666667 0.33800000000000013 0.04049999999999999 0.03916666666666666 0.03066666666666667 0.02816666666666667 0.2335 0.04366666666666666 0.1388333333333333 0.10866666666666665 0.27266666666666667 0.11066666666666661 0.02483333333333333 0.037833333333333344 0.03916666666666667 0.0415 0.019833333333333335 0.07400000000000001 0.018333333333333337 0.020166666666666666 0.02433333333333334 0.024333333333333335 0.04850000000000001 0.09149999999999997 0.17366666666666666 0.2266666666666666 0.777 0.7394999999999999 0.9201666666666671 0.8818333333333332 0.3741666666666666 0.3556666666666667 0.5703333333333335 0.4181666666666668 0.13949999999999999 0.0295 0.38383333333333325 0.321 0.4798333333333332 0.5513333333333335 0.5439999999999999 0.4433333333333332 0.8393333333333334 0.32166666666666666 0.37650000000000006 0.42400000000000004 0.3221666666666667 0.31466666666666665 0.11633333333333333 0.04499999999999997 0.3439999999999999 0.09766666666666668 0.03066666666666666 0.029333333333333333 0.35783333333333334 0.2501666666666667 
0.04633333333333334 0.04866666666666666 0.6348333333333334 0.23266666666666658 0.8826666666666668 0.19200000000000003 0.7763333333333334 0.5211666666666666 0.8673333333333336 1.0 0.5868333333333333 0.5288333333333335 0.8171666666666667 0.5683333333333335 0.6439999999999999 0.665 0.37833333333333335 0.18216666666666664 0.5285000000000001 0.03316666666666666 0.12533333333333335 0.10366666666666667 0.25000000000000006 0.1388333333333333 0.22200000000000003 0.2106666666666667 0.08449999999999999 0.03433333333333332 0.5821666666666667 0.44716666666666655 0.29516666666666674 0.2273333333333332 0.6560000000000001 0.34600000000000003 0.2533333333333334 0.2538333333333333 0.13233333333333333 0.1298333333333333 0.12000000000000002 0.11750000000000002 0.32733333333333337 0.12899999999999998 0.14466666666666667 0.11000000000000001 0.27833333333333343 0.11266666666666665 0.021666666666666664 0.035833333333333335 0.028333333333333335 0.03333333333333333 0.015500000000000003 0.07433333333333332 0.025833333333333333 0.04949999999999997 0.10883333333333332 0.11249999999999996 0.04050000000000001 0.088 0.16883333333333334 0.23066666666666663 0.6944999999999999 0.6571666666666666 0.8256666666666668 0.7936666666666666 0.2935 0.27549999999999997 0.4861666666666667 0.33349999999999996 0.13466666666666666 0.11883333333333336 0.39900000000000013 0.3808333333333334 0.38933333333333336 0.45799999999999996 0.45383333333333353 0.3523333333333334 0.7398333333333332 0.2293333333333333 0.4625 0.5065000000000001 0.4136666666666666 0.40766666666666657 0.20866666666666664 0.13583333333333333 0.40116666666666684 0.19666666666666666 0.11433333333333334 0.11916666666666668 0.44049999999999995 0.3456666666666666 
0.41466666666666674 0.4381666666666667 0.4758333333333332 0.5448333333333332 0.579 0.08266666666666668 0.5984999999999999 0.6016666666666667 0.5895000000000001 0.5868333333333333 1.0 0.684 0.6471666666666668 0.45783333333333354 0.3941666666666665 0.49483333333333346 0.20833333333333337 0.34699999999999986 0.6158333333333332 0.26216666666666677 0.032 0.0395 0.10949999999999999 0.02083333333333334 0.06566666666666666 0.05216666666666667 0.06966666666666665 0.1891666666666667 0.2998333333333335 0.23933333333333334 0.09683333333333334 0.07533333333333336 0.5435 0.2645 0.17316666666666666 0.19116666666666673 0.0075 0.10700000000000003 0.010333333333333332 0.013499999999999996 0.10800000000000003 0.08183333333333334 0.4851666666666665 0.4811666666666666 0.5921666666666665 0.4685000000000001 0.27133333333333337 0.3973333333333334 0.36983333333333335 0.39599999999999996 0.28766666666666674 0.45866666666666656 0.18500000000000008 0.14533333333333334 0.02733333333333334 0.03649999999999999 0.38749999999999996 0.4679999999999999 0.4193333333333334 0.5416666666666665 0.6485000000000001 0.5305000000000001 0.6451666666666667 0.6218333333333336 0.1855 0.16650000000000006 0.39483333333333326 0.25449999999999995 0.5065000000000001 0.010333333333333332 0.16266666666666663 0.20966666666666658 0.49466666666666675 0.6016666666666669 0.576 0.4943333333333335 0.6133333333333335 0.34516666666666657 0.18866666666666668 0.23883333333333337 0.19999999999999996 0.2016666666666667 0.038833333333333345 0.02166666666666667 0.16233333333333338 0.11799999999999997 0.021166666666666663 0.011166666666666667 0.169 0.0876666666666667 
0.2751666666666667 0.26733333333333337 0.3835 0.32866666666666666 0.5209999999999999 0.12200000000000005 0.5085 0.46083333333333343 0.5306666666666668 0.5288333333333335 0.684 1.0 0.5443333333333333 0.5953333333333332 0.5673333333333332 0.5884999999999999 0.4518333333333333 0.5511666666666666 0.4098333333333332 0.3999999999999999 0.23249999999999996 0.23049999999999993 0.11183333333333331 0.10066666666666668 0.07799999999999999 0.07533333333333335 0.17299999999999993 0.24749999999999997 0.49516666666666664 0.4973333333333333 0.17116666666666666 0.10816666666666669 0.40449999999999997 0.12299999999999998 0.07133333333333333 0.07183333333333333 0.21199999999999997 0.07300000000000001 0.20883333333333332 0.20049999999999993 0.3685000000000001 0.11816666666666664 0.28733333333333333 0.27649999999999997 0.3503333333333332 0.27583333333333326 0.35316666666666663 0.2655 0.3073333333333333 0.2995 0.3156666666666667 0.28900000000000003 0.2858333333333333 0.22283333333333336 0.16583333333333333 0.12516666666666668 0.2873333333333333 0.27166666666666656 0.37799999999999995 0.324 0.4661666666666667 0.3956666666666665 0.5458333333333334 0.5231666666666667 0.08583333333333334 0.07966666666666668 0.2553333333333334 0.11750000000000003 0.268 0.18949999999999995 0.3311666666666667 0.4023333333333335 0.30833333333333335 0.4041666666666666 0.31549999999999995 0.24983333333333338 0.5054999999999998 0.18 0.4591666666666668 0.507 0.45933333333333315 0.44999999999999996 0.27916666666666673 0.2335 0.3043333333333333 0.10183333333333332 0.2201666666666667 0.20116666666666663 0.22150000000000006 0.17966666666666664 
0.07383333333333333 0.09983333333333334 0.7300000000000001 0.2823333333333333 0.7610000000000002 0.07549999999999998 0.909 0.5556666666666668 0.9135 0.8171666666666667 0.6471666666666668 0.5443333333333333 1.0 0.5433333333333333 0.686 0.7805000000000001 0.2655 0.16200000000000006 0.6186666666666666 0.019333333333333334 0.020999999999999998 0.011666666666666669 0.3413333333333334 0.22883333333333322 0.28766666666666657 0.26916666666666667 0.009666666666666667 0.010333333333333332 0.4508333333333335 0.3218333333333333 0.347 0.2981666666666666 0.7970000000000002 0.4863333333333334 0.39233333333333337 0.39616666666666667 0.01766666666666667 0.03866666666666667 0.009000000000000003 0.008333333333333337 0.20450000000000002 0.027833333333333335 0.18933333333333333 0.16433333333333333 0.3315000000000001 0.16750000000000004 0.009833333333333335 0.06600000000000002 0.03883333333333333 0.06299999999999999 0.006500000000000001 0.1286666666666667 0.004333333333333333 0.005833333333333333 0.005833333333333334 0.006 0.050333333333333334 0.1423333333333333 0.16216666666666668 0.2806666666666666 0.8303333333333331 0.7891666666666667 0.9603333333333339 0.9235 0.42200000000000015 0.40350000000000014 0.6301666666666667 0.47450000000000003 0.18133333333333332 0.007666666666666667 0.34666666666666673 0.309 0.5268333333333332 0.6005000000000001 0.6051666666666666 0.503 0.8860000000000001 0.3295 0.34766666666666673 0.39366666666666666 0.2921666666666667 0.2773333333333333 0.08900000000000002 0.022833333333333337 0.3433333333333334 0.125 0.010000000000000002 0.008500000000000002 0.3403333333333333 0.21533333333333327 
0.11599999999999999 0.14266666666666666 0.40466666666666656 0.18283333333333332 0.5618333333333334 0.16866666666666666 0.5076666666666666 0.4588333333333333 0.5078333333333334 0.5683333333333335 0.45783333333333354 0.5953333333333332 0.5433333333333333 1.0 0.6226666666666666 0.6680000000000001 0.5033333333333332 0.37850000000000006 0.3165 0.2558333333333334 0.31133333333333335 0.2916666666666667 0.2566666666666667 0.16483333333333333 0.21333333333333332 0.2091666666666666 0.15133333333333335 0.09766666666666668 0.5773333333333333 0.5298333333333332 0.34733333333333327 0.29583333333333334 0.4661666666666667 0.26149999999999984 0.24233333333333332 0.2414999999999999 0.31366666666666665 0.15916666666666665 0.30033333333333334 0.2848333333333333 0.4918333333333333 0.18699999999999994 0.19166666666666668 0.17049999999999993 0.21383333333333338 0.18233333333333332 0.13099999999999995 0.11783333333333332 0.09833333333333334 0.12116666666666663 0.08650000000000001 0.18283333333333332 0.13 0.1405 0.20350000000000004 0.1541666666666667 0.09549999999999997 0.14600000000000002 0.11300000000000006 0.17999999999999997 0.43283333333333346 0.4683333333333332 0.548 0.5286666666666666 0.2563333333333333 0.2553333333333333 0.3761666666666668 0.25833333333333325 0.13166666666666663 0.27883333333333327 0.5128333333333334 0.48249999999999993 0.2866666666666666 0.36816666666666664 0.27999999999999997 0.2188333333333333 0.47883333333333344 0.08016666666666666 0.5798333333333333 0.5571666666666666 0.5361666666666666 0.5289999999999998 0.39050000000000007 0.32300000000000006 0.5505000000000001 0.27083333333333337 0.3026666666666667 0.292 0.44999999999999984 0.3295 
0.024500000000000008 0.0175 0.5158333333333334 0.051 0.5614999999999999 0.11850000000000004 0.6460000000000001 0.29750000000000004 0.7471666666666665 0.6439999999999999 0.3941666666666665 0.5673333333333332 0.686 0.6226666666666666 1.0 0.8151666666666667 0.5164999999999998 0.4185000000000001 0.4629999999999999 0.2553333333333334 0.26733333333333337 0.2274999999999999 0.316 0.2606666666666667 0.3085 0.32349999999999995 0.09983333333333336 0.07799999999999999 0.7048333333333331 0.587166666666667 0.4721666666666667 0.3821666666666667 0.5219999999999999 0.25400000000000006 0.23816666666666664 0.23416666666666663 0.2635 0.033833333333333326 0.2508333333333334 0.23750000000000007 0.4618333333333333 0.09849999999999998 0.08183333333333334 0.05799999999999999 0.07899999999999999 0.04333333333333333 0.14433333333333334 0.035500000000000004 0.03733333333333334 0.03166666666666667 0.08599999999999998 0.03416666666666666 0.10649999999999997 0.08566666666666667 0.14766666666666667 0.09566666666666666 0.028000000000000008 0.019333333333333334 0.08366666666666671 0.05049999999999999 0.5573333333333332 0.5226666666666666 0.696 0.6548333333333335 0.26083333333333336 0.2608333333333333 0.3703333333333333 0.2503333333333334 0.0335 0.22933333333333333 0.589 0.5286666666666667 0.34849999999999987 0.42066666666666647 0.3486666666666667 0.25766666666666654 0.6433333333333331 0.20550000000000002 0.6055000000000001 0.6521666666666666 0.5528333333333334 0.5448333333333332 0.34516666666666673 0.2748333333333333 0.4991666666666667 0.0918333333333333 0.25266666666666665 0.24216666666666672 0.38049999999999984 0.26099999999999995 
0.08616666666666668 0.10983333333333332 0.5958333333333333 0.15749999999999997 0.6058333333333332 0.06333333333333332 0.7403333333333333 0.39116666666666666 0.7585 0.665 0.49483333333333346 0.5884999999999999 0.7805000000000001 0.6680000000000001 0.8151666666666667 1.0 0.4131666666666667 0.3348333333333334 0.5025 0.1616666666666667 0.1636666666666667 0.15183333333333335 0.3235 0.2455 0.2725 0.27183333333333337 0.03549999999999998 0.0255 0.5986666666666669 0.48033333333333345 0.41 0.35849999999999993 0.6285 0.33833333333333326 0.31499999999999995 0.3143333333333333 0.16066666666666665 0.04233333333333334 0.14983333333333332 0.14466666666666664 0.3559999999999999 0.06816666666666667 0.1411666666666667 0.12016666666666666 0.18366666666666664 0.13366666666666668 0.0675 0.06616666666666668 0.062166666666666676 0.08016666666666666 0.028000000000000008 0.12250000000000001 0.03316666666666667 0.025 0.062333333333333324 0.027833333333333335 0.06666666666666665 0.11133333333333334 0.07266666666666668 0.14650000000000002 0.6543333333333332 0.6191666666666666 0.7833333333333333 0.7551666666666665 0.3234999999999999 0.3208333333333333 0.4678333333333333 0.3348333333333333 0.09266666666666669 0.14033333333333337 0.49583333333333335 0.4628333333333333 0.3930000000000001 0.48083333333333333 0.4396666666666667 0.3758333333333333 0.7084999999999999 0.21600000000000003 0.5013333333333333 0.5441666666666669 0.44516666666666643 0.4483333333333334 0.24150000000000005 0.17200000000000004 0.4870000000000001 0.151 0.15216666666666667 0.14583333333333331 0.3604999999999999 0.20799999999999996 
0.035166666666666666 0.004833333333333333 0.19266666666666665 0.0016666666666666666 0.38316666666666666 0.3918333333333333 0.2316666666666667 0.10200000000000001 0.28733333333333333 0.37833333333333335 0.20833333333333337 0.4518333333333333 0.2655 0.5033333333333332 0.5164999999999998 0.4131666666666667 1.0 0.6236666666666667 0.20916666666666672 0.4810000000000001 0.7188333333333334 0.6411666666666668 0.05150000000000001 0.1368333333333333 0.06733333333333333 0.09166666666666666 0.44433333333333347 0.2881666666666667 0.7 0.8873333333333332 0.23066666666666666 0.14666666666666667 0.16433333333333333 0.011333333333333336 0.011333333333333336 0.010666666666666668 0.7249999999999999 0.3503333333333332 0.7133333333333333 0.6925 0.8081666666666668 0.5055 0.013166666666666669 0.01216666666666667 0.004833333333333333 0.0031666666666666666 0.29933333333333345 0.053166666666666675 0.10866666666666663 0.06750000000000003 0.2111666666666667 0.00666666666666667 0.36599999999999994 0.36633333333333323 0.5796666666666667 0.4956666666666667 0.075 0.0036666666666666666 0.16583333333333328 0.0013333333333333333 0.19033333333333333 0.15166666666666664 0.2688333333333333 0.24116666666666667 0.011333333333333338 0.012166666666666668 0.078 0.011500000000000002 0.008666666666666668 0.6786666666666668 0.5873333333333332 0.7106666666666668 0.139 0.18149999999999994 0.09449999999999997 0.04366666666666665 0.26716666666666666 0.10316666666666664 0.8156666666666667 0.8140000000000001 0.9025000000000004 0.8906666666666667 0.7765 0.7373333333333334 0.4670000000000001 0.27983333333333327 0.7083333333333331 0.7033333333333333 0.32366666666666655 0.3525000000000001 
0.285 0.2596666666666666 0.09100000000000001 0.24299999999999994 0.1495 0.229 0.12566666666666668 0.18233333333333335 0.1845 0.18216666666666664 0.34699999999999986 0.5511666666666666 0.16200000000000006 0.37850000000000006 0.4185000000000001 0.3348333333333334 0.6236666666666667 1.0 0.21050000000000002 0.7691666666666667 0.6065 0.5508333333333334 0.046000000000000006 0.13949999999999999 0.04866666666666667 0.08049999999999999 0.40733333333333355 0.3783333333333333 0.4780000000000001 0.6013333333333335 0.2083333333333334 0.15983333333333338 0.06649999999999999 0.003 0.003 0.0034999999999999996 0.5808333333333332 0.16133333333333333 0.578 0.5593333333333333 0.6316666666666666 0.34783333333333344 0.24199999999999997 0.24716666666666662 0.236 0.2401666666666666 0.5200000000000001 0.28600000000000003 0.3543333333333333 0.31999999999999995 0.4111666666666669 0.25016666666666665 0.5239999999999999 0.3688333333333334 0.4539999999999999 0.3436666666666667 0.3235 0.2528333333333333 0.3636666666666665 0.2365 0.12766666666666668 0.05616666666666668 0.16683333333333336 0.1325 0.0018333333333333333 0.002833333333333333 0.019500000000000003 0.0025 0.25316666666666665 0.537 0.5486666666666665 0.5483333333333333 0.2138333333333334 0.18783333333333332 0.128 0.1075 0.16633333333333336 0.15150000000000005 0.6069999999999999 0.589 0.6343333333333334 0.6473333333333332 0.6283333333333333 0.6035 0.37616666666666665 0.1875 0.5888333333333335 0.5658333333333334 0.18483333333333335 0.16116666666666668 
0.37449999999999994 0.3555 0.4078333333333333 0.3903333333333333 0.4494999999999999 0.06233333333333332 0.55 0.3586666666666666 0.6185000000000002 0.5285000000000001 0.6158333333333332 0.4098333333333332 0.6186666666666666 0.3165 0.4629999999999999 0.5025 0.20916666666666672 0.21050000000000002 1.0 0.19166666666666665 0.046166666666666654 0.058999999999999976 0.17233333333333334 0.16483333333333341 0.1761666666666666 0.17449999999999996 0.030666666666666665 0.10883333333333332 0.3641666666666667 0.20933333333333334 0.1928333333333333 0.17383333333333337 0.5373333333333332 0.31683333333333336 0.2403333333333334 0.2641666666666667 0.03383333333333333 0.15216666666666662 0.032166666666666656 0.03149999999999999 0.11233333333333334 0.08300000000000005 0.3153333333333332 0.34299999999999997 0.4333333333333334 0.30983333333333335 0.22783333333333336 0.366 0.29050000000000004 0.3035000000000001 0.21716666666666673 0.3163333333333334 0.07433333333333332 0.0598333333333333 0.030499999999999992 0.040666666666666657 0.33899999999999997 0.37883333333333336 0.3626666666666668 0.40983333333333344 0.6075 0.5138333333333333 0.618 0.5668333333333333 0.22583333333333333 0.2076666666666667 0.42766666666666675 0.30816666666666664 0.4526666666666666 0.029666666666666664 0.26049999999999995 0.27283333333333337 0.7659999999999998 0.8583333333333334 0.7991666666666666 0.7156666666666667 0.6976666666666668 0.6399999999999999 0.2151666666666667 0.22500000000000003 0.1956666666666667 0.19733333333333333 0.07249999999999998 0.047499999999999994 0.1461666666666666 0.030166666666666665 0.033 0.030500000000000003 0.11483333333333336 0.08116666666666666 
0.37949999999999995 0.3508333333333333 0.0006666666666666666 0.3321666666666666 0.011833333333333333 0.2786666666666666 0.0006666666666666666 0.149 0.03616666666666666 0.03316666666666666 0.26216666666666677 0.3999999999999999 0.019333333333333334 0.2558333333333334 0.2553333333333334 0.1616666666666667 0.4810000000000001 0.7691666666666667 0.19166666666666665 1.0 0.6685000000000001 0.6201666666666665 0.03316666666666666 0.12999999999999998 0.062 0.10166666666666668 0.4968333333333333 0.4668333333333332 0.32966666666666666 0.4575 0.19049999999999997 0.1726666666666667 0.0006666666666666666 0.003 0.0016666666666666666 0.008166666666666668 0.6506666666666666 0.24499999999999994 0.6649999999999998 0.6768333333333332 0.5638333333333335 0.45099999999999996 0.33349999999999996 0.3411666666666666 0.3096666666666666 0.3243333333333333 0.6876666666666666 0.39849999999999985 0.44933333333333336 0.4088333333333335 0.5453333333333333 0.3481666666666666 0.6383333333333335 0.44850000000000007 0.5663333333333335 0.4503333333333333 0.4228333333333332 0.3471666666666667 0.46 0.30816666666666664 0.055999999999999994 0.0006666666666666666 0.020833333333333343 0.0018333333333333333 0.001 0.002 0.0013333333333333333 0.0008333333333333333 0.3548333333333333 0.6548333333333335 0.44249999999999995 0.43583333333333313 0.243 0.18149999999999994 0.1525 0.1543333333333333 0.0255 0.2786666666666666 0.4844999999999999 0.46649999999999997 0.49333333333333323 0.46399999999999986 0.6248333333333334 0.6623333333333333 0.3068333333333333 0.22766666666666666 0.6696666666666666 0.6681666666666666 0.15866666666666662 0.1328333333333333 
0.06849999999999999 0.04583333333333333 0.017333333333333333 0.04033333333333333 0.146 0.5524999999999999 0.006666666666666666 0.02116666666666667 0.04249999999999999 0.12533333333333335 0.032 0.23249999999999996 0.020999999999999998 0.31133333333333335 0.26733333333333337 0.1636666666666667 0.7188333333333334 0.6065 0.046166666666666654 0.6685000000000001 1.0 0.8986666666666665 0.04483333333333332 0.14550000000000002 0.07633333333333332 0.11716666666666674 0.6941666666666667 0.42 0.4481666666666666 0.6558333333333333 0.21133333333333337 0.18599999999999997 0.003833333333333333 0.0 0.0016666666666666666 0.0011666666666666668 0.9560000000000002 0.4811666666666666 0.963166666666667 0.9416666666666668 0.7755 0.6933333333333332 0.02683333333333333 0.032 0.025500000000000002 0.026166666666666668 0.38550000000000006 0.086 0.15049999999999997 0.10916666666666665 0.287 0.04716666666666666 0.5946666666666666 0.5291666666666669 0.8221666666666667 0.7069999999999999 0.11333333333333334 0.04266666666666666 0.20366666666666655 0.027166666666666676 0.004333333333333333 0.002833333333333333 0.02550000000000001 0.012833333333333334 0.0013333333333333333 0.0026666666666666666 0.0006666666666666666 0.0003333333333333333 0.04633333333333331 0.9166666666666667 0.5433333333333333 0.5933333333333333 0.09733333333333334 0.04633333333333334 0.007000000000000001 0.0058333333333333345 0.021666666666666678 0.10049999999999998 0.6238333333333332 0.5951666666666668 0.6923333333333332 0.6806666666666666 0.8998333333333335 0.965166666666667 0.4078333333333333 0.4643333333333334 0.970166666666667 0.9516666666666669 0.2703333333333335 0.2841666666666666 
0.10749999999999998 0.08116666666666665 0.051166666666666666 0.08066666666666665 0.12699999999999997 0.5635000000000001 0.007833333333333333 0.0415 0.024666666666666674 0.10366666666666667 0.0395 0.23049999999999993 0.011666666666666669 0.2916666666666667 0.2274999999999999 0.15183333333333335 0.6411666666666668 0.5508333333333334 0.058999999999999976 0.6201666666666665 0.8986666666666665 1.0 0.09316666666666666 0.17366666666666666 0.1173333333333334 0.15366666666666665 0.6996666666666667 0.44083333333333335 0.423 0.5774999999999999 0.24733333333333335 0.2299999999999999 0.012500000000000002 0.04166666666666667 0.05316666666666667 0.050499999999999996 0.878 0.5023333333333333 0.885 0.869833333333333 0.6908333333333335 0.6363333333333333 0.04183333333333333 0.050166666666666665 0.04699999999999999 0.04633333333333332 0.34966666666666674 0.12633333333333335 0.14516666666666667 0.11599999999999999 0.2738333333333334 0.0695 0.5571666666666668 0.5146666666666667 0.7581666666666667 0.6526666666666666 0.14516666666666667 0.07949999999999999 0.2353333333333333 0.0885 0.009333333333333334 0.011666666666666667 0.014666666666666668 0.008166666666666666 0.048666666666666664 0.049499999999999995 0.042333333333333334 0.04949999999999998 0.08716666666666667 0.8491666666666664 0.511 0.5731666666666666 0.1075 0.05983333333333332 0.036 0.03933333333333333 0.036666666666666674 0.1205 0.5478333333333334 0.5161666666666664 0.611 0.6033333333333333 0.814 0.8826666666666667 0.37349999999999994 0.4853333333333332 0.8940000000000002 0.8765 0.2738333333333333 0.2960000000000001 
0.05266666666666666 0.08100000000000002 0.5535000000000003 0.23416666666666663 0.25916666666666655 0.3533333333333333 0.40966666666666657 0.4316666666666667 0.33183333333333337 0.25000000000000006 0.10949999999999999 0.11183333333333331 0.3413333333333334 0.2566666666666667 0.316 0.3235 0.05150000000000001 0.046000000000000006 0.17233333333333334 0.03316666666666666 0.04483333333333332 0.09316666666666666 1.0 0.8455000000000001 0.9231666666666666 0.8793333333333336 0.25783333333333325 0.2773333333333333 0.15 0.06516666666666666 0.7558333333333332 0.8071666666666666 0.5058333333333332 0.7250000000000001 0.8411666666666667 0.8071666666666666 0.047 0.051833333333333335 0.04616666666666667 0.04783333333333333 0.09733333333333329 0.012500000000000002 0.17033333333333334 0.12833333333333335 0.21066666666666667 0.17116666666666666 0.04300000000000001 0.06150000000000001 0.054166666666666655 0.07450000000000001 0.07533333333333336 0.11733333333333335 0.049666666666666665 0.069 0.041166666666666664 0.04666666666666667 0.050666666666666665 0.09416666666666665 0.24116666666666667 0.2736666666666666 0.4081666666666669 0.5306666666666667 0.32483333333333336 0.37966666666666654 0.86 0.877 0.6459999999999999 0.7663333333333331 0.07266666666666666 0.05199999999999999 0.24283333333333332 0.11166666666666668 0.18883333333333335 0.18416666666666667 0.22966666666666669 0.2623333333333333 0.2903333333333332 0.2021666666666667 0.15883333333333335 0.1296666666666667 0.06900000000000002 0.06433333333333333 0.04483333333333334 0.036166666666666666 0.47566666666666646 0.49250000000000005 0.04716666666666667 0.0495 0.6183333333333334 0.6191666666666665 
0.07616666666666666 0.0745 0.43216666666666675 0.17099999999999999 0.14 0.39049999999999996 0.29000000000000004 0.35066666666666685 0.22899999999999995 0.1388333333333333 0.02083333333333334 0.10066666666666668 0.22883333333333322 0.16483333333333333 0.2606666666666667 0.2455 0.1368333333333333 0.13949999999999999 0.16483333333333341 0.12999999999999998 0.14550000000000002 0.17366666666666666 0.8455000000000001 1.0 0.8680000000000001 0.8443333333333335 0.35716666666666674 0.37316666666666665 0.127 0.1378333333333333 0.6746666666666669 0.7333333333333333 0.3993333333333334 0.6608333333333333 0.7848333333333332 0.7499999999999997 0.14816666666666664 0.075 0.14766666666666667 0.14933333333333335 0.17916666666666664 0.10883333333333332 0.08066666666666665 0.06549999999999999 0.13666666666666666 0.11083333333333333 0.1413333333333333 0.0635 0.15616666666666668 0.13949999999999999 0.1745 0.07283333333333335 0.15049999999999997 0.16633333333333333 0.14166666666666664 0.14616666666666667 0.11816666666666667 0.0785 0.33399999999999996 0.2183333333333333 0.2931666666666668 0.41600000000000004 0.2155 0.2615 0.7793333333333333 0.7963333333333334 0.5581666666666668 0.7053333333333335 0.060166666666666646 0.153 0.17733333333333332 0.12033333333333332 0.1706666666666667 0.17200000000000007 0.19883333333333333 0.24949999999999994 0.24066666666666672 0.23349999999999993 0.2375 0.20766666666666658 0.14816666666666667 0.14083333333333334 0.141 0.13749999999999996 0.4263333333333334 0.434 0.14849999999999997 0.1508333333333333 0.5041666666666668 0.6441666666666667 
